0.0146263 9.9964E-005 0.00212838 9.9964E-005 0.894959 0.0098957 9.9964E-005 0.0444743 0.0162442 0.0172721 9.9964E-005
0.0163575 9.9964E-005 9.9964E-005 9.9964E-005 0.886593 0.0201727 0.00323466 0.0384752 0.0106508 0.0241168 9.9964E-005
0.013017 0.00201868 9.9955E-005 9.9955E-005 9.9955E-005 9.9955E-005 9.9955E-005 0.907961 0.0222669 0.0497303 0.0045062
0.019676 0.000490676 9.9955E-005 9.9955E-005 0.00580763 9.9955E-005 9.9955E-005 0.898365 0.0186904 0.0564707 9.9955E-005
0.0234333 9.9937E-005 9.9937E-005 9.9937E-005 9.9937E-005 9.9937E-005 9.9937E-005 0.934292 9.9937E-005 0.0365977 0.00497707
0.00438205 9.9919E-005 9.9919E-005 9.9919E-005 9.9919E-005 9.9919E-005 9.9919E-005 0.994719 9.9919E-005 9.9919E-005 9.9919E-005
9.99101E-005 9.99101E-005 9.99101E-005 9.99101E-005 9.99101E-005 9.99101E-005 9.99101E-005 0.999001 9.99101E-005 9.99101E-005 9.99101E-005
9.99101E-005 9.99101E-005 9.99101E-005 9.99101E-005 9.99101E-005 9.99101E-005 9.99101E-005 0.999001 9.99101E-005 9.99101E-005 9.99101E-005
0.000691302 0.00491411 9.9946E-005 0.0137552 9.9946E-005 0.000948641 9.9946E-005 9.9946E-005 9.9946E-005 9.9946E-005 0.979091
0.986311 0.00351948 9.9946E-005 0.00250966 0.00508543 9.9946E-005 9.9946E-005 9.9946E-005 9.9946E-005 9.9946E-005 0.00197481
0.9928 0.00225086 9.9928E-005 9.9928E-005 9.9928E-005 9.9928E-005 0.00414969 9.9928E-005 9.9928E-005 9.9928E-005 9.9928E-005
9.9919E-005 0.000674235 9.9919E-005 0.998426 9.9919E-005 9.9919E-005 9.9919E-005 9.9919E-005 9.9919E-005 9.9919E-005 9.9919E-005
0.990928 0.00419634 9.9928E-005 9.9928E-005 9.9928E-005 9.9928E-005 0.00407629 9.9928E-005 9.9928E-005 9.9928E-005 9.9928E-005
0.991299 0.00191848 9.9937E-005 9.9937E-005 0.00168906 9.9937E-005 0.0043943 9.9937E-005 9.9937E-005 9.9937E-005 9.9937E-005
0.996701 9.9937E-005 9.9937E-005 0.000992793 9.9937E-005 9.9937E-005 0.00111881 9.9937E-005 9.9937E-005 9.9937E-005 0.000487513
0.988575 0.000662364 9.9937E-005 9.9937E-005 0.00529652 9.9937E-005 0.00476667 9.9937E-005 9.9937E-005 9.9937E-005 9.9937E-005
9.99101E-005 9.99101E-005 9.99101E-005 0.999001 9.99101E-005 9.99101E-005 9.99101E-005 9.99101E-005 9.99101E-005 9.99101E-005 9.99101E-005
0.0106051 9.9937E-005 9.9937E-005 9.9937E-005 0.00285253 9.9937E-005 9.9937E-005 0.0143166 9.9937E-005 0.971526 9.9937E-005
9.99101E-005 9.99101E-005 9.99101E-005 9.99101E-005 0.999001 9.99101E-005 9.99101E-005 9.99101E-005 9.99101E-005 9.99101E-005 9.99101E-005
0.00349991 0.000906292 0.00187995 9.9937E-005 0.993014 9.9937E-005 9.9937E-005 9.9937E-005 9.9937E-005 9.9937E-005 9.9937E-005
9.99101E-005 9.99101E-005 9.99101E-005 9.99101E-005 0.999001 9.99101E-005 9.99101E-005 9.99101E-005 9.99101E-005 9.99101E-005 9.99101E-005
9.99101E-005 9.99101E-005 9.99101E-005 9.99101E-005 0.999001 9.99101E-005 9.99101E-005 9.99101E-005 9.99101E-005 9.99101E-005 9.99101E-005
9.9937E-005 0.00147225 0.00112062 9.9937E-005 0.99544 0.00126764 9.9937E-005 9.9937E-005 9.9937E-005 9.9937E-005 9.9937E-005
9.99101E-005 9.99101E-005 9.99101E-005 9.99101E-005 0.999001 9.99101E-005 9.99101E-005 9.99101E-005 9.99101E-005 9.99101E-005 9.99101E-005
9.99101E-005 9.99101E-005 9.99101E-005 9.99101E-005 0.999001 9.99101E-005 9.99101E-005 9.99101E-005 9.99101E-005 9.99101E-005 9.99101E-005
9.99101E-005 9.99101E-005 9.99101E-005 9.99101E-005 0.999001 9.99101E-005 9.99101E-005 9.99101E-005 9.99101E-005 9.99101E-005 9.99101E-005
9.9919E-005 9.9919E-005 9.9919E-005 9.9919E-005 0.995633 9.9919E-005 9.9919E-005 9.9919E-005 9.9919E-005 0.00346727 9.9919E-005
9.9928E-005 0.0018767 9.9928E-005 9.9928E-005 0.995816 9.9928E-005 9.9928E-005 9.9928E-005 9.9928E-005 9.9928E-005 0.00150766
0.00429646 9.9955E-005 9.9955E-005 9.9955E-005 0.0194933 0.889755 0.00164624 0.00197043 0.0823389 9.9955E-005 9.9955E-005
0.00210688 9.9955E-005 9.9955E-005 9.9955E-005 0.00191423 0.898098 9.9955E-005 0.00591906 0.087643 0.00381875 9.9955E-005
9.99101E-005 9.99101E-005 9.99101E-005 9.99101E-005 9.99101E-005 0.999001 9.99101E-005 9.99101E-005 9.99101E-005 9.99101E-005 9.99101E-005
9.99101E-005 9.99101E-005 9.99101E-005 9.99101E-005 9.99101E-005 0.999001 9.99101E-005 9.99101E-005 9.99101E-005 9.99101E-005 9.99101E-005
9.99101E-005 9.99101E-005 9.99101E-005 9.99101E-005 9.99101E-005 0.999001 9.99101E-005 9.99101E-005 9.99101E-005 9.99101E-005 9.99101E-005
9.99101E-005 9.99101E-005 9.99101E-005 9.99101E-005 9.99101E-005 9.99101E-005 9.99101E-005 9.99101E-005 9.99101E-005 0.999001 9.99101E-005
9.99101E-005 9.99101E-005 9.99101E-005 9.99101E-005 9.99101E-005 9.99101E-005 9.99101E-005 9.99101E-005 9.99101E-005 0.999001 9.99101E-005
9.99101E-005 9.99101E-005 9.99101E-005 9.99101E-005 9.99101E-005 9.99101E-005 9.99101E-005 9.99101E-005 9.99101E-005 0.999001 9.99101E-005
9.99101E-005 9.99101E-005 9.99101E-005 9.99101E-005 9.99101E-005 9.99101E-005 9.99101E-005 9.99101E-005 9.99101E-005 0.999001 9.99101E-005
9.9928E-005 9.9928E-005 9.9928E-005 0.0101347 9.9928E-005 0.00148182 0.987584 9.9928E-005 9.9928E-005 9.9928E-005 9.9928E-005
0.0109858 0.000173674 9.9946E-005 9.9946E-005 0.00113249 0.983711 9.9946E-005 9.9946E-005 9.9946E-005 0.00339759 9.9946E-005
9.9928E-005 0.0017722 9.9928E-005 9.9928E-005 9.9928E-005 0.991476 9.9928E-005 9.9928E-005 9.9928E-005 0.00595285 9.9928E-005
0.00450229 9.9937E-005 9.9937E-005 9.9937E-005 9.9937E-005 0.99129 9.9937E-005 0.00330223 9.9937E-005 9.9937E-005 0.000206098
9.9937E-005 0.00439556 0.000850067 9.9937E-005 9.9937E-005 0.991936 0.00211867 9.9937E-005 9.9937E-005 9.9937E-005 9.9937E-005
0.00176565 0.00446549 9.9946E-005 0.00553099 0.00283049 9.9946E-005 9.9946E-005 9.9946E-005 9.9946E-005 9.9946E-005 0.984808
9.9946E-005 9.9946E-005 0.0524811 9.9946E-005 0.00327556 0.00529028 0.0133439 9.9946E-005 9.9946E-005 9.9946E-005 0.925009
9.993E-005 0.00332233 9.993E-005 0.00351514 0.00227254 9.993E-005 9.993E-005 9.993E-005 9.993E-005 9.993E-005 0.99019
0.00312157 9.9946E-005 0.00998392 9.9946E-005 9.9946E-005 9.9946E-005 0.00246529 0.00694307 9.9946E-005 9.9946E-005 0.976886
9.9955E-005 0.00278069 0.00564436 9.9955E-005 9.9955E-005 9.9955E-005 0.000215737 0.00304864 0.00425397 9.9955E-005 0.983557
9.9928E-005 9.9928E-005 0.0122285 9.9928E-005 9.9928E-005 9.9928E-005 9.9928E-005 0.00445846 9.9928E-005 9.9928E-005 0.982514
9.9937E-005 0.00406479 9.9937E-005 0.00301996 9.9937E-005 9.9937E-005 0.00126689 9.9937E-005 9.9937E-005 9.9937E-005 0.990949
0.000315861 9.9955E-005 0.0155181 9.9955E-005 9.9955E-005 9.9955E-005 0.0123869 9.9955E-005 0.00065505 0.000240222 0.970384
0.988139 0.00259084 9.99281E-005 9.99281E-005 9.99281E-005 9.99281E-005 9.99281E-005 0.0084704 9.99281E-005 9.99281E-005 9.99281E-005
0.952263 9.9964E-005 9.9964E-005 9.9964E-005 0.00939575 0.00220176 9.9964E-005 0.0200566 0.0071307 0.00687973 0.00167248
0.951217 9.9964E-005 9.9964E-005 0.00167941 0.00431464 0.000410652 9.9964E-005 0.0261309 0.00351726 0.0123306 9.9964E-005
0.99287 9.9937E-005 9.9937E-005 9.9937E-005 9.9937E-005 9.9937E-005 9.9937E-005 0.00235895 0.00069868 0.00337251 9.9937E-005
0.989881 0.00380444 9.9946E-005 9.9946E-005 0.00103006 9.9946E-005 0.000680605 9.9946E-005 9.9946E-005 9.9946E-005 0.00400381
0.999001 9.99101E-005 9.99101E-005 9.99101E-005 9.99101E-005 9.99101E-005 9.99101E-005 9.99101E-005 9.99101E-005 9.99101E-005 9.99101E-005
9.99101E-005 0.999001 9.99101E-005 9.99101E-005 9.99101E-005 9.99101E-005 9.99101E-005 9.99101E-005 9.99101E-005 9.99101E-005 9.99101E-005
9.99101E-005 9.99101E-005 9.99101E-005 9.99101E-005 9.99101E-005 9.99101E-005 9.99101E-005 9.99101E-005 9.99101E-005 9.99101E-005 0.999001
9.9937E-005 0.990501 0.00277028 9.9937E-005 0.00217826 9.9937E-005 9.9937E-005 9.9937E-005 9.9937E-005 0.00385097 9.9937E-005
9.99191E-005 9.99191E-005 9.99191E-005 9.99191E-005 9.99191E-005 9.99191E-005 9.99191E-005 0.000441899 9.99191E-005 9.99191E-005 0.998659
9.99101E-005 9.99101E-005 9.99101E-005 9.99101E-005 9.99101E-005 9.99101E-005 9.99101E-005 9.99101E-005 9.99101E-005 9.99101E-005 0.999001
0.0145572 0.000688279 9.9973E-005 9.9973E-005 0.0115925 0.00323254 9.9973E-005 0.92022 0.0168408 0.0309201 0.00164823
9.9919E-005 9.9919E-005 9.9919E-005 9.9919E-005 9.9919E-005 0.00234877 9.9919E-005 0.996752 9.9919E-005 9.9919E-005 9.9919E-005
9.9919E-005 9.9919E-005 9.9919E-005 9.9919E-005 9.9919E-005 9.9919E-005 9.9919E-005 0.996524 9.9919E-005 0.00257722 9.9919E-005
0.0369005 0.00201479 9.9973E-005 9.9973E-005 0.00197834 0.00257729 9.9973E-005 0.927189 0.00159585 0.0249846 0.00245996
0.0278144 0.00200223 0.000458725 9.9982E-005 0.0014859 0.00324607 0.00266119 0.940582 9.9982E-005 0.0207082 0.000841326
0.0051539 9.9937E-005 9.9937E-005 9.9937E-005 0.00790148 9.9937E-005 9.9937E-005 0.982341 9.9937E-005 0.00390389 9.9937E-005
9.9919E-005 9.9919E-005 9.9919E-005 9.9919E-005 9.9919E-005 9.9919E-005 0.00592987 9.9919E-005 9.9919E-005 9.9919E-005 0.993171
9.9946E-005 0.00409649 0.0407948 0.0197386 0.00345075 9.9946E-005 9.9946E-005 9.9946E-005 9.9946E-005 9.9946E-005 0.93132
9.99101E-005 9.99101E-005 9.99101E-005 9.99101E-005 9.99101E-005 9.99101E-005 9.99101E-005 9.99101E-005 9.99101E-005 9.99101E-005 0.999001
9.9937E-005 0.00145171 9.9937E-005 0.00376972 0.000589953 9.9937E-005 9.9937E-005 9.9937E-005 9.9937E-005 9.9937E-005 0.993489
9.9937E-005 0.00140383 9.9937E-005 0.00487183 0.000470073 9.9937E-005 9.9937E-005 9.9937E-005 9.9937E-005 9.9937E-005 0.992555
9.99191E-005 9.99191E-005 9.99191E-005 0.00362045 9.99191E-005 9.99191E-005 9.99191E-005 9.99191E-005 9.99191E-005 9.99191E-005 0.99548
9.99281E-005 9.99281E-005 0.0573339 9.99281E-005 9.99281E-005 9.99281E-005 0.00881743 9.99281E-005 9.99281E-005 9.99281E-005 0.933049
9.9955E-005 9.9955E-005 0.0806545 9.9955E-005 0.00142193 9.9955E-005 0.0143224 9.9955E-005 0.00110484 0.0028564 0.89914
9.9964E-005 0.000870163 0.0676826 0.00168713 0.00189356 0.00267324 0.00987371 9.9964E-005 9.9964E-005 9.9964E-005 0.91492
9.9937E-005 9.9937E-005 9.9937E-005 9.9937E-005 0.00698838 9.9937E-005 9.9937E-005 0.00227565 0.00132004 9.9937E-005 0.988716
9.9937E-005 9.9937E-005 0.0718677 9.9937E-005 0.00121974 9.9937E-005 0.0212088 9.9937E-005 9.9937E-005 9.9937E-005 0.905004
0.000912157 9.99371E-005 0.0969198 9.99371E-005 9.99371E-005 9.99371E-005 0.0117346 9.99371E-005 9.99371E-005 9.99371E-005 0.889734
9.9946E-005 0.00943254 0.038158 0.027784 9.9946E-005 0.00135141 9.9946E-005 9.9946E-005 9.9946E-005 9.9946E-005 0.922674
0.00198572 0.000333114 0.0659987 0.00956521 9.9946E-005 9.9946E-005 9.9946E-005 9.9946E-005 9.9946E-005 9.9946E-005 0.921518
0.0326564 9.99795E-005 9.99795E-005 9.99795E-005 0.0135235 0.00332037 0.000986115 0.883029 0.00665707 0.0581873 0.00134021
0.0143076 9.9964E-005 9.9964E-005 0.000111505 0.00852244 0.0034144 9.9964E-005 0.0455607 0.0113053 0.916378 9.9964E-005
0.00193203 9.9925E-005 9.9925E-005 9.9925E-005 9.9925E-005 9.9925E-005 9.9925E-005 9.9925E-005 9.9925E-005 0.997169 9.9925E-005
9.9937E-005 9.9937E-005 0.00995008 9.9937E-005 9.9937E-005 0.00304521 0.980569 9.9937E-005 9.9937E-005 9.9937E-005 0.00573593
9.99191E-005 9.99191E-005 9.99191E-005 0.00623638 9.99191E-005 9.99191E-005 0.992864 9.99191E-005 9.99191E-005 9.99191E-005 9.99191E-005
0.0211743 9.9946E-005 0.00195608 9.9946E-005 0.00103876 0.00309057 9.9946E-005 9.9946E-005 9.9946E-005 0.972141 9.9946E-005
0.133511 0.00491446 9.9991E-005 0.00353373 0.0447437 0.0251602 0.000701068 0.305215 0.019086 0.458587 0.00444728
0.123955 0.0666009 0.00424891 0.0257348 0.0362528 0.0490624 0.0178494 0.238843 0.0198247 0.351865 0.0657626
9.99101E-005 9.99101E-005 9.99101E-005 9.99101E-005 9.99101E-005 9.99101E-005 9.99101E-005 9.99101E-005 0.999001 9.99101E-005 9.99101E-005
9.9928E-005 9.9928E-005 9.9928E-005 9.9928E-005 9.9928E-005 0.00774882 9.9928E-005 9.9928E-005 0.989464 0.00198804 9.9928E-005
9.99191E-005 9.99191E-005 9.99191E-005 0.00771531 9.99191E-005 9.99191E-005 0.991385 9.99191E-005 9.99191E-005 9.99191E-005 9.99191E-005
9.99191E-005 9.99191E-005 9.99191E-005 9.99191E-005 0.00166862 9.99191E-005 0.997432 9.99191E-005 9.99191E-005 9.99191E-005 9.99191E-005
9.99101E-005 9.99101E-005 9.99101E-005 9.99101E-005 9.99101E-005 9.99101E-005 9.99101E-005 9.99101E-005 0.999001 9.99101E-005 9.99101E-005
0.133452 0.00137588 9.99726E-005 9.99726E-005 0.0450576 0.0286857 9.99726E-005 0.329276 0.0195408 0.442212 9.99726E-005
9.99101E-005 9.99101E-005 9.99101E-005 9.99101E-005 9.99101E-005 9.99101E-005 0.999001 9.99101E-005 9.99101E-005 9.99101E-005 9.99101E-005
9.99101E-005 9.99101E-005 9.99101E-005 9.99101E-005 9.99101E-005 9.99101E-005 9.99101E-005 9.99101E-005 0.999001 9.99101E-005 9.99101E-005
0.0407554 0.00275491 0.00794217 9.9964E-005 0.00228657 0.0197941 9.9964E-005 0.00739963 9.9964E-005 0.918667 9.9964E-005
0.0155357 9.9928E-005 9.9928E-005 9.9928E-005 9.9928E-005 9.9928E-005 9.9928E-005 0.0113023 9.9928E-005 0.972363 9.9928E-005
0.143559 0.0357894 0.016047 0.018584 0.0408848 0.0246808 0.00217444 0.233522 0.0136876 0.446158 0.0249132
0.112763 0.00609686 9.9982E-005 0.0115176 0.26956 0.130473 9.9982E-005 0.132685 0.203689 0.130247 0.002769
0.00501921 9.99438E-005 9.99438E-005 9.99438E-005 9.99438E-005 0.0096059 9.99438E-005 0.0225829 9.99438E-005 0.962092 9.99438E-005
0.0315757 9.9937E-005 9.9937E-005 9.9937E-005 9.9937E-005 9.9937E-005 9.9937E-005 0.0138373 0.0156429 0.938244 9.9937E-005
0.0171622 0.00141853 9.9955E-005 9.9955E-005 0.00295246 9.9955E-005 0.00269127 9.9955E-005 0.00487209 0.970404 9.9955E-005
9.9946E-005 0.007003 9.9946E-005 0.0379897 0.00289453 9.9946E-005 0.944418 9.9946E-005 0.00709551 9.9946E-005 9.9946E-005
0.00194477 9.9937E-005 9.9937E-005 9.9937E-005 9.9937E-005 0.0129682 9.9937E-005 0.0187593 9.9937E-005 0.965628 9.9937E-005
9.9937E-005 0.00074406 0.00778801 9.9937E-005 0.0011288 9.9937E-005 0.98964 9.9937E-005 9.9937E-005 9.9937E-005 9.9937E-005
9.99101E-005 9.99101E-005 9.99101E-005 9.99101E-005 9.99101E-005 9.99101E-005 9.99101E-005 9.99101E-005 9.99101E-005 0.999001 9.99101E-005
9.9928E-005 9.9928E-005 0.0065406 9.9928E-005 9.9928E-005 9.9928E-005 0.991305 9.9928E-005 9.9928E-005 9.9928E-005 0.00135511
9.9937E-005 9.9937E-005 9.9937E-005 9.9937E-005 9.9937E-005 0.990689 0.00164801 9.9937E-005 9.9937E-005 0.00515469 0.00180883
9.99101E-005 9.99101E-005 9.99101E-005 9.99101E-005 9.99101E-005 9.99101E-005 9.99101E-005 9.99101E-005 9.99101E-005 0.999001 9.99101E-005
0.00565547 0.000615474 9.9973E-005 0.000572888 0.0347962 0.854167 9.9973E-005 0.0131107 0.0903285 0.000453334 9.9973E-005
9.99101E-005 9.99101E-005 9.99101E-005 9.99101E-005 9.99101E-005 9.99101E-005 9.99101E-005 9.99101E-005 9.99101E-005 0.999001 9.99101E-005
9.9928E-005 9.9928E-005 9.9928E-005 9.9928E-005 0.00551968 9.9928E-005 9.9928E-005 9.9928E-005 0.00110029 0.992581 9.9928E-005
9.99101E-005 9.99101E-005 9.99101E-005 9.99101E-005 9.99101E-005 9.99101E-005 9.99101E-005 9.99101E-005 9.99101E-005 0.999001 9.99101E-005
9.99101E-005 9.99101E-005 9.99101E-005 9.99101E-005 9.99101E-005 9.99101E-005 9.99101E-005 9.99101E-005 9.99101E-005 0.999001 9.99101E-005
0.00114618 9.99191E-005 9.99191E-005 9.99191E-005 9.99191E-005 9.99191E-005 0.997955 9.99191E-005 9.99191E-005 9.99191E-005 9.99191E-005
0.0211601 9.9928E-005 9.9928E-005 9.9928E-005 0.0145102 9.9928E-005 9.9928E-005 0.96353 9.9928E-005 9.9928E-005 9.9928E-005
0.01938 9.9928E-005 9.9928E-005 9.9928E-005 0.0112912 9.9928E-005 9.9928E-005 0.968529 9.9928E-005 9.9928E-005 9.9928E-005
0.0198852 0.00180145 9.9973E-005 9.9973E-005 0.00517815 0.00226539 0.00224781 0.923962 0.0098127 0.0345476 9.9973E-005
0.995222 9.99191E-005 9.99191E-005 0.00387865 9.99191E-005 9.99191E-005 9.99191E-005 9.99191E-005 9.99191E-005 9.99191E-005 9.99191E-005
0.00537989 0.00668662 0.0140142 0.00104893 9.996E-005 9.996E-005 0.964469 0.00485788 0.00314335 9.996E-005 9.996E-005
0.968236 9.9937E-005 9.9937E-005 9.9937E-005 9.9937E-005 9.9937E-005 9.9937E-005 0.0133223 0.0026308 0.0151112 9.9937E-005
0.997767 9.9928E-005 9.9928E-005 9.9928E-005 9.9928E-005 0.00104255 9.9928E-005 9.9928E-005 0.000390717 9.9928E-005 9.9928E-005
0.971221 0.000902762 9.9955E-005 9.9955E-005 0.00141039 9.9955E-005 9.9955E-005 0.00268481 0.00876451 0.0145166 9.9955E-005
0.999001 9.99101E-005 9.99101E-005 9.99101E-005 9.99101E-005 9.99101E-005 9.99101E-005 9.99101E-005 9.99101E-005 9.99101E-005 9.99101E-005
0.982302 9.9937E-005 9.9937E-005 9.9937E-005 9.9937E-005 9.9937E-005 9.9937E-005 0.00831498 0.00303114 0.00565187 9.9937E-005
0.00174187 0.00117909 9.9928E-005 9.9928E-005 9.9928E-005 0.99628 9.9928E-005 9.9928E-005 9.9928E-005 9.9928E-005 9.9928E-005
9.99101E-005 9.99101E-005 9.99101E-005 9.99101E-005 9.99101E-005 0.999001 9.99101E-005 9.99101E-005 9.99101E-005 9.99101E-005 9.99101E-005
0.000908639 9.99191E-005 9.99191E-005 9.99191E-005 9.99191E-005 0.998192 9.99191E-005 9.99191E-005 9.99191E-005 9.99191E-005 9.99191E-005
0.00189205 0.0034334 0.00291548 0.00137535 9.9946E-005 0.989784 9.9946E-005 9.9946E-005 9.9946E-005 9.9946E-005 9.9946E-005
0.938446 9.997E-005 0.000966693 9.997E-005 0.00140986 0.0131776 0.028953 0.00507402 0.00268923 0.00898404 9.997E-005
0.00514645 9.9946E-005 9.9946E-005 9.9946E-005 0.00234159 0.888384 9.9946E-005 0.0215951 0.0819332 9.9946E-005 9.9946E-005
0.999001 9.99101E-005 9.99101E-005 9.99101E-005 9.99101E-005 9.99101E-005 9.99101E-005 9.99101E-005 9.99101E-005 9.99101E-005 9.99101E-005
0.962249 9.9937E-005 9.9937E-005 9.9937E-005 9.9937E-005 0.00323521 9.9937E-005 0.0121927 9.9937E-005 0.0216236 9.9937E-005
0.97809 9.9928E-005 9.9928E-005 9.9928E-005 9.9928E-005 9.9928E-005 9.9928E-005 0.0056822 9.9928E-005 0.0154287 9.9928E-005
0.975816 9.9937E-005 9.9937E-005 9.9937E-005 9.9937E-005 0.00244922 9.9937E-005 0.00846636 9.9937E-005 0.0125688 9.9937E-005
0.962871 9.9928E-005 9.9928E-005 9.9928E-005 9.9928E-005 9.9928E-005 9.9928E-005 0.025974 9.9928E-005 0.0103552 9.9928E-005
0.986221 0.00225801 9.9937E-005 9.9937E-005 0.00945289 9.9937E-005 9.9937E-005 9.9937E-005 9.9937E-005 9.9937E-005 0.00136861
0.970653 9.9964E-005 9.9964E-005 9.9964E-005 0.00444691 0.002191 0.00345653 0.00211963 9.9964E-005 0.0158845 0.000848403
0.977857 9.9937E-005 9.9937E-005 9.9937E-005 9.9937E-005 0.000284076 9.9937E-005 9.9937E-005 0.000311949 0.0208471 9.9937E-005
0.961898 9.9946E-005 9.9946E-005 9.9946E-005 0.0100453 0.00340315 9.9946E-005 0.0221975 9.9946E-005 9.9946E-005 0.00185638
0.954455 0.000158804 0.00418998 9.998E-005 0.00254481 0.00831744 0.00136994 0.0166282 0.00562097 0.00651541 9.998E-005
0.984566 0.00266473 9.9946E-005 9.9946E-005 0.00989108 0.00103161 9.9946E-005 9.9946E-005 9.9946E-005 9.9946E-005 0.00124689
0.98003 0.000217754 9.99559E-005 0.000976124 0.0114051 9.99559E-005 9.99559E-005 9.99559E-005 0.00472125 0.00214996 9.99559E-005
0.969128 9.9946E-005 9.9946E-005 9.9946E-005 9.9946E-005 0.000280675 9.9946E-005 0.00124268 0.00778061 0.0209683 9.9946E-005
0.951217 0.00270995 9.9946E-005 9.9946E-005 0.00103971 9.9946E-005 9.9946E-005 0.0257266 9.9946E-005 0.0187068 9.9946E-005
0.980059 9.9955E-005 0.000652423 9.9955E-005 0.00613307 0.00145063 9.9955E-005 0.00740294 9.9955E-005 0.0038019 9.9955E-005
0.940526 0.0104035 0.0113395 0.00405703 0.000447524 0.000838937 9.9982E-005 0.00623844 0.00720278 0.0187467 9.9982E-005
9.9937E-005 9.9937E-005 0.0137615 9.9937E-005 9.9937E-005 9.9937E-005 0.018145 0.00151954 9.9937E-005 9.9937E-005 0.965874
9.99281E-005 9.99281E-005 0.0094221 9.99281E-005 9.99281E-005 0.00565926 9.99281E-005 9.99281E-005 9.99281E-005 9.99281E-005 0.984119
0.000755065 9.9946E-005 9.9946E-005 9.9946E-005 9.9946E-005 0.00131902 9.9946E-005 0.00137345 0.00239377 9.9946E-005 0.993559
0.966832 0.0057951 0.00377959 9.9955E-005 9.9955E-005 0.00750037 9.9955E-005 0.00307197 9.9955E-005 0.0125208 9.9955E-005
0.115097 0.0216174 0.00149987 0.0252941 0.257286 0.0955265 9.999E-005 0.118173 0.232456 0.110479 0.0224715
9.99191E-005 0.998101 9.99191E-005 9.99191E-005 9.99191E-005 9.99191E-005 9.99191E-005 0.000999249 9.99191E-005 9.99191E-005 9.99191E-005
0.00259339 0.99377 9.994E-005 9.994E-005 0.000179497 9.994E-005 0.00110883 9.994E-005 0.00174835 9.994E-005 9.994E-005
9.99101E-005 0.999001 9.99101E-005 9.99101E-005 9.99101E-005 9.99101E-005 9.99101E-005 9.99101E-005 9.99101E-005 9.99101E-005 9.99101E-005
9.9937E-005 0.99031 0.00183876 0.00418472 9.9937E-005 9.9937E-005 9.9937E-005 9.9937E-005 9.9937E-005 9.9937E-005 0.00296745
9.99191E-005 0.995547 9.99191E-005 9.99191E-005 9.99191E-005 0.00355331 9.99191E-005 9.99191E-005 9.99191E-005 9.99191E-005 9.99191E-005
9.99101E-005 0.999001 9.99101E-005 9.99101E-005 9.99101E-005 9.99101E-005 9.99101E-005 9.99101E-005 9.99101E-005 9.99101E-005 9.99101E-005
9.9919E-005 9.9919E-005 0.970088 9.9919E-005 9.9919E-005 9.9919E-005 9.9919E-005 9.9919E-005 9.9919E-005 9.9919E-005 0.0290126
9.9928E-005 0.998206 0.000104137 9.9928E-005 0.000890028 9.9928E-005 9.9928E-005 9.9928E-005 9.9928E-005 9.9928E-005 9.9928E-005
9.99101E-005 9.99101E-005 9.99101E-005 9.99101E-005 9.99101E-005 9.99101E-005 9.99101E-005 9.99101E-005 9.99101E-005 9.99101E-005 0.999001
9.9946E-005 0.976607 9.9946E-005 9.9946E-005 0.00262495 0.000792308 9.9946E-005 0.0122297 9.9946E-005 9.9946E-005 0.00714618
9.994E-005 0.992964 9.994E-005 0.000825356 9.994E-005 9.994E-005 0.00423511 9.994E-005 9.994E-005 0.000394868 0.00098087
9.99101E-005 0.999001 9.99101E-005 9.99101E-005 9.99101E-005 9.99101E-005 9.99101E-005 9.99101E-005 9.99101E-005 9.99101E-005 9.99101E-005
9.9928E-005 0.993154 9.9928E-005 0.00322167 9.9928E-005 9.9928E-005 0.00282515 9.9928E-005 9.9928E-005 9.9928E-005 9.9928E-005
0.949737 9.9964E-005 9.9964E-005 0.000842033 0.0139588 0.000789625 9.9964E-005 0.0107033 0.00528189 0.0182879 9.9964E-005
9.99101E-005 0.999001 9.99101E-005 9.99101E-005 9.99101E-005 9.99101E-005 9.99101E-005 9.99101E-005 9.99101E-005 9.99101E-005 9.99101E-005
9.9928E-005 0.0027757 9.9928E-005 0.00696976 9.9928E-005 9.9928E-005 9.9928E-005 9.9928E-005 9.9928E-005 9.9928E-005 0.989455
0.983139 0.000853877 9.996E-005 0.00302384 9.996E-005 9.996E-005 9.996E-005 0.000618248 0.00245624 0.00690703 0.00260181
0.00460868 9.996E-005 0.000777906 0.00196678 0.00406849 0.000410653 9.996E-005 0.981642 0.00612576 9.996E-005 9.996E-005
0.00571706 0.992476 0.000100619 9.9946E-005 0.000606438 9.9946E-005 9.9946E-005 0.00050007 9.9946E-005 9.9946E-005 9.9946E-005
9.99101E-005 9.99101E-005 9.99101E-005 9.99101E-005 9.99101E-005 9.99101E-005 0.999001 9.99101E-005 9.99101E-005 9.99101E-005 9.99101E-005
0.00193482 0.00282353 9.9946E-005 0.0188425 9.9946E-005 9.9946E-005 0.972168 0.00363112 9.9946E-005 9.9946E-005 9.9946E-005
9.9928E-005 9.9928E-005 9.9928E-005 9.9928E-005 9.9928E-005 9.9928E-005 9.9928E-005 0.998028 0.000976784 9.9928E-005 0.000196066
9.9928E-005 0.00499558 9.9928E-005 0.0280913 9.9928E-005 9.9928E-005 0.966114 9.9928E-005 9.9928E-005 9.9928E-005 9.9928E-005
0.999001 9.99101E-005 9.99101E-005 9.99101E-005 9.99101E-005 9.99101E-005 9.99101E-005 9.99101E-005 9.99101E-005 9.99101E-005 9.99101E-005
0.990318 9.9928E-005 9.9928E-005 9.9928E-005 9.9928E-005 0.00176045 9.9928E-005 9.9928E-005 9.9928E-005 0.00712257 9.9928E-005
0.94151 0.00110414 0.00137049 9.9964E-005 9.9964E-005 9.9964E-005 9.9964E-005 0.0172311 0.00703489 0.0267246 0.00462452
0.988463 9.9928E-005 9.9928E-005 9.9928E-005 9.9928E-005 9.9928E-005 9.9928E-005 9.9928E-005 0.00459126 0.00614612 9.9928E-005
0.964164 9.9928E-005 9.9928E-005 9.9928E-005 9.9928E-005 9.9928E-005 9.9928E-005 0.0260154 9.9928E-005 0.00902163 9.9928E-005
0.975404 0.00321646 0.0095285 9.99371E-005 9.99371E-005 9.99371E-005 9.99371E-005 0.0111514 9.99371E-005 9.99371E-005 9.99371E-005
0.99016 9.9928E-005 9.9928E-005 9.9928E-005 9.9928E-005 0.00657033 9.9928E-005 9.9928E-005 0.00246979 9.9928E-005 9.9928E-005
9.99101E-005 9.99101E-005 9.99101E-005 9.99101E-005 9.99101E-005 9.99101E-005 9.99101E-005 0.999001 9.99101E-005 9.99101E-005 9.99101E-005
0.00138777 9.9937E-005 9.9937E-005 9.9937E-005 0.00168858 0.0052654 9.9937E-005 0.990959 9.9937E-005 9.9937E-005 9.9937E-005
0.997689 9.99191E-005 9.99191E-005 9.99191E-005 9.99191E-005 9.99191E-005 9.99191E-005 9.99191E-005 0.00141142 9.99191E-005 9.99191E-005
0.00277243 9.9946E-005 0.0140151 9.9946E-005 9.9946E-005 9.9946E-005 0.00866471 0.000430618 9.9946E-005 9.9946E-005 0.973517
9.9919E-005 9.9919E-005 0.994717 9.9919E-005 9.9919E-005 9.9919E-005 9.9919E-005 9.9919E-005 9.9919E-005 9.9919E-005 0.00438401
9.9919E-005 9.9919E-005 0.998906 9.9919E-005 9.9919E-005 9.9919E-005 0.000194827 9.9919E-005 9.9919E-005 9.9919E-005 9.9919E-005
0.090512 0.0527262 0.730547 9.998E-005 0.0151126 0.0131022 0.00449068 0.0524446 0.029604 0.0112603 9.998E-005
9.9919E-005 9.9919E-005 0.97155 9.9919E-005 9.9919E-005 9.9919E-005 9.9919E-005 9.9919E-005 9.9919E-005 9.9919E-005 0.0275505
0.00196605 9.996E-005 9.996E-005 0.00403938 0.000649183 0.00574034 0.00336324 9.996E-005 9.996E-005 0.00643647 0.977405
0.00187646 9.9937E-005 9.9937E-005 9.9937E-005 9.9937E-005 9.9937E-005 0.00332851 0.00127828 9.9937E-005 9.9937E-005 0.992817
9.99191E-005 9.99191E-005 9.99191E-005 9.99191E-005 9.99191E-005 9.99191E-005 0.00333949 9.99191E-005 9.99191E-005 9.99191E-005 0.995761
9.9919E-005 9.9919E-005 0.974901 9.9919E-005 9.9919E-005 9.9919E-005 9.9919E-005 9.9919E-005 9.9919E-005 9.9919E-005 0.0241993
9.9919E-005 9.9919E-005 9.9919E-005 9.9919E-005 9.9919E-005 0.00136759 9.9919E-005 0.997733 9.9919E-005 9.9919E-005 9.9919E-005
9.9928E-005 9.9928E-005 0.00376634 0.00774293 9.9928E-005 9.9928E-005 0.987691 9.9928E-005 9.9928E-005 9.9928E-005 9.9928E-005
0.104431 0.0734857 0.019435 0.0146987 0.029849 0.0627144 0.0232455 0.577262 9.999E-005 0.0224798 0.0722998
9.9928E-005 9.9928E-005 0.00128076 9.9928E-005 9.9928E-005 0.00134557 9.9928E-005 0.996574 9.9928E-005 9.9928E-005 9.9928E-005
0.00762543 9.99329E-005 9.99329E-005 9.99329E-005 9.99329E-005 0.00446135 9.99329E-005 0.987114 9.99329E-005 9.99329E-005 9.99329E-005
9.99281E-005 9.99281E-005 0.0089445 9.99281E-005 9.99281E-005 9.99281E-005 0.984789 0.00546729 9.99281E-005 9.99281E-005 9.99281E-005
9.99101E-005 0.999001 9.99101E-005 9.99101E-005 9.99101E-005 9.99101E-005 9.99101E-005 9.99101E-005 9.99101E-005 9.99101E-005 9.99101E-005
0.64807 9.997E-005 9.997E-005 0.000832023 0.0284536 0.0209963 9.997E-005 0.140566 0.0193249 0.141155 0.000303156
9.99101E-005 9.99101E-005 9.99101E-005 9.99101E-005 9.99101E-005 9.99101E-005 9.99101E-005 0.999001 9.99101E-005 9.99101E-005 9.99101E-005
9.99101E-005 9.99101E-005 9.99101E-005 9.99101E-005 9.99101E-005 9.99101E-005 9.99101E-005 0.999001 9.99101E-005 9.99101E-005 9.99101E-005
9.99101E-005 9.99101E-005 9.99101E-005 9.99101E-005 9.99101E-005 9.99101E-005 9.99101E-005 0.999001 9.99101E-005 9.99101E-005 9.99101E-005
9.99281E-005 0.000317934 9.99281E-005 9.99281E-005 9.99281E-005 9.99281E-005 0.000828456 0.998054 9.99281E-005 9.99281E-005 9.99281E-005
9.99101E-005 9.99101E-005 9.99101E-005 9.99101E-005 9.99101E-005 9.99101E-005 9.99101E-005 0.999001 9.99101E-005 9.99101E-005 9.99101E-005
9.99101E-005 9.99101E-005 9.99101E-005 9.99101E-005 9.99101E-005 9.99101E-005 9.99101E-005 0.999001 9.99101E-005 9.99101E-005 9.99101E-005
