0.0317108 0.0379645 0.000443433 9.9982E-005 9.9982E-005 0.0201024 0.0028874 0.906691
0.0257608 0.0436085 0.00230358 9.9982E-005 9.9982E-005 0.0230682 0.000989919 0.904069
0.00270286 0.988452 0.00427174 0.00141935 9.9982E-005 0.0022709 0.000682977 9.9982E-005
0.00745457 0.989394 0.00140398 9.9964E-005 9.9964E-005 0.00134771 9.9964E-005 9.9964E-005
9.9955E-005 0.993443 9.9955E-005 0.00115586 0.00490147 9.9955E-005 9.9955E-005 9.9955E-005
9.994E-005 0.9993 9.994E-005 9.994E-005 9.994E-005 9.994E-005 9.994E-005 9.994E-005
9.994E-005 0.9993 9.994E-005 9.994E-005 9.994E-005 9.994E-005 9.994E-005 9.994E-005
9.994E-005 0.9993 9.994E-005 9.994E-005 9.994E-005 9.994E-005 9.994E-005 9.994E-005
0.00101708 9.9964E-005 0.00589022 0.989795 9.9964E-005 0.00289809 9.9964E-005 9.9964E-005
9.9973E-005 9.9973E-005 0.00188668 0.000521753 0.00666283 0.990268 9.9973E-005 0.000360406
9.9955E-005 9.9955E-005 0.00246502 9.9955E-005 9.9955E-005 0.995211 0.00182401 9.9955E-005
0.0215642 0.00101209 0.0545055 0.0673591 0.0548624 9.9991E-005 0.783462 0.017135
9.9964E-005 9.9964E-005 0.00324476 0.000376116 9.9964E-005 0.994658 0.00132175 9.9964E-005
9.9955E-005 9.9955E-005 0.000615212 9.9955E-005 9.9955E-005 0.997668 0.00121659 9.9955E-005
9.9955E-005 9.9955E-005 0.00238695 9.9955E-005 9.9955E-005 0.994311 0.00280196 9.9955E-005
9.9955E-005 9.9955E-005 0.00273634 9.9955E-005 9.9955E-005 0.994282 0.00248158 9.9955E-005
0.00717554 0.0119816 0.0506358 0.0755141 0.0508816 0.0116683 0.780183 0.0119603
0.029171 0.835741 9.9973E-005 9.9973E-005 0.000233395 0.0889026 9.9973E-005 0.045652
9.994E-005 9.994E-005 9.994E-005 9.994E-005 9.994E-005 9.994E-005 9.994E-005 0.9993
9.9946E-005 9.9946E-005 9.9946E-005 9.9946E-005 0.00170946 9.9946E-005 9.9946E-005 0.997691
9.994E-005 9.994E-005 9.994E-005 9.994E-005 9.994E-005 9.994E-005 9.994E-005 0.9993
9.994E-005 9.994E-005 9.994E-005 9.994E-005 9.994E-005 9.994E-005 9.994E-005 0.9993
9.994E-005 9.994E-005 9.994E-005 9.994E-005 9.994E-005 9.994E-005 9.994E-005 0.9993
9.994E-005 9.994E-005 9.994E-005 9.994E-005 9.994E-005 9.994E-005 9.994E-005 0.9993
9.994E-005 9.994E-005 9.994E-005 9.994E-005 9.994E-005 9.994E-005 9.994E-005 0.9993
9.994E-005 9.994E-005 9.994E-005 9.994E-005 9.994E-005 9.994E-005 9.994E-005 0.9993
9.9946E-005 9.9946E-005 9.9946E-005 9.9946E-005 9.9946E-005 0.00178943 9.9946E-005 0.997611
9.99562E-005 9.99562E-005 0.00108568 9.99562E-005 9.99562E-005 9.99562E-005 0.000175952 0.998239
0.974491 0.00164991 9.9964E-005 9.9964E-005 9.9964E-005 0.00372135 9.9964E-005 0.0197377
0.981813 0.00806071 9.9964E-005 9.9964E-005 0.0010308 0.00869581 9.9964E-005 9.9964E-005
0.9993 9.994E-005 9.994E-005 9.994E-005 9.994E-005 9.994E-005 9.994E-005 9.994E-005
0.9993 9.994E-005 9.994E-005 9.994E-005 9.994E-005 9.994E-005 9.994E-005 9.994E-005
0.9993 9.994E-005 9.994E-005 9.994E-005 9.994E-005 9.994E-005 9.994E-005 9.994E-005
0.0216231 0.865299 9.9973E-005 9.9973E-005 9.9973E-005 0.0689073 0.000115977 0.0437547
0.0197344 0.871269 9.9973E-005 9.9973E-005 9.9973E-005 0.0662858 0.00268061 0.0397307
0.0212928 0.862724 0.00209112 9.9982E-005 9.9982E-005 0.078577 0.000416089 0.0346986
0.0259386 0.844304 9.9973E-005 9.9973E-005 9.9973E-005 0.0871805 0.00443345 0.0378433
9.994E-005 9.994E-005 9.994E-005 9.994E-005 9.994E-005 9.994E-005 0.9993 9.994E-005
0.9993 9.994E-005 9.994E-005 9.994E-005 9.994E-005 9.994E-005 9.994E-005 9.994E-005
0.9993 9.994E-005 9.994E-005 9.994E-005 9.994E-005 9.994E-005 9.994E-005 9.994E-005
0.9993 9.994E-005 9.994E-005 9.994E-005 9.994E-005 9.994E-005 9.994E-005 9.994E-005
0.99727 9.9946E-005 9.9946E-005 0.00213 9.9946E-005 9.9946E-005 9.9946E-005 9.9946E-005
9.9955E-005 9.9955E-005 0.00394864 0.994268 9.9955E-005 9.9955E-005 9.9955E-005 0.00128356
0.00424733 9.9973E-005 9.9973E-005 0.90977 0.0682301 0.00106756 0.0163848 9.9973E-005
9.9955E-005 9.9955E-005 0.000701052 0.992828 9.9955E-005 9.9955E-005 9.9955E-005 0.00597145
9.9976E-005 0.002955 9.9976E-005 0.985863 0.0045838 0.00365714 9.9976E-005 0.00264135
0.00290699 9.9982E-005 0.00334173 0.979109 0.00741184 0.00597714 0.00105324 9.9982E-005
0.00198457 0.00463567 9.9973E-005 0.984565 0.00736781 9.9973E-005 9.9973E-005 0.00114703
9.9964E-005 0.000947445 0.00125722 0.994641 9.9964E-005 9.9964E-005 0.00275479 9.9964E-005
9.9964E-005 9.9964E-005 9.9964E-005 0.974291 0.014466 0.00522563 0.00561789 9.9964E-005
0.000281941 0.012651 9.9964E-005 9.9964E-005 0.00102125 0.985646 9.9964E-005 9.9964E-005
0.00522801 0.0117192 9.9973E-005 0.00289691 9.9973E-005 0.973733 9.9973E-005 0.0061228
0.00457528 0.0151791 9.9964E-005 9.9964E-005 9.9964E-005 0.979052 9.9964E-005 0.000794052
9.994E-005 9.994E-005 9.994E-005 9.994E-005 9.994E-005 0.9993 9.994E-005 9.994E-005
9.9964E-005 9.9964E-005 0.00624642 0.00297971 0.00129761 0.989076 9.9964E-005 9.9964E-005
9.994E-005 9.994E-005 9.994E-005 9.994E-005 9.994E-005 0.9993 9.994E-005 9.994E-005
9.994E-005 9.994E-005 0.9993 9.994E-005 9.994E-005 9.994E-005 9.994E-005 9.994E-005
9.994E-005 9.994E-005 9.994E-005 0.9993 9.994E-005 9.994E-005 9.994E-005 9.994E-005
9.9946E-005 9.9946E-005 0.997108 9.9946E-005 0.00229222 9.9946E-005 9.9946E-005 9.9946E-005
9.9946E-005 9.9946E-005 0.000231033 0.999169 9.9946E-005 9.9946E-005 9.9946E-005 9.9946E-005
9.994E-005 9.994E-005 9.994E-005 0.9993 9.994E-005 9.994E-005 9.994E-005 9.994E-005
0.00740368 0.989523 9.9955E-005 9.9955E-005 0.00257372 9.9955E-005 9.9955E-005 9.9955E-005
9.994E-005 0.9993 9.994E-005 9.994E-005 9.994E-005 9.994E-005 9.994E-005 9.994E-005
9.994E-005 0.9993 9.994E-005 9.994E-005 9.994E-005 9.994E-005 9.994E-005 9.994E-005
0.00122198 0.982051 9.9973E-005 0.00424497 0.00569305 0.00648888 9.9973E-005 9.9973E-005
0.00385574 0.994137 0.000601402 9.9964E-005 9.9964E-005 9.9964E-005 0.00100589 9.9964E-005
9.994E-005 0.9993 9.994E-005 9.994E-005 9.994E-005 9.994E-005 9.994E-005 9.994E-005
9.994E-005 9.994E-005 9.994E-005 0.9993 9.994E-005 9.994E-005 9.994E-005 9.994E-005
9.9982E-005 9.9982E-005 0.0130753 0.928458 0.049918 0.00205074 0.0010181 0.00527992
9.9946E-005 9.9946E-005 9.9946E-005 0.996821 9.9946E-005 9.9946E-005 9.9946E-005 0.00257898
9.9955E-005 9.9955E-005 0.00417458 0.990892 9.9955E-005 9.9955E-005 9.9955E-005 0.00443345
9.9955E-005 9.9955E-005 0.00014749 0.996839 9.9955E-005 9.9955E-005 9.9955E-005 0.00251326
9.9946E-005 9.9946E-005 9.9946E-005 0.998274 9.9946E-005 9.9946E-005 9.9946E-005 0.00112677
9.9955E-005 9.9955E-005 9.9955E-005 0.915382 0.070408 9.9955E-005 0.0137097 9.9955E-005
0.00364458 9.9964E-005 9.9964E-005 0.914764 0.0652635 9.9964E-005 0.015928 9.9964E-005
9.9973E-005 9.9973E-005 0.00350069 0.917239 0.0658067 0.00699624 0.006157 9.9973E-005
9.9946E-005 9.9946E-005 9.9946E-005 0.99 9.9946E-005 9.9946E-005 9.9946E-005 0.00940036
9.9955E-005 9.9955E-005 9.9955E-005 0.910031 0.0728073 9.9955E-005 0.0166624 9.9955E-005
9.9955E-005 9.9955E-005 9.9955E-005 0.894939 0.0901994 9.9955E-005 0.0143623 9.9955E-005
0.00303869 9.9973E-005 0.00873635 0.912978 0.0717808 9.9973E-005 0.00316592 9.9973E-005
9.9973E-005 9.9973E-005 0.000169085 0.924992 0.0648896 9.9973E-005 0.00845457 0.00119503
9.9964E-005 0.985441 0.0012391 0.000291615 9.9964E-005 0.0126289 9.9964E-005 9.9964E-005
0.0300045 0.821145 9.99714E-005 9.99714E-005 9.99714E-005 0.110555 9.99714E-005 0.0378958
0.0216472 0.828662 0.00127299 0.00224337 0.00113751 0.0910622 0.000867172 0.0531075
9.9946E-005 9.9946E-005 9.9946E-005 9.9946E-005 0.00310798 9.9946E-005 0.996292 9.9946E-005
9.994E-005 9.994E-005 9.994E-005 9.994E-005 9.994E-005 9.994E-005 0.9993 9.994E-005
0.0228227 0.833372 0.00108579 0.00242094 9.9982E-005 0.0956871 9.9982E-005 0.0444121
0.0521755 0.715507 0.00619263 0.00598137 0.00117294 0.157653 0.00364926 0.0576683
0.0829225 0.513424 0.0698986 0.0821496 9.9991E-005 0.162102 0.030473 0.0589304
0.742375 0.125322 0.00188102 9.9982E-005 0.00674491 0.027516 9.9982E-005 0.0959617
0.735964 0.121593 0.000830544 0.00259633 0.00283366 0.0344802 9.9991E-005 0.101602
9.994E-005 9.994E-005 9.994E-005 9.994E-005 9.994E-005 9.994E-005 0.9993 9.994E-005
9.994E-005 9.994E-005 9.994E-005 9.994E-005 9.994E-005 9.994E-005 0.9993 9.994E-005
0.746771 0.116961 0.00250543 9.9982E-005 0.00754532 0.019906 9.9982E-005 0.106111
0.0473421 0.732383 0.000224532 9.9991E-005 0.00227271 0.161279 0.00128144 0.0551174
9.994E-005 9.994E-005 9.994E-005 9.994E-005 9.994E-005 9.994E-005 0.9993 9.994E-005
0.759752 0.105248 9.9973E-005 9.9973E-005 0.00508166 0.031065 9.9973E-005 0.0985536
0.0354241 0.800596 0.00549368 0.00858164 9.9982E-005 0.104562 9.9982E-005 0.0451432
0.0243009 0.837104 9.9973E-005 0.00042649 9.9973E-005 0.104552 9.9973E-005 0.0333166
0.0488015 0.619197 0.0414662 0.0266786 0.0100527 0.179816 0.0196045 0.0543836
0.273919 0.281099 0.0088106 0.0113047 9.9991E-005 0.124879 0.00464606 0.295242
0.0277501 0.823769 9.9982E-005 0.00426643 9.9982E-005 0.0981722 0.00234345 0.0434986
0.0306198 0.81875 9.9973E-005 9.9973E-005 0.00376749 0.104348 9.9973E-005 0.0422146
0.0257118 0.819879 0.00186246 0.00301046 0.00453132 0.104738 0.00102115 0.039246
9.9964E-005 0.0059275 0.00299669 9.9964E-005 9.9964E-005 9.9964E-005 0.990313 0.000362896
0.0386207 0.847624 9.9982E-005 0.00106481 9.9982E-005 0.0753186 0.00473426 0.032438
0.00251943 9.9946E-005 9.9946E-005 9.9946E-005 9.9946E-005 9.9946E-005 0.996881 9.9946E-005
0.0222887 0.859476 9.9964E-005 9.9964E-005 9.9964E-005 0.0827581 9.9964E-005 0.0350773
9.994E-005 9.994E-005 9.994E-005 9.994E-005 9.994E-005 9.994E-005 0.9993 9.994E-005
0.997196 9.9946E-005 9.9946E-005 9.9946E-005 9.9946E-005 9.9946E-005 0.0022046 9.9946E-005
0.023238 0.847394 9.9982E-005 0.00207863 9.9982E-005 0.0842477 0.00105594 0.0417857
0.95109 0.00139671 0.00127353 9.9973E-005 9.9973E-005 0.0191932 9.9973E-005 0.0267467
0.0272672 0.830228 0.000235247 0.0034355 9.9991E-005 0.0960998 0.000783693 0.0418508
0.0251247 0.843994 0.00223295 9.9982E-005 0.00233225 0.0794431 9.9982E-005 0.0466732
0.0187789 0.873898 9.9973E-005 9.9973E-005 9.9973E-005 0.0642823 0.000491901 0.0422494
0.0155654 0.875849 9.9964E-005 9.9964E-005 9.9964E-005 0.0765165 9.9964E-005 0.0316691
9.994E-005 9.994E-005 9.994E-005 9.994E-005 9.994E-005 9.994E-005 0.9993 9.994E-005
9.994E-005 0.9993 9.994E-005 9.994E-005 9.994E-005 9.994E-005 9.994E-005 9.994E-005
9.994E-005 0.9993 9.994E-005 9.994E-005 9.994E-005 9.994E-005 9.994E-005 9.994E-005
0.00326528 0.995165 9.9955E-005 9.9955E-005 9.9955E-005 9.9955E-005 0.00106984 9.9955E-005
9.9946E-005 9.9946E-005 9.9946E-005 9.9946E-005 9.9946E-005 0.998414 0.000986039 9.9946E-005
9.9955E-005 0.0151793 0.00116592 9.9955E-005 9.9955E-005 9.9955E-005 0.983155 9.9955E-005
0.0130947 0.0254287 9.9964E-005 9.9964E-005 9.9964E-005 0.959712 9.9964E-005 0.00136435
9.9946E-005 9.9946E-005 9.9946E-005 9.9946E-005 9.9946E-005 0.997598 0.00180273 9.9946E-005
9.9973E-005 0.0219072 9.9973E-005 0.00043776 0.0012363 0.963281 9.9973E-005 0.0128374
9.994E-005 9.994E-005 9.994E-005 9.994E-005 9.994E-005 0.9993 9.994E-005 9.994E-005
0.00104258 9.9946E-005 9.9946E-005 9.9946E-005 9.9946E-005 0.998358 9.9946E-005 9.9946E-005
0.9993 9.994E-005 9.994E-005 9.994E-005 9.994E-005 9.994E-005 9.994E-005 9.994E-005
0.9993 9.994E-005 9.994E-005 9.994E-005 9.994E-005 9.994E-005 9.994E-005 9.994E-005
0.9993 9.994E-005 9.994E-005 9.994E-005 9.994E-005 9.994E-005 9.994E-005 9.994E-005
0.996314 9.9955E-005 0.00215358 9.9955E-005 0.00103263 9.9955E-005 9.9955E-005 9.9955E-005
0.0203901 9.9964E-005 9.9964E-005 9.9964E-005 9.9964E-005 0.94921 0.0285274 0.0014731
0.976275 0.0218583 9.9955E-005 9.9955E-005 9.9955E-005 0.00136678 9.9955E-005 9.9955E-005
9.994E-005 9.994E-005 9.994E-005 9.994E-005 9.994E-005 0.9993 9.994E-005 9.994E-005
0.00190063 0.0219462 9.9964E-005 9.9964E-005 9.9964E-005 0.971736 9.9964E-005 0.0040175
0.000799759 0.0260727 9.9955E-005 9.9955E-005 9.9955E-005 0.972628 9.9955E-005 9.9955E-005
9.9946E-005 0.0043949 9.9946E-005 9.9946E-005 9.9946E-005 0.995005 9.9946E-005 9.9946E-005
0.000194414 0.012016 9.9973E-005 9.9973E-005 9.9973E-005 0.983096 0.00109242 0.00330145
9.9964E-005 9.9964E-005 0.00248475 0.0012415 9.9964E-005 0.990912 9.9964E-005 0.004962
9.9973E-005 0.0167494 0.000876918 9.9973E-005 9.9973E-005 0.974339 0.00275461 0.00497975
0.00344265 0.0290393 9.9955E-005 9.9955E-005 9.9955E-005 0.967018 9.9955E-005 9.9955E-005
9.9973E-005 0.0259088 0.000275231 9.9973E-005 0.00133352 0.954577 9.9973E-005 0.0176059
0.0106926 0.0209899 0.00116489 9.9982E-005 9.9982E-005 0.965758 0.000476999 0.000717361
9.9964E-005 9.9964E-005 0.000629864 0.00103441 9.9964E-005 0.988252 9.9964E-005 0.00968359
0.00395158 9.9964E-005 0.00130856 9.9964E-005 9.9964E-005 0.989392 9.9964E-005 0.0049476
0.00987527 0.0186376 9.9973E-005 0.00014618 9.9973E-005 0.970008 9.9973E-005 0.00103332
9.9973E-005 0.0327187 0.00226944 9.9973E-005 0.000691313 0.963123 9.9973E-005 0.000897433
0.00304571 0.0155136 9.9955E-005 9.9955E-005 9.9955E-005 0.980941 9.9955E-005 9.9955E-005
0.0109109 0.00605988 0.0103866 0.00182115 0.00695747 0.961245 0.0025189 9.9991E-005
9.9955E-005 9.9955E-005 9.9955E-005 0.982364 0.0100097 9.9955E-005 0.0071268 9.9955E-005
9.9946E-005 9.9946E-005 9.9946E-005 0.99146 0.00794004 9.9946E-005 9.9946E-005 9.9946E-005
9.9946E-005 9.9946E-005 9.9946E-005 0.994992 9.9946E-005 0.00440806 9.9946E-005 9.9946E-005
0.00792351 0.00327904 0.00468852 9.9982E-005 0.00371554 0.973541 0.00665268 9.9982E-005
0.259838 0.240136 0.0249377 0.0205282 0.0129395 0.137706 0.0147005 0.289215
9.9946E-005 9.9946E-005 0.998418 9.9946E-005 9.9946E-005 9.9946E-005 0.000982777 9.9946E-005
0.00568467 9.9964E-005 0.99362 0.000117351 9.9964E-005 9.9964E-005 9.9964E-005 0.00017806
0.00125316 9.9955E-005 0.995924 9.9955E-005 9.9955E-005 0.00232318 9.9955E-005 9.9955E-005
9.9955E-005 9.9955E-005 0.996295 9.9955E-005 0.00258132 9.9955E-005 0.000623725 9.9955E-005
9.994E-005 9.994E-005 0.9993 9.994E-005 9.994E-005 9.994E-005 9.994E-005 9.994E-005
9.994E-005 9.994E-005 0.9993 9.994E-005 9.994E-005 9.994E-005 9.994E-005 9.994E-005
9.9946E-005 9.9946E-005 9.9946E-005 0.0304684 0.968932 9.9946E-005 9.9946E-005 9.9946E-005
0.00121824 9.9955E-005 0.995657 9.9955E-005 9.9955E-005 9.9955E-005 9.9955E-005 0.00262544
9.99528E-005 0.0012189 9.99528E-005 0.998181 9.99528E-005 9.99528E-005 9.99528E-005 9.99528E-005
9.9973E-005 9.9973E-005 0.976653 9.9973E-005 0.00297654 0.0170784 0.00205352 0.000938788
9.9964E-005 9.9964E-005 0.992538 0.00388864 0.00023856 9.9964E-005 0.00293457 9.9964E-005
9.994E-005 9.994E-005 0.9993 9.994E-005 9.994E-005 9.994E-005 9.994E-005 9.994E-005
9.9946E-005 9.9946E-005 0.998223 9.9946E-005 9.9946E-005 0.00117711 9.9946E-005 9.9946E-005
9.9973E-005 0.0206857 0.00185056 9.9973E-005 9.9973E-005 0.964514 0.00103713 0.0116132
9.9955E-005 9.9955E-005 0.997469 0.00171838 0.000312405 9.9955E-005 9.9955E-005 9.9955E-005
9.9946E-005 9.9946E-005 0.00534924 0.994051 9.9946E-005 9.9946E-005 9.9946E-005 9.9946E-005
9.9973E-005 9.9973E-005 0.00167681 0.00226182 0.000129963 0.994231 0.0014002 9.9973E-005
9.9946E-005 0.998939 9.9946E-005 9.9946E-005 9.9946E-005 9.9946E-005 0.000460847 9.9946E-005
0.000352339 9.9955E-005 0.997737 9.9955E-005 9.9955E-005 0.00141065 9.9955E-005 9.9955E-005
9.99433E-005 9.99433E-005 9.99433E-005 9.99433E-005 9.99433E-005 9.99433E-005 0.9993 9.99433E-005
9.9964E-005 0.00157971 0.00352908 9.9964E-005 9.9964E-005 9.9964E-005 0.992921 0.00157011
9.994E-005 0.9993 9.994E-005 9.994E-005 9.994E-005 9.994E-005 9.994E-005 9.994E-005
9.9946E-005 9.9946E-005 0.000176067 9.9946E-005 9.9946E-005 9.9946E-005 0.999224 9.9946E-005
9.994E-005 9.994E-005 9.994E-005 9.994E-005 9.994E-005 0.9993 9.994E-005 9.994E-005
0.00223427 0.00324299 9.9955E-005 9.9955E-005 9.9955E-005 0.994023 9.9955E-005 9.9955E-005
9.9973E-005 0.0469273 0.0012439 0.00115025 0.00435504 0.946024 9.9973E-005 9.9973E-005
0.00831822 0.00212145 9.9964E-005 9.9964E-005 9.9964E-005 0.98187 9.9964E-005 0.00728997
0.0027457 0.0435717 9.9955E-005 9.9955E-005 9.9955E-005 0.953183 9.9955E-005 9.9955E-005
0.00248551 0.0197727 0.00600706 9.9991E-005 0.00666772 0.963943 0.000605615 0.000418677
0.00479779 0.00611989 9.9955E-005 9.9955E-005 9.9955E-005 0.988583 9.9955E-005 9.9955E-005
9.994E-005 0.9993 9.994E-005 9.994E-005 9.994E-005 9.994E-005 9.994E-005 9.994E-005
9.9946E-005 0.997531 9.9946E-005 9.9946E-005 0.00186932 9.9946E-005 9.9946E-005 9.9946E-005
0.00198024 0.00305051 9.9973E-005 0.000541386 0.000627592 0.9935 9.9973E-005 9.9973E-005
9.9964E-005 9.9964E-005 9.9964E-005 0.975393 0.0127697 0.00267594 0.00876123 9.9964E-005
9.9946E-005 9.9946E-005 9.9946E-005 0.00468867 0.994712 9.9946E-005 9.9946E-005 9.9946E-005
9.994E-005 9.994E-005 9.994E-005 9.994E-005 0.9993 9.994E-005 9.994E-005 9.994E-005
0.0315723 0.0794506 0.0539096 9.9991E-005 0.736245 0.0671451 0.00839141 0.0231863
9.9946E-005 9.9946E-005 9.9946E-005 0.025417 0.973983 9.9946E-005 9.9946E-005 9.9946E-005
9.9973E-005 0.0094348 0.00589017 0.967962 0.0054657 9.9973E-005 0.0109471 9.9973E-005
9.9946E-005 9.9946E-005 9.9946E-005 0.999027 9.9946E-005 0.000373818 9.9946E-005 9.9946E-005
9.994E-005 9.994E-005 9.994E-005 0.9993 9.994E-005 9.994E-005 9.994E-005 9.994E-005
9.9946E-005 9.9946E-005 9.9946E-005 0.0242266 0.975174 9.9946E-005 9.9946E-005 9.9946E-005
9.994E-005 0.9993 9.994E-005 9.994E-005 9.994E-005 9.994E-005 9.994E-005 9.994E-005
9.994E-005 9.994E-005 9.994E-005 9.994E-005 9.994E-005 9.994E-005 0.9993 9.994E-005
0.0493035 0.639049 0.0788313 0.0854781 9.9991E-005 0.0738539 0.043401 0.029983
9.9946E-005 0.998841 9.9946E-005 9.9946E-005 0.000559816 9.9946E-005 9.9946E-005 9.9946E-005
9.994E-005 0.9993 9.994E-005 9.994E-005 9.994E-005 9.994E-005 9.994E-005 9.994E-005
9.9955E-005 9.9955E-005 9.9955E-005 9.9955E-005 0.00231614 0.00425007 0.992934 9.9955E-005
9.9946E-005 9.9946E-005 0.997526 9.9946E-005 9.9946E-005 0.00187436 9.9946E-005 9.9946E-005
0.0368875 0.275798 9.9973E-005 9.9973E-005 9.9973E-005 0.644736 0.00100258 0.0412763
9.994E-005 0.9993 9.994E-005 9.994E-005 9.994E-005 9.994E-005 9.994E-005 9.994E-005
9.994E-005 0.9993 9.994E-005 9.994E-005 9.994E-005 9.994E-005 9.994E-005 9.994E-005
9.994E-005 0.9993 9.994E-005 9.994E-005 9.994E-005 9.994E-005 9.994E-005 9.994E-005
9.9955E-005 0.996258 0.000881102 9.9955E-005 0.00236127 9.9955E-005 9.9955E-005 9.9955E-005
9.994E-005 0.9993 9.994E-005 9.994E-005 9.994E-005 9.994E-005 9.994E-005 9.994E-005
9.994E-005 0.9993 9.994E-005 9.994E-005 9.994E-005 9.994E-005 9.994E-005 9.994E-005
