0.0307353 9.9964E-005 9.9964E-005 9.9964E-005 0.901324 0.0316318 9.9964E-005 0.0359088
0.0229825 9.9973E-005 9.9973E-005 0.00327913 0.912612 0.0461328 9.9973E-005 0.0146932
0.0109907 9.99724E-005 9.99724E-005 9.99724E-005 9.99724E-005 0.980484 0.00546518 0.00266066
0.0054634 0.00013078 9.9964E-005 9.9964E-005 9.9964E-005 0.991175 9.9964E-005 0.00283047
9.9964E-005 9.9964E-005 0.00116693 0.00234708 9.9964E-005 0.992788 0.00329846 9.9964E-005
9.994E-005 9.994E-005 9.994E-005 9.994E-005 9.994E-005 0.9993 9.994E-005 9.994E-005
9.994E-005 9.994E-005 9.994E-005 9.994E-005 9.994E-005 0.9993 9.994E-005 9.994E-005
9.994E-005 9.994E-005 9.994E-005 9.994E-005 9.994E-005 0.9993 9.994E-005 9.994E-005
9.9955E-005 0.00707437 9.9955E-005 0.00233447 9.9955E-005 9.9955E-005 0.990091 9.9955E-005
9.9964E-005 9.9964E-005 9.9964E-005 0.00443782 0.0010027 9.9964E-005 0.00523764 0.988922
9.9964E-005 9.9964E-005 0.00489884 0.00121425 9.9964E-005 9.9964E-005 0.000260079 0.993227
9.9946E-005 0.995474 0.00392617 9.9946E-005 9.9946E-005 9.9946E-005 9.9946E-005 9.9946E-005
9.9955E-005 9.9955E-005 0.00403772 0.00171262 9.9955E-005 9.9955E-005 9.9955E-005 0.99375
9.9955E-005 9.9955E-005 0.00300615 0.00205656 9.9955E-005 9.9955E-005 9.9955E-005 0.994438
9.9955E-005 9.9955E-005 0.00266648 0.00202415 9.9955E-005 9.9955E-005 9.9955E-005 0.99481
9.9964E-005 9.9964E-005 0.00358228 0.000945592 9.9964E-005 9.9964E-005 0.00141653 0.993656
9.994E-005 0.9993 9.994E-005 9.994E-005 9.994E-005 9.994E-005 9.994E-005 9.994E-005
0.0229246 0.000324119 9.9991E-005 0.000353542 0.0398732 0.836743 0.000411885 0.0992699
9.994E-005 9.994E-005 9.994E-005 9.994E-005 0.9993 9.994E-005 9.994E-005 9.994E-005
9.9964E-005 0.000207034 9.9964E-005 9.9964E-005 0.995324 9.9964E-005 0.00188372 0.00218529
9.994E-005 9.994E-005 9.994E-005 9.994E-005 0.9993 9.994E-005 9.994E-005 9.994E-005
9.994E-005 9.994E-005 9.994E-005 9.994E-005 0.9993 9.994E-005 9.994E-005 9.994E-005
9.9946E-005 9.9946E-005 9.9946E-005 0.00350001 0.9959 9.9946E-005 9.9946E-005 9.9946E-005
9.9946E-005 9.9946E-005 9.9946E-005 9.9946E-005 0.999047 0.000353801 9.9946E-005 9.9946E-005
9.994E-005 9.994E-005 9.994E-005 9.994E-005 0.9993 9.994E-005 9.994E-005 9.994E-005
9.994E-005 9.994E-005 9.994E-005 9.994E-005 0.9993 9.994E-005 9.994E-005 9.994E-005
9.994E-005 9.994E-005 9.994E-005 9.994E-005 0.9993 9.994E-005 9.994E-005 9.994E-005
9.9946E-005 9.9946E-005 9.9946E-005 9.9946E-005 0.997026 9.9946E-005 0.00237465 9.9946E-005
0.9678 0.000463812 0.000166126 0.000789192 0.0240097 9.9982E-005 9.9982E-005 0.00657101
0.970663 9.9964E-005 9.9964E-005 9.9964E-005 0.00127565 0.0199396 9.9964E-005 0.00772231
0.9993 9.994E-005 9.994E-005 9.994E-005 9.994E-005 9.994E-005 9.994E-005 9.994E-005
0.9993 9.99421E-005 9.99421E-005 9.99421E-005 9.99421E-005 9.99421E-005 9.99421E-005 9.99421E-005
0.9993 9.994E-005 9.994E-005 9.994E-005 9.994E-005 9.994E-005 9.994E-005 9.994E-005
0.0148714 9.9982E-005 0.000151217 9.9982E-005 0.0414347 0.86298 0.00190625 0.0784565
0.0199403 0.000405486 0.00200247 9.9982E-005 0.0354544 0.864146 9.9982E-005 0.0778513
0.0139157 9.9973E-005 0.00339983 9.9973E-005 0.0316731 0.871719 9.9973E-005 0.0789929
0.0257354 9.9973E-005 0.00505763 9.9973E-005 0.0416286 0.852703 9.9973E-005 0.0745758
9.9946E-005 0.00976586 0.989634 9.9946E-005 9.9946E-005 9.9946E-005 9.9946E-005 9.9946E-005
0.9993 9.994E-005 9.994E-005 9.994E-005 9.994E-005 9.994E-005 9.994E-005 9.994E-005
0.99452 9.9964E-005 0.000990725 0.00127955 9.9964E-005 9.9964E-005 9.9964E-005 0.00280979
0.9993 9.994E-005 9.994E-005 9.994E-005 9.994E-005 9.994E-005 9.994E-005 9.994E-005
0.997698 0.000972003 9.9964E-005 0.000402791 9.9964E-005 9.9964E-005 0.000527272 9.9964E-005
9.9964E-005 0.00333535 9.9964E-005 0.00268317 0.00164369 9.9964E-005 0.991938 9.9964E-005
0.0067726 9.9964E-005 0.00955029 9.9964E-005 0.000995222 9.9964E-005 0.982282 9.9964E-005
9.9955E-005 9.9955E-005 9.9955E-005 0.000479561 0.00206093 9.9955E-005 0.99696 9.9955E-005
9.9964E-005 9.9964E-005 9.9964E-005 9.9964E-005 0.00580804 0.00144156 0.991927 0.000423805
0.00206209 9.9955E-005 9.9955E-005 9.9955E-005 9.9955E-005 9.9955E-005 0.993721 0.00371688
9.9946E-005 9.9946E-005 9.9946E-005 9.9946E-005 9.9946E-005 0.00146987 0.99793 9.9946E-005
9.9946E-005 9.9946E-005 9.9946E-005 9.9946E-005 9.9946E-005 9.9946E-005 0.998838 0.000562412
9.995E-005 9.995E-005 0.00431228 9.995E-005 9.995E-005 9.995E-005 0.992959 0.00222912
9.9964E-005 9.9964E-005 0.00221655 0.00118662 9.9964E-005 9.9964E-005 0.000791868 0.995405
0.00013841 9.9973E-005 9.9973E-005 9.9973E-005 0.0120829 0.0145103 0.00174819 0.97122
0.00298872 9.9955E-005 9.9955E-005 9.9955E-005 9.9955E-005 0.0289749 9.9955E-005 0.967537
9.9964E-005 0.000883085 9.9964E-005 9.9964E-005 0.000443138 0.00459359 9.9964E-005 0.99368
9.9964E-005 9.9964E-005 0.00411848 0.00441641 9.9964E-005 9.9964E-005 0.00169259 0.989373
9.994E-005 9.994E-005 9.994E-005 9.994E-005 9.994E-005 9.994E-005 9.994E-005 0.9993
9.99513E-005 9.99513E-005 9.99513E-005 0.998684 9.99513E-005 9.99513E-005 9.99513E-005 0.000716053
9.9946E-005 9.9946E-005 9.9946E-005 0.000974984 9.9946E-005 9.9946E-005 0.998425 9.9946E-005
9.9955E-005 9.9955E-005 9.9955E-005 0.996938 0.000417146 9.9955E-005 0.00214479 9.9955E-005
9.994E-005 9.994E-005 9.994E-005 9.994E-005 9.994E-005 9.994E-005 0.9993 9.994E-005
9.9946E-005 9.9946E-005 0.00293312 9.9946E-005 9.9946E-005 9.9946E-005 0.996467 9.9946E-005
0.0114816 9.9955E-005 9.9955E-005 9.9955E-005 9.9955E-005 0.984806 0.00321277 9.9955E-005
9.994E-005 9.994E-005 9.994E-005 9.994E-005 9.994E-005 0.9993 9.994E-005 9.994E-005
9.994E-005 9.994E-005 9.994E-005 9.994E-005 9.994E-005 0.9993 9.994E-005 9.994E-005
9.9973E-005 9.9973E-005 0.00143974 0.0025847 9.9973E-005 0.991148 0.00224472 0.00228254
0.00409291 9.9973E-005 0.00604851 0.000332272 9.9973E-005 0.988737 0.000489264 9.9973E-005
9.994E-005 9.994E-005 9.994E-005 9.994E-005 9.994E-005 0.9993 9.994E-005 9.994E-005
9.9946E-005 9.9946E-005 9.9946E-005 9.9946E-005 0.000120813 9.9946E-005 0.99928 9.9946E-005
9.9964E-005 0.0142118 9.9964E-005 0.00708465 0.00713865 9.9964E-005 0.971165 9.9964E-005
9.994E-005 9.994E-005 9.994E-005 9.994E-005 9.994E-005 9.994E-005 0.9993 9.994E-005
9.994E-005 9.994E-005 9.994E-005 9.994E-005 9.994E-005 9.994E-005 0.9993 9.994E-005
9.9964E-005 0.0034132 9.9964E-005 0.000238706 0.00231222 9.9964E-005 0.993636 9.9964E-005
9.994E-005 9.994E-005 9.994E-005 9.994E-005 9.994E-005 9.994E-005 0.9993 9.994E-005
9.9946E-005 9.9946E-005 0.0116282 9.9946E-005 9.9946E-005 9.9946E-005 0.987772 9.9946E-005
9.9973E-005 9.9973E-005 0.0201075 0.00120088 0.00117497 0.00703372 0.970183 9.9973E-005
0.00436066 9.9982E-005 0.00889365 0.00298625 0.00218539 0.00203016 0.979344 9.9982E-005
9.9946E-005 9.9946E-005 9.9946E-005 9.9946E-005 0.00614072 9.9946E-005 0.99326 9.9946E-005
0.000390571 9.9955E-005 0.0209832 9.9955E-005 9.9955E-005 9.9955E-005 0.978126 9.9955E-005
9.9955E-005 9.9955E-005 0.0134823 9.9955E-005 9.9955E-005 9.9955E-005 0.983692 0.00232609
0.00740778 0.0271129 9.9973E-005 0.00413574 9.9973E-005 9.9973E-005 0.960895 0.000149052
0.00202022 0.011413 9.9973E-005 0.0029251 0.00170034 9.9973E-005 0.981641 9.9973E-005
0.00373565 9.9973E-005 9.9973E-005 0.000949844 0.00176637 0.98993 9.9973E-005 0.00331829
0.0244632 0.00185882 9.9973E-005 9.9973E-005 0.0375295 0.834431 9.9973E-005 0.101418
0.0166283 0.00320752 9.9982E-005 9.9982E-005 0.0434009 0.844962 0.00262412 0.0889775
9.9955E-005 9.9955E-005 0.989673 9.9955E-005 9.9955E-005 9.9955E-005 0.00422699 0.00560009
9.9946E-005 0.0100212 0.989379 9.9946E-005 9.9946E-005 9.9946E-005 9.9946E-005 9.9946E-005
0.0196931 0.00335491 0.00179445 9.9982E-005 0.037709 0.841896 9.9982E-005 0.0953526
0.0473484 9.9982E-005 9.9982E-005 0.00608975 0.0535241 0.725057 0.00872525 0.159056
0.0531524 0.00885698 0.0231843 0.0644148 0.0650891 0.549031 0.0847601 0.151511
0.738094 9.9973E-005 9.9973E-005 9.9973E-005 0.0987438 0.136823 0.00489238 0.0211468
0.729769 0.003169 9.9973E-005 9.9973E-005 0.105824 0.127188 9.9973E-005 0.0337489
9.994E-005 9.994E-005 0.9993 9.994E-005 9.994E-005 9.994E-005 9.994E-005 9.994E-005
9.994E-005 9.994E-005 0.9993 9.994E-005 9.994E-005 9.994E-005 9.994E-005 9.994E-005
0.737496 0.00521088 9.9991E-005 0.000629546 0.1064 0.122815 0.00322756 0.0241221
0.0438075 9.9973E-005 0.00319402 9.9973E-005 0.0526264 0.749629 9.9973E-005 0.150443
9.994E-005 9.994E-005 0.9993 9.994E-005 9.994E-005 9.994E-005 9.994E-005 9.994E-005
0.747959 0.00316672 9.9982E-005 9.9982E-005 0.104442 0.112542 0.000556031 0.0311347
0.0259242 9.9991E-005 0.00432894 0.00466168 0.042789 0.811571 0.00810292 0.102523
0.01717 9.9964E-005 9.9964E-005 9.9964E-005 0.036392 0.853316 9.9964E-005 0.0927225
0.0449321 0.0149965 0.00301647 0.0403087 0.0488737 0.639983 0.0365682 0.171321
0.273052 0.0132594 9.9991E-005 0.00991974 0.288734 0.29238 0.00256997 0.119984
0.0280562 0.000482673 9.9982E-005 9.9982E-005 0.0372938 0.84825 0.00452403 0.081193
0.0205887 0.00182812 9.9982E-005 0.000224259 0.0491668 0.8209 9.9982E-005 0.107092
0.0275268 9.99948E-005 0.00229503 0.00277518 0.0379524 0.827803 0.00147706 0.100071
9.9964E-005 0.0536622 0.936713 0.00584752 0.00337761 9.9964E-005 9.9964E-005 9.9964E-005
0.0323591 0.00398676 9.9982E-005 9.9982E-005 0.0356899 0.845012 0.000738085 0.082014
9.9946E-005 9.9946E-005 0.996052 9.9946E-005 9.9946E-005 9.9946E-005 0.00334862 9.9946E-005
0.0223747 9.9964E-005 9.9964E-005 9.9964E-005 0.0348931 0.865529 9.9964E-005 0.076803
9.994E-005 9.994E-005 0.9993 9.994E-005 9.994E-005 9.994E-005 9.994E-005 9.994E-005
0.996934 9.9946E-005 0.00246599 9.9946E-005 9.9946E-005 9.9946E-005 9.9946E-005 9.9946E-005
0.0151669 0.00263708 0.000947578 9.9991E-005 0.03588 0.872126 0.00120372 0.0719385
0.942002 9.99743E-005 0.000993029 9.99743E-005 0.0233903 0.0311358 9.99743E-005 0.00217938
0.0240129 0.00269634 9.9991E-005 0.00105156 0.0312521 0.858974 0.00229222 0.0796214
0.03173 9.9982E-005 9.9982E-005 0.000605219 0.0477864 0.843088 0.00321267 0.0733777
0.0145579 0.00161427 0.000616443 9.9982E-005 0.0356944 0.870248 9.9982E-005 0.0770688
0.0141987 9.9973E-005 0.00128937 9.9973E-005 0.0311134 0.867803 9.9973E-005 0.0852959
9.99479E-005 0.000453762 0.998947 9.99479E-005 9.99479E-005 9.99479E-005 9.99479E-005 9.99479E-005
9.994E-005 9.994E-005 9.994E-005 9.994E-005 9.994E-005 0.9993 9.994E-005 9.994E-005
9.9955E-005 9.9955E-005 9.9955E-005 0.00112545 9.9955E-005 0.99763 0.000744745 9.9955E-005
0.00300024 9.9946E-005 9.9946E-005 9.9946E-005 9.9946E-005 0.9964 9.9946E-005 9.9946E-005
0.000112708 0.00311147 9.9973E-005 0.00135909 0.00227654 9.9973E-005 9.9973E-005 0.99284
0.00467672 0.00291585 0.964952 0.0105378 9.9991E-005 0.00226526 0.0110621 0.00349002
9.9955E-005 9.9955E-005 9.9955E-005 9.9955E-005 0.00626839 0.0223669 9.9955E-005 0.970865
9.994E-005 9.994E-005 9.994E-005 9.994E-005 9.994E-005 9.994E-005 9.994E-005 0.9993
0.00297405 9.9964E-005 9.9964E-005 9.9964E-005 0.00736133 0.0289489 9.9964E-005 0.960316
9.994E-005 9.994E-005 9.994E-005 9.994E-005 9.994E-005 9.994E-005 9.994E-005 0.9993
0.00574895 9.99486E-005 9.99486E-005 9.99486E-005 9.99486E-005 9.99486E-005 9.99486E-005 0.993651
0.9993 9.994E-005 9.994E-005 9.994E-005 9.994E-005 9.994E-005 9.994E-005 9.994E-005
0.9993 9.994E-005 9.994E-005 9.994E-005 9.994E-005 9.994E-005 9.994E-005 9.994E-005
0.9993 9.994E-005 9.994E-005 9.994E-005 9.994E-005 9.994E-005 9.994E-005 9.994E-005
0.993213 9.9955E-005 9.9955E-005 0.00409415 9.9955E-005 9.9955E-005 0.00219258 9.9955E-005
0.0156614 9.9955E-005 0.0319429 9.9955E-005 9.9955E-005 9.9955E-005 9.9955E-005 0.951896
0.965144 9.9955E-005 9.9955E-005 9.9955E-005 9.9955E-005 0.023929 9.9955E-005 0.0104274
9.994E-005 9.994E-005 9.994E-005 9.994E-005 9.994E-005 9.994E-005 9.994E-005 0.9993
0.00774313 9.9964E-005 9.9964E-005 0.00013944 9.9964E-005 0.0184356 9.9964E-005 0.973282
0.00396196 9.9964E-005 9.9964E-005 9.9964E-005 0.000350231 0.0248035 9.9964E-005 0.970484
9.9946E-005 9.9946E-005 9.9946E-005 9.9946E-005 9.9946E-005 0.00180206 9.9946E-005 0.997598
9.9946E-005 9.9946E-005 9.9946E-005 9.9946E-005 9.9946E-005 0.0228076 9.9946E-005 0.976593
0.00458714 9.9964E-005 9.9964E-005 0.00157133 0.00672024 9.9964E-005 9.9964E-005 0.986721
0.00835771 0.00179411 9.9973E-005 9.9973E-005 0.00139162 0.0177152 9.9973E-005 0.970441
0.00493263 9.9955E-005 9.9955E-005 9.9955E-005 9.9955E-005 0.0287462 9.9955E-005 0.965821
0.00648276 9.9982E-005 9.9982E-005 0.00233709 0.0105286 0.0322227 0.000236095 0.947993
0.00778454 9.9982E-005 0.0002369 9.9982E-005 0.000242895 0.0155701 0.0020882 0.973877
0.00435829 9.9964E-005 9.9964E-005 0.00475476 0.0115726 9.9964E-005 9.9964E-005 0.978915
0.0098519 9.9964E-005 9.9964E-005 0.000706532 0.0172141 9.9964E-005 9.9964E-005 0.971828
0.000660146 9.9955E-005 9.9955E-005 9.9955E-005 9.9955E-005 0.0277147 9.9955E-005 0.971125
0.00208085 9.9982E-005 9.9982E-005 0.00258474 0.000504106 0.0317702 0.00252167 0.960338
0.00574252 9.99551E-005 9.99551E-005 9.99551E-005 9.99551E-005 0.0123139 9.99551E-005 0.981444
0.0103391 9.9991E-005 0.00221456 0.0111878 0.000853776 0.0212427 0.0101869 0.943875
9.9946E-005 9.9946E-005 0.00664414 9.9946E-005 9.9946E-005 9.9946E-005 0.992756 9.9946E-005
9.9946E-005 9.9946E-005 9.9946E-005 9.9946E-005 9.9946E-005 9.9946E-005 0.998275 0.00112509
9.9946E-005 9.9946E-005 9.9946E-005 9.9946E-005 9.9946E-005 0.00199986 0.9974 9.9946E-005
0.00579618 9.9982E-005 0.0024745 0.00779277 9.9982E-005 0.00999357 0.00507399 0.968669
0.264258 0.0332004 9.9991E-005 0.0221825 0.285267 0.239532 0.020497 0.134963
9.9955E-005 9.9955E-005 0.00127004 0.997083 0.00114729 9.9955E-005 9.9955E-005 9.9955E-005
0.00515605 0.000551124 0.00120345 0.99269 9.9964E-005 9.9964E-005 9.9964E-005 9.9964E-005
0.000449561 0.000220275 9.9955E-005 0.99883 9.9955E-005 9.9955E-005 9.9955E-005 9.9955E-005
9.9964E-005 9.9964E-005 0.00292264 0.99297 0.0022013 9.9964E-005 0.00150659 9.9964E-005
9.9946E-005 0.00286896 9.9946E-005 0.996531 9.9946E-005 9.9946E-005 9.9946E-005 9.9946E-005
9.994E-005 9.994E-005 9.994E-005 0.9993 9.994E-005 9.994E-005 9.994E-005 9.994E-005
9.9973E-005 0.0682568 0.00851313 0.0104514 0.00392633 9.9973E-005 0.908552 9.9973E-005
9.994E-005 9.994E-005 9.994E-005 0.9993 9.994E-005 9.994E-005 9.994E-005 9.994E-005
9.994E-005 9.994E-005 9.994E-005 9.994E-005 9.994E-005 9.994E-005 0.9993 9.994E-005
9.9973E-005 9.9973E-005 9.9973E-005 0.982052 0.00438733 0.00561255 0.00300387 0.00464477
9.9964E-005 0.00355297 0.000782639 0.992827 9.9964E-005 9.9964E-005 0.00243786 9.9964E-005
9.994E-005 9.994E-005 9.994E-005 0.9993 9.994E-005 9.994E-005 9.994E-005 9.994E-005
0.00150727 0.00172483 9.9964E-005 0.994986 9.9964E-005 9.9964E-005 9.9964E-005 0.0013816
0.0049791 0.00150617 0.000809648 9.9991E-005 0.0129326 0.0221941 0.000177007 0.957301
9.994E-005 9.994E-005 9.994E-005 0.9993 9.994E-005 9.994E-005 9.994E-005 9.994E-005
9.9955E-005 0.00399026 9.9955E-005 0.00139106 9.9955E-005 9.9955E-005 0.994119 9.9955E-005
0.00170551 9.9982E-005 0.00523199 0.00147644 9.9982E-005 0.00402276 0.000248377 0.987115
9.9946E-005 9.9946E-005 0.00185675 9.9946E-005 9.9946E-005 0.997544 9.9946E-005 9.9946E-005
9.9945E-005 9.9945E-005 9.9945E-005 0.997077 9.9945E-005 9.9945E-005 9.9945E-005 0.00232334
9.9946E-005 9.9946E-005 0.996144 9.9946E-005 9.9946E-005 0.00325672 9.9946E-005 9.9946E-005
9.9964E-005 0.028299 0.964242 0.0060966 9.9964E-005 0.000962943 9.9964E-005 9.9964E-005
9.994E-005 9.994E-005 9.994E-005 9.994E-005 9.994E-005 0.9993 9.994E-005 9.994E-005
9.9955E-005 0.0309061 0.9659 0.00269423 9.9955E-005 9.9955E-005 9.9955E-005 9.9955E-005
0.00242197 9.9955E-005 9.9955E-005 9.9955E-005 9.9955E-005 0.00907583 9.9955E-005 0.988002
0.00454517 9.9946E-005 9.9946E-005 9.9946E-005 9.9946E-005 9.9946E-005 9.9946E-005 0.994855
0.00495699 0.00388055 0.00087549 0.000257117 0.00176952 0.0406716 0.00565343 0.941935
0.00420778 9.9955E-005 9.9955E-005 9.9955E-005 0.00251427 9.9955E-005 9.9955E-005 0.992778
0.0066048 9.9955E-005 9.9955E-005 9.9955E-005 9.9955E-005 0.0412457 9.9955E-005 0.95165
0.00148441 9.9982E-005 9.9982E-005 0.00214841 0.00253297 0.022731 0.00649419 0.964409
9.9946E-005 9.9946E-005 9.9946E-005 9.9946E-005 9.9946E-005 9.9946E-005 0.000744321 0.998656
9.994E-005 9.994E-005 9.994E-005 9.994E-005 9.994E-005 0.9993 9.994E-005 9.994E-005
9.9946E-005 0.00159821 9.9946E-005 9.9946E-005 9.9946E-005 0.997802 9.9946E-005 9.9946E-005
9.994E-005 9.994E-005 9.994E-005 9.994E-005 9.994E-005 9.994E-005 9.994E-005 0.9993
9.9955E-005 9.9955E-005 0.00255421 9.9955E-005 9.9955E-005 9.9955E-005 0.990393 0.00655335
9.9982E-005 0.0717549 0.0032929 0.0129831 0.00220261 0.0114325 0.898134 9.9982E-005
0.00425764 0.0496184 0.0330965 0.0104611 9.9982E-005 9.9982E-005 0.890927 0.0114391
0.0394775 0.0643674 0.0514045 0.0701087 0.0299414 0.0930543 0.58347 0.0681765
9.9973E-005 0.0683861 0.0113822 0.00999819 0.00248422 9.9973E-005 0.907449 9.9973E-005
0.000514125 9.9973E-005 0.00272392 0.00378019 9.9973E-005 0.00975092 0.982931 9.9973E-005
9.994E-005 9.994E-005 9.994E-005 9.994E-005 9.994E-005 9.994E-005 0.9993 9.994E-005
9.994E-005 9.994E-005 9.994E-005 9.994E-005 9.994E-005 9.994E-005 0.9993 9.994E-005
0.000403862 0.0819613 9.9973E-005 0.0102046 0.00520579 9.9973E-005 0.901924 9.9973E-005
9.994E-005 9.994E-005 9.994E-005 9.994E-005 9.994E-005 0.9993 9.994E-005 9.994E-005
9.9973E-005 0.00756651 0.986962 0.000157999 9.9973E-005 0.0031461 0.00186773 9.9973E-005
0.0642071 0.0227948 0.0211082 0.073808 0.0383346 0.597731 0.0866348 0.0953815
9.9946E-005 9.9946E-005 9.9946E-005 9.9946E-005 9.9946E-005 0.998826 0.000574797 9.9946E-005
9.9946E-005 9.9946E-005 9.9946E-005 9.9946E-005 9.9946E-005 0.998742 0.000658139 9.9946E-005
9.9955E-005 9.9955E-005 0.985901 9.9955E-005 9.9955E-005 9.9955E-005 0.00830367 0.00529528
0.00050747 9.9946E-005 9.9946E-005 0.998893 9.9946E-005 9.9946E-005 9.9946E-005 9.9946E-005
0.0346688 0.00302492 9.9973E-005 9.9973E-005 0.0427889 0.268917 9.9973E-005 0.6503
9.994E-005 9.994E-005 9.994E-005 9.994E-005 9.994E-005 0.9993 9.994E-005 9.994E-005
9.994E-005 9.994E-005 9.994E-005 9.994E-005 9.994E-005 0.9993 9.994E-005 9.994E-005
9.994E-005 9.994E-005 9.994E-005 9.994E-005 9.994E-005 0.9993 9.994E-005 9.994E-005
9.994E-005 9.994E-005 9.994E-005 9.994E-005 9.994E-005 0.9993 9.994E-005 9.994E-005
9.994E-005 9.994E-005 9.994E-005 9.994E-005 9.994E-005 0.9993 9.994E-005 9.994E-005
9.994E-005 9.994E-005 9.994E-005 9.994E-005 9.994E-005 0.9993 9.994E-005 9.994E-005
