0.00854137 0.0216619 9.995E-005 9.995E-005 9.995E-005 0.000516724 0.0134856 9.995E-005 0.0303715 9.995E-005 0.0199028 0.90502
0.0135885 0.0122541 9.9973E-005 0.00107505 9.9973E-005 9.9973E-005 0.021747 0.00344922 0.0294538 0.0015226 0.0205376 0.896072
0.00322367 0.0146103 9.9964E-005 0.00011746 0.00239365 9.9964E-005 0.0566004 9.9964E-005 0.889404 9.9964E-005 0.0318623 0.00138809
0.00191365 0.0196609 9.9946E-005 9.9946E-005 0.000215797 9.9946E-005 0.0557097 9.9946E-005 0.90159 9.9946E-005 0.02031 9.9946E-005
0.00779185 0.00664064 9.9973E-005 9.9973E-005 0.000330981 0.000674639 0.0260198 9.9973E-005 0.91923 0.00378088 0.0241896 0.0110417
9.991E-005 9.991E-005 9.991E-005 9.991E-005 9.991E-005 9.991E-005 9.991E-005 0.000127645 0.998873 9.991E-005 9.991E-005 9.991E-005
9.99011E-005 9.99011E-005 9.99011E-005 9.99011E-005 9.99011E-005 9.99011E-005 9.99011E-005 9.99011E-005 0.998901 9.99011E-005 9.99011E-005 9.99011E-005
9.99011E-005 9.99011E-005 9.99011E-005 9.99011E-005 9.99011E-005 9.99011E-005 9.99011E-005 9.99011E-005 0.998901 9.99011E-005 9.99011E-005 9.99011E-005
9.9928E-005 0.00161322 0.979056 9.9928E-005 0.00806726 9.9928E-005 9.9928E-005 0.010464 9.9928E-005 9.9928E-005 9.9928E-005 9.9928E-005
9.9937E-005 9.9937E-005 0.0015597 0.00311805 0.00217515 9.9937E-005 9.9937E-005 9.9937E-005 9.9937E-005 9.9937E-005 0.985466 0.0069814
9.99191E-005 9.99191E-005 9.99191E-005 9.99191E-005 0.00304923 9.99191E-005 9.99191E-005 9.99191E-005 9.99191E-005 0.00469087 0.991361 9.99191E-005
9.99011E-005 9.99011E-005 9.99011E-005 9.99011E-005 9.99011E-005 9.99011E-005 9.99011E-005 0.998901 9.99011E-005 9.99011E-005 9.99011E-005 9.99011E-005
9.9946E-005 9.9946E-005 0.00267237 0.00182798 0.00229977 9.9946E-005 9.9946E-005 9.9946E-005 9.9946E-005 0.000179847 0.987979 0.00444119
9.99191E-005 9.99191E-005 9.99191E-005 9.99191E-005 0.00151163 9.99191E-005 9.99191E-005 9.99191E-005 9.99191E-005 0.00226526 0.995324 9.99191E-005
9.9928E-005 9.9928E-005 9.9928E-005 0.00121949 0.000289651 9.9928E-005 9.9928E-005 9.9928E-005 9.9928E-005 0.00112295 0.996568 9.9928E-005
9.9928E-005 9.9928E-005 9.9928E-005 9.9928E-005 0.00363832 9.9928E-005 9.9928E-005 9.9928E-005 9.9928E-005 0.00290203 0.991992 0.000667902
9.99101E-005 9.99101E-005 9.99101E-005 0.00139153 9.99101E-005 9.99101E-005 9.99101E-005 0.997609 9.99101E-005 9.99101E-005 9.99101E-005 9.99101E-005
9.9937E-005 0.00130312 9.9937E-005 9.9937E-005 9.9937E-005 9.9937E-005 0.974772 9.9937E-005 0.000203561 9.9937E-005 0.0125538 0.0104677
9.99055E-005 9.99055E-005 9.99055E-005 9.99055E-005 9.99055E-005 9.99055E-005 9.99055E-005 9.99055E-005 9.99055E-005 9.99055E-005 9.99055E-005 0.998901
9.9919E-005 9.9919E-005 9.9919E-005 0.000634998 0.000795722 9.9919E-005 9.9919E-005 9.9919E-005 9.9919E-005 9.9919E-005 9.9919E-005 0.99767
9.99011E-005 9.99011E-005 9.99011E-005 9.99011E-005 9.99011E-005 9.99011E-005 9.99011E-005 9.99011E-005 9.99011E-005 9.99011E-005 9.99011E-005 0.998901
9.99011E-005 9.99011E-005 9.99011E-005 9.99011E-005 9.99011E-005 9.99011E-005 9.99011E-005 9.99011E-005 9.99011E-005 9.99011E-005 9.99011E-005 0.998901
9.991E-005 9.991E-005 9.991E-005 0.00245785 9.991E-005 9.991E-005 9.991E-005 9.991E-005 9.991E-005 9.991E-005 9.991E-005 0.996543
9.99011E-005 9.99011E-005 9.99011E-005 9.99011E-005 9.99011E-005 9.99011E-005 9.99011E-005 9.99011E-005 9.99011E-005 9.99011E-005 9.99011E-005 0.998901
9.99101E-005 0.00325848 9.99101E-005 9.99101E-005 9.99101E-005 9.99101E-005 9.99101E-005 9.99101E-005 9.99101E-005 9.99101E-005 9.99101E-005 0.995742
9.99011E-005 9.99011E-005 9.99011E-005 9.99011E-005 9.99011E-005 9.99011E-005 9.99011E-005 9.99011E-005 9.99011E-005 9.99011E-005 9.99011E-005 0.998901
9.99101E-005 9.99101E-005 9.99101E-005 9.99101E-005 9.99101E-005 9.99101E-005 0.00733038 9.99101E-005 9.99101E-005 9.99101E-005 9.99101E-005 0.991671
9.9928E-005 9.9928E-005 9.9928E-005 0.000903912 0.00302466 0.00114412 9.9928E-005 9.9928E-005 9.9928E-005 9.9928E-005 9.9928E-005 0.994128
0.867601 0.0918157 9.9928E-005 9.9928E-005 9.9928E-005 9.9928E-005 9.9928E-005 9.9928E-005 0.0151992 9.9928E-005 9.9928E-005 0.0245844
0.895349 0.0836912 0.000276582 0.00317553 0.000701519 9.9973E-005 0.0024516 9.9973E-005 0.00576272 9.9973E-005 0.0024499 0.00584225
0.998901 9.99011E-005 9.99011E-005 9.99011E-005 9.99011E-005 9.99011E-005 9.99011E-005 9.99011E-005 9.99011E-005 9.99011E-005 9.99011E-005 9.99011E-005
0.998901 9.99011E-005 9.99011E-005 9.99011E-005 9.99011E-005 9.99011E-005 9.99011E-005 9.99011E-005 9.99011E-005 9.99011E-005 9.99011E-005 9.99011E-005
0.998901 9.99011E-005 9.99011E-005 9.99011E-005 9.99011E-005 9.99011E-005 9.99011E-005 9.99011E-005 9.99011E-005 9.99011E-005 9.99011E-005 9.99011E-005
9.99011E-005 9.99011E-005 9.99011E-005 9.99011E-005 9.99011E-005 9.99011E-005 0.998901 9.99011E-005 9.99011E-005 9.99011E-005 9.99011E-005 9.99011E-005
9.99011E-005 9.99011E-005 9.99011E-005 9.99011E-005 9.99011E-005 9.99011E-005 0.998901 9.99011E-005 9.99011E-005 9.99011E-005 9.99011E-005 9.99011E-005
9.99011E-005 9.99011E-005 9.99011E-005 9.99011E-005 9.99011E-005 9.99011E-005 0.998901 9.99011E-005 9.99011E-005 9.99011E-005 9.99011E-005 9.99011E-005
9.99011E-005 9.99011E-005 9.99011E-005 9.99011E-005 9.99011E-005 9.99011E-005 0.998901 9.99011E-005 9.99011E-005 9.99011E-005 9.99011E-005 9.99011E-005
0.000512079 9.9928E-005 9.9928E-005 9.9928E-005 9.9928E-005 0.00151716 9.9928E-005 0.0133728 9.9928E-005 0.983799 9.9928E-005 9.9928E-005
0.996957 9.99191E-005 9.99191E-005 9.99191E-005 9.99191E-005 9.99191E-005 9.99191E-005 9.99191E-005 9.99191E-005 0.00114817 9.99191E-005 0.000995256
0.976677 9.99382E-005 0.00705057 9.99382E-005 0.00016433 9.99382E-005 0.0116074 9.99382E-005 9.99382E-005 9.99382E-005 0.00380139 9.99382E-005
0.998642 9.99101E-005 9.99101E-005 9.99101E-005 0.000359213 9.99101E-005 9.99101E-005 9.99101E-005 9.99101E-005 9.99101E-005 9.99101E-005 9.99101E-005
0.99467 9.9919E-005 9.9919E-005 9.9919E-005 9.9919E-005 0.00399228 9.9919E-005 0.000438373 9.9919E-005 9.9919E-005 9.9919E-005 9.9919E-005
9.9928E-005 9.9928E-005 0.983244 9.9928E-005 0.00517582 9.9928E-005 9.9928E-005 0.00766316 9.9928E-005 9.9928E-005 9.9928E-005 0.00311711
9.9955E-005 9.9955E-005 0.918828 0.0099503 0.00253493 0.0495741 9.9955E-005 0.00236463 9.9955E-005 0.0111369 9.9955E-005 0.00511147
9.9928E-005 9.9928E-005 0.99094 9.9928E-005 0.000626544 9.9928E-005 9.9928E-005 0.00488781 9.9928E-005 9.9928E-005 9.9928E-005 0.00274634
0.000402093 9.9946E-005 0.981892 0.00710601 9.9946E-005 9.9946E-005 9.9946E-005 9.9946E-005 9.9946E-005 0.00179351 0.00200486 0.00620142
9.9946E-005 9.9946E-005 0.986933 0.000850675 0.000354467 9.9946E-005 9.9946E-005 9.9946E-005 9.9946E-005 0.00813714 0.00165932 0.0014655
9.9928E-005 9.9928E-005 0.983956 9.9928E-005 9.9928E-005 0.0130639 9.9928E-005 9.9928E-005 0.0016328 0.000547455 9.9928E-005 9.9928E-005
9.99101E-005 9.99101E-005 0.992503 9.99101E-005 9.99101E-005 9.99101E-005 9.99101E-005 0.00649771 9.99101E-005 9.99101E-005 9.99101E-005 9.99101E-005
9.993E-005 9.993E-005 0.980211 0.00776682 9.993E-005 0.00630467 9.993E-005 9.993E-005 9.993E-005 0.00414645 0.000871256 9.993E-005
9.99281E-005 9.99281E-005 9.99281E-005 0.0064318 9.99281E-005 9.99281E-005 0.0106336 9.99281E-005 0.00582421 9.99281E-005 0.976311 9.99281E-005
9.9937E-005 0.0122327 9.9937E-005 9.9937E-005 9.9937E-005 9.9937E-005 0.00242373 9.9937E-005 0.0140926 9.9937E-005 0.967524 0.00302706
0.00364305 0.00192241 9.9946E-005 9.9946E-005 9.9946E-005 9.9946E-005 0.000173927 9.9946E-005 0.0260864 9.9946E-005 0.967339 0.000235866
0.000583846 0.000659715 9.9946E-005 9.9946E-005 0.000234216 9.9946E-005 0.00365099 9.9946E-005 9.9946E-005 0.000941782 0.99333 9.9946E-005
9.99406E-005 9.99406E-005 0.00205179 0.00201048 0.00349969 9.99406E-005 9.99406E-005 9.99406E-005 9.99406E-005 0.00354235 0.988196 9.99406E-005
0.00304277 9.99191E-005 9.99191E-005 9.99191E-005 9.99191E-005 9.99191E-005 0.00907064 9.99191E-005 9.99191E-005 9.99191E-005 0.986987 9.99191E-005
9.99026E-005 9.99026E-005 9.99026E-005 9.99026E-005 0.998901 9.99026E-005 9.99026E-005 9.99026E-005 9.99026E-005 9.99026E-005 9.99026E-005 9.99026E-005
9.99191E-005 9.99191E-005 0.997035 9.99191E-005 0.00161011 9.99191E-005 9.99191E-005 9.99191E-005 9.99191E-005 0.000455619 9.99191E-005 9.99191E-005
9.9937E-005 9.9937E-005 9.9937E-005 0.00197121 0.98925 0.00287162 9.9937E-005 0.000467804 0.0047403 9.9937E-005 9.9937E-005 9.9937E-005
9.99011E-005 9.99011E-005 0.998901 9.99011E-005 9.99011E-005 9.99011E-005 9.99011E-005 9.99011E-005 9.99011E-005 9.99011E-005 9.99011E-005 9.99011E-005
9.99191E-005 9.99191E-005 0.99621 9.99191E-005 9.99191E-005 9.99191E-005 9.99191E-005 9.99191E-005 9.99191E-005 0.00221636 9.99191E-005 0.000674622
9.9955E-005 0.0219684 0.00200705 9.9955E-005 0.00118928 9.9955E-005 0.0418485 9.9955E-005 0.903045 9.9955E-005 0.0172259 0.0122165
9.99011E-005 9.99011E-005 9.99011E-005 9.99011E-005 9.99011E-005 9.99011E-005 9.99011E-005 9.99011E-005 0.998901 9.99011E-005 9.99011E-005 9.99011E-005
9.99011E-005 9.99011E-005 9.99011E-005 9.99011E-005 9.99011E-005 9.99011E-005 9.99011E-005 9.99011E-005 0.998901 9.99011E-005 9.99011E-005 9.99011E-005
0.00307485 0.00764865 0.00367401 9.9973E-005 0.00151084 9.9973E-005 0.0148187 9.9973E-005 0.921007 0.000124815 0.0409366 0.00690465
9.9973E-005 0.0100509 0.00175366 9.9973E-005 0.00101895 0.00206436 0.02648 9.9973E-005 0.929065 0.000206583 0.0264296 0.00263065
9.9937E-005 9.9937E-005 9.9937E-005 9.9937E-005 9.9937E-005 0.000187635 9.9937E-005 0.00115861 0.996686 9.9937E-005 0.000168816 0.00109982
9.99011E-005 9.99011E-005 0.998901 9.99011E-005 9.99011E-005 9.99011E-005 9.99011E-005 9.99011E-005 9.99011E-005 9.99011E-005 9.99011E-005 9.99011E-005
0.00409272 9.9946E-005 0.914686 9.9946E-005 0.00729062 0.0498028 9.9946E-005 0.0184764 9.9946E-005 9.9946E-005 9.9946E-005 0.00505184
9.99011E-005 9.99011E-005 0.998901 9.99011E-005 9.99011E-005 9.99011E-005 9.99011E-005 9.99011E-005 9.99011E-005 9.99011E-005 9.99011E-005 9.99011E-005
9.9928E-005 0.00108481 0.991887 9.9928E-005 9.9928E-005 9.9928E-005 9.9928E-005 0.00481648 9.9928E-005 9.9928E-005 9.9928E-005 0.00141233
9.9928E-005 9.9928E-005 0.99118 9.9928E-005 0.00166837 9.9928E-005 9.9928E-005 0.00439289 9.9928E-005 9.9928E-005 9.9928E-005 0.00195958
9.9937E-005 9.9937E-005 0.990651 0.000233217 9.9937E-005 0.00505993 9.9937E-005 9.9937E-005 9.9937E-005 0.00217591 9.9937E-005 0.00118077
9.9937E-005 9.9937E-005 0.92832 0.00226352 9.9937E-005 0.0595433 9.9937E-005 0.00160837 9.9937E-005 0.00756486 9.9937E-005 9.9937E-005
0.00297582 9.9946E-005 0.898531 9.9946E-005 0.0021958 0.0780965 9.9946E-005 9.9946E-005 0.00165363 0.0159472 9.9946E-005 9.9946E-005
0.0021151 0.00134912 0.894849 9.9955E-005 0.00568814 0.0779952 9.9955E-005 0.0087739 9.9955E-005 0.00872996 9.9955E-005 9.9955E-005
9.99101E-005 9.99101E-005 0.99335 9.99101E-005 9.99101E-005 9.99101E-005 9.99101E-005 9.99101E-005 9.99101E-005 9.99101E-005 9.99101E-005 0.00565071
9.9937E-005 9.9937E-005 0.898994 0.0010767 0.00145982 0.0771925 9.9937E-005 9.9937E-005 9.9937E-005 0.0205775 9.9937E-005 9.9937E-005
9.99281E-005 9.99281E-005 0.905887 0.0253323 9.99281E-005 0.0543726 9.99281E-005 9.99281E-005 9.99281E-005 0.0136091 9.99281E-005 9.99281E-005
9.9928E-005 9.9928E-005 0.920873 9.9928E-005 0.0100733 0.0398484 9.9928E-005 0.0284058 9.9928E-005 9.9928E-005 9.9928E-005 9.9928E-005
9.9937E-005 9.9937E-005 0.919489 9.9937E-005 0.0010859 0.0613707 9.9937E-005 0.0166145 9.9937E-005 9.9937E-005 9.9937E-005 0.000740173
0.00180971 0.0147572 9.9955E-005 9.9955E-005 9.9955E-005 9.9955E-005 0.0504084 0.00028352 0.897036 9.9955E-005 0.0269404 0.00826537
9.9937E-005 0.0151813 9.9937E-005 9.9937E-005 9.9937E-005 9.9937E-005 0.906704 9.9937E-005 0.0443894 9.9937E-005 0.024626 0.00840011
9.99101E-005 9.99101E-005 9.99101E-005 9.99101E-005 9.99101E-005 9.99101E-005 0.998549 9.99101E-005 9.99101E-005 0.000451755 9.99101E-005 9.99101E-005
9.99191E-005 0.000138831 9.99191E-005 0.00643486 9.99191E-005 9.99191E-005 9.99191E-005 9.99191E-005 9.99191E-005 0.992527 9.99191E-005 9.99191E-005
0.000157225 9.99191E-005 9.99191E-005 9.99191E-005 9.99191E-005 9.99191E-005 9.99191E-005 0.0174582 9.99191E-005 0.981485 9.99191E-005 9.99191E-005
9.9928E-005 9.9928E-005 9.9928E-005 9.9928E-005 9.9928E-005 0.000571004 0.977857 9.9928E-005 9.9928E-005 9.9928E-005 0.0177459 0.0030271
0.0157671 0.029505 9.9982E-005 0.00743358 0.00616117 0.00125248 0.446215 0.00290333 0.313668 9.9982E-005 0.135568 0.0413268
0.0436912 0.0210959 0.0759755 0.00714835 0.0675387 9.9991E-005 0.319471 0.0188712 0.241555 0.013881 0.144448 0.0462234
9.9901E-005 0.998901 9.9901E-005 9.9901E-005 9.9901E-005 9.9901E-005 9.9901E-005 9.9901E-005 9.9901E-005 9.9901E-005 9.9901E-005 9.9901E-005
0.0216329 0.959555 9.9937E-005 9.9937E-005 9.9937E-005 9.9937E-005 0.0122779 9.9937E-005 9.9937E-005 9.9937E-005 0.00239694 0.00343784
9.99101E-005 9.99101E-005 9.99101E-005 9.99101E-005 9.99101E-005 9.99101E-005 9.99101E-005 0.00813738 9.99101E-005 0.990864 9.99101E-005 9.99101E-005
9.99011E-005 9.99011E-005 9.99011E-005 9.99011E-005 9.99011E-005 9.99011E-005 9.99011E-005 9.99011E-005 9.99011E-005 0.998901 9.99011E-005 9.99011E-005
9.9901E-005 0.998901 9.9901E-005 9.9901E-005 9.9901E-005 9.9901E-005 9.9901E-005 9.9901E-005 9.9901E-005 9.9901E-005 9.9901E-005 9.9901E-005
0.0314222 0.0208521 9.9955E-005 9.9955E-005 9.9955E-005 9.9955E-005 0.458419 0.00233809 0.319287 9.9955E-005 0.128277 0.0389049
9.99101E-005 9.99101E-005 0.00790836 9.99101E-005 9.99101E-005 9.99101E-005 9.99101E-005 9.99101E-005 9.99101E-005 0.991093 9.99101E-005 9.99101E-005
9.9901E-005 0.998901 9.9901E-005 9.9901E-005 9.9901E-005 9.9901E-005 9.9901E-005 9.9901E-005 9.9901E-005 9.9901E-005 9.9901E-005 9.9901E-005
0.0181178 9.9964E-005 9.9964E-005 0.00721599 0.00119331 9.9964E-005 0.928975 0.00256356 0.0114457 9.9964E-005 0.0241573 0.00593139
9.9919E-005 9.9919E-005 9.9919E-005 9.9919E-005 9.9919E-005 9.9919E-005 0.978288 9.9919E-005 0.00829304 9.9919E-005 0.0125192 9.9919E-005
0.0433204 0.00644787 0.0284855 9.9982E-005 0.0444621 0.0114513 0.433753 0.0133559 0.231731 9.9982E-005 0.13391 0.0528829
0.102435 0.229767 0.00639152 9.9982E-005 0.00834218 0.00247432 0.140721 0.00527449 0.132831 9.9982E-005 0.112329 0.259235
0.00635638 9.99633E-005 0.000617868 9.99633E-005 9.99633E-005 9.99633E-005 0.9744 0.00247466 0.00686546 9.99633E-005 0.00839504 0.000390863
0.000345862 0.0102202 9.9946E-005 9.9946E-005 9.9946E-005 9.9946E-005 0.954889 9.9946E-005 0.000843651 9.9946E-005 0.0285329 0.00456869
0.00606717 9.99529E-005 9.99529E-005 0.00339737 9.99529E-005 9.99529E-005 0.980133 9.99529E-005 0.00253275 0.000990318 0.00628017 9.99529E-005
9.9928E-005 9.9928E-005 9.9928E-005 9.9928E-005 0.00507161 9.9928E-005 0.00280962 0.0437291 9.9928E-005 0.94759 9.9928E-005 9.9928E-005
0.0147744 9.9946E-005 9.9946E-005 0.000252475 9.9946E-005 9.9946E-005 0.96988 0.000791749 0.00806559 9.9946E-005 0.00563595 9.9946E-005
9.99281E-005 9.99281E-005 0.00792601 9.99281E-005 0.000217599 9.99281E-005 9.99281E-005 9.99281E-005 9.99281E-005 0.990826 9.99281E-005 0.000231238
9.99011E-005 9.99011E-005 9.99011E-005 9.99011E-005 9.99011E-005 9.99011E-005 0.998901 9.99011E-005 9.99011E-005 9.99011E-005 9.99011E-005 9.99011E-005
9.99101E-005 9.99101E-005 9.99101E-005 0.00538176 9.99101E-005 9.99101E-005 9.99101E-005 9.99101E-005 9.99101E-005 0.993619 9.99101E-005 9.99101E-005
0.988401 0.00648321 9.9928E-005 0.000581494 9.9928E-005 9.9928E-005 9.9928E-005 9.9928E-005 9.9928E-005 9.9928E-005 9.9928E-005 0.00373444
9.99011E-005 9.99011E-005 9.99011E-005 9.99011E-005 9.99011E-005 9.99011E-005 0.998901 9.99011E-005 9.99011E-005 9.99011E-005 9.99011E-005 9.99011E-005
0.852416 0.0895697 9.9937E-005 9.9937E-005 9.9937E-005 9.9937E-005 9.9937E-005 9.9937E-005 0.0250913 9.9937E-005 0.0067024 0.0255208
9.99011E-005 9.99011E-005 9.99011E-005 9.99011E-005 9.99011E-005 9.99011E-005 0.998901 9.99011E-005 9.99011E-005 9.99011E-005 9.99011E-005 9.99011E-005
9.99101E-005 9.99101E-005 0.000633798 9.99101E-005 9.99101E-005 9.99101E-005 0.998367 9.99101E-005 9.99101E-005 9.99101E-005 9.99101E-005 9.99101E-005
9.99011E-005 9.99011E-005 9.99011E-005 9.99011E-005 9.99011E-005 9.99011E-005 0.998901 9.99011E-005 9.99011E-005 9.99011E-005 9.99011E-005 9.99011E-005
9.99011E-005 9.99011E-005 9.99011E-005 9.99011E-005 9.99011E-005 9.99011E-005 0.998901 9.99011E-005 9.99011E-005 9.99011E-005 9.99011E-005 9.99011E-005
9.99101E-005 9.99101E-005 0.00224449 9.99101E-005 9.99101E-005 9.99101E-005 9.99101E-005 9.99101E-005 9.99101E-005 0.996756 9.99101E-005 9.99101E-005
9.9928E-005 9.9928E-005 9.9928E-005 9.9928E-005 9.9928E-005 9.9928E-005 0.0109735 9.9928E-005 0.963631 9.9928E-005 0.0120288 0.0125675
9.9919E-005 9.9919E-005 9.9919E-005 9.9919E-005 9.9919E-005 9.9919E-005 9.9919E-005 9.9919E-005 0.970953 9.9919E-005 0.0158899 0.0122583
0.00663328 0.0154129 9.9946E-005 9.9946E-005 9.9946E-005 9.9946E-005 0.0232531 9.9946E-005 0.932073 9.9946E-005 0.0198787 0.00214903
9.9928E-005 9.9928E-005 9.9928E-005 9.9928E-005 9.9928E-005 0.00233597 9.9928E-005 0.000408271 9.9928E-005 9.9928E-005 0.992664 0.00379207
9.9955E-005 0.00308527 9.9955E-005 0.00423643 0.00237028 0.0116792 0.00452678 9.9955E-005 0.0107499 0.962852 9.9955E-005 9.9955E-005
9.9928E-005 9.9928E-005 9.9928E-005 9.9928E-005 9.9928E-005 9.9928E-005 0.0166482 9.9928E-005 0.0131358 9.9928E-005 0.965649 0.00376809
9.99191E-005 9.99191E-005 9.99191E-005 9.99191E-005 0.000189647 9.99191E-005 9.99191E-005 0.000699276 9.99191E-005 9.99191E-005 0.998212 9.99191E-005
9.9946E-005 0.00987678 9.9946E-005 9.9946E-005 9.9946E-005 9.9946E-005 0.00406954 0.00181004 0.0114171 9.9946E-005 0.971902 0.000324478
9.99011E-005 9.99011E-005 9.99011E-005 9.99011E-005 9.99011E-005 9.99011E-005 9.99011E-005 9.99011E-005 9.99011E-005 9.99011E-005 0.998901 9.99011E-005
9.99011E-005 9.99011E-005 9.99011E-005 9.99011E-005 9.99011E-005 9.99011E-005 9.99011E-005 9.99011E-005 9.99011E-005 9.99011E-005 0.998901 9.99011E-005
0.998901 9.99011E-005 9.99011E-005 9.99011E-005 9.99011E-005 9.99011E-005 9.99011E-005 9.99011E-005 9.99011E-005 9.99011E-005 9.99011E-005 9.99011E-005
0.998901 9.99011E-005 9.99011E-005 9.99011E-005 9.99011E-005 9.99011E-005 9.99011E-005 9.99011E-005 9.99011E-005 9.99011E-005 9.99011E-005 9.99011E-005
0.997474 9.99101E-005 9.99101E-005 0.00152733 9.99101E-005 9.99101E-005 9.99101E-005 9.99101E-005 9.99101E-005 9.99101E-005 9.99101E-005 9.99101E-005
0.990426 9.99101E-005 9.99101E-005 0.00857534 9.99101E-005 9.99101E-005 9.99101E-005 9.99101E-005 9.99101E-005 9.99101E-005 9.99101E-005 9.99101E-005
0.011876 0.00740907 9.9946E-005 0.00368784 9.9946E-005 9.9946E-005 0.00721436 9.9946E-005 9.9946E-005 0.026974 0.942239 9.9946E-005
0.904301 0.064037 9.9937E-005 9.9937E-005 9.9937E-005 9.9937E-005 9.9937E-005 9.9937E-005 0.0203664 9.9937E-005 0.00663282 0.00396341
9.99011E-005 9.99011E-005 9.99011E-005 9.99011E-005 9.99011E-005 9.99011E-005 9.99011E-005 9.99011E-005 9.99011E-005 9.99011E-005 0.998901 9.99011E-005
0.00243831 9.9937E-005 9.9937E-005 9.9937E-005 9.9937E-005 9.9937E-005 0.0182165 9.9937E-005 0.00426644 9.9937E-005 0.972149 0.00222985
9.9919E-005 9.9919E-005 9.9919E-005 9.9919E-005 9.9919E-005 9.9919E-005 0.0178786 9.9919E-005 0.00447952 9.9919E-005 0.976743 9.9919E-005
0.00545079 9.9937E-005 9.9937E-005 0.00322665 9.9937E-005 9.9937E-005 0.00674854 9.9937E-005 0.00615114 9.9937E-005 0.977723 9.9937E-005
9.9928E-005 9.9928E-005 9.9928E-005 9.9928E-005 9.9928E-005 9.9928E-005 0.00674154 9.9928E-005 0.0216365 0.000104395 0.970718 9.9928E-005
0.00242738 9.9937E-005 9.9937E-005 0.0033144 9.9937E-005 9.9937E-005 9.9937E-005 9.9937E-005 0.00411973 9.9937E-005 0.985005 0.00443404
0.00587264 9.9928E-005 9.9928E-005 9.9928E-005 9.9928E-005 9.9928E-005 0.0147447 0.00142415 9.9928E-005 9.9928E-005 0.977159 9.9928E-005
9.9919E-005 9.9919E-005 9.9919E-005 9.9919E-005 9.9919E-005 9.9919E-005 0.0294028 9.9919E-005 0.00973665 9.9919E-005 0.959961 9.9919E-005
0.000661768 0.00763304 9.9955E-005 0.00575014 9.9955E-005 9.9955E-005 0.00193848 9.9955E-005 0.0152991 9.9955E-005 0.96564 0.00257752
0.000250786 0.00301828 9.9946E-005 0.00394461 9.9946E-005 9.9946E-005 0.00450324 9.9946E-005 0.0214858 9.9946E-005 0.966198 9.9946E-005
0.00625405 9.9937E-005 9.9937E-005 0.00135923 0.00159337 9.9937E-005 9.9937E-005 9.9937E-005 9.9937E-005 9.9937E-005 0.986102 0.0039913
0.00264282 9.99191E-005 9.99191E-005 9.99191E-005 9.99191E-005 9.99191E-005 9.99191E-005 9.99191E-005 9.99191E-005 9.99191E-005 0.985316 0.0111415
0.00794487 0.00149506 9.9946E-005 9.9946E-005 9.9946E-005 9.9946E-005 0.0217601 9.9946E-005 0.000641239 9.9946E-005 0.964955 0.00260388
9.9937E-005 0.0043504 9.9937E-005 9.9937E-005 9.9937E-005 0.00332597 0.00810084 9.9937E-005 0.0290145 9.9937E-005 0.954509 9.9937E-005
0.00331561 9.99372E-005 9.99372E-005 9.99372E-005 9.99372E-005 9.99372E-005 0.00439633 9.99372E-005 0.00107405 9.99372E-005 0.989761 0.000753198
0.004135 9.995E-005 0.0044763 0.0121481 0.0108528 9.995E-005 9.995E-005 9.995E-005 0.00595745 0.000594898 0.961336 9.995E-005
9.99191E-005 9.99191E-005 0.975097 0.0136749 9.99191E-005 9.99191E-005 9.99191E-005 9.99191E-005 9.99191E-005 0.0103292 9.99191E-005 9.99191E-005
9.9928E-005 9.9928E-005 0.983919 0.0112474 0.000178569 9.9928E-005 9.9928E-005 9.9928E-005 9.9928E-005 9.9928E-005 0.00385512 9.9928E-005
9.99101E-005 9.99101E-005 0.994694 9.99101E-005 9.99101E-005 9.99101E-005 9.99101E-005 9.99101E-005 9.99101E-005 9.99101E-005 0.00430705 9.99101E-005
0.00253312 0.00259403 0.00467617 0.000713826 0.00848239 0.00251181 0.00762692 9.998E-005 0.00761564 9.998E-005 0.958739 0.00430739
0.0995643 0.222248 0.0128538 9.998E-005 0.0194926 0.0194852 0.121607 0.0191215 0.119878 9.998E-005 0.112828 0.252722
0.000546971 0.000392896 9.9928E-005 9.9928E-005 0.997798 9.9928E-005 9.9928E-005 9.9928E-005 9.9928E-005 0.000462988 9.9928E-005 9.9928E-005
9.99101E-005 0.0010633 9.99101E-005 9.99101E-005 0.997938 9.99101E-005 9.99101E-005 9.99101E-005 9.99101E-005 9.99101E-005 9.99101E-005 9.99101E-005
9.99011E-005 9.99011E-005 9.99011E-005 9.99011E-005 0.998901 9.99011E-005 9.99011E-005 9.99011E-005 9.99011E-005 9.99011E-005 9.99011E-005 9.99011E-005
9.99191E-005 9.99191E-005 9.99191E-005 9.99191E-005 0.98947 0.00682189 9.99191E-005 9.99191E-005 9.99191E-005 0.00280892 9.99191E-005 9.99191E-005
9.99011E-005 9.99011E-005 9.99011E-005 9.99011E-005 0.998901 9.99011E-005 9.99011E-005 9.99011E-005 9.99011E-005 9.99011E-005 9.99011E-005 9.99011E-005
9.99011E-005 9.99011E-005 9.99011E-005 9.99011E-005 0.998901 9.99011E-005 9.99011E-005 9.99011E-005 9.99011E-005 9.99011E-005 9.99011E-005 9.99011E-005
9.99101E-005 9.99101E-005 9.99101E-005 9.99101E-005 9.99101E-005 0.995689 9.99101E-005 9.99101E-005 9.99101E-005 0.0033115 9.99101E-005 9.99101E-005
9.99101E-005 0.000108726 9.99101E-005 9.99101E-005 0.998892 9.99101E-005 9.99101E-005 9.99101E-005 9.99101E-005 9.99101E-005 9.99101E-005 9.99101E-005
9.99101E-005 9.99101E-005 0.997756 9.99101E-005 9.99101E-005 9.99101E-005 9.99101E-005 9.99101E-005 0.00124503 9.99101E-005 9.99101E-005 9.99101E-005
9.99281E-005 9.99281E-005 9.99281E-005 0.018252 0.973131 9.99281E-005 9.99281E-005 9.99281E-005 0.00697562 9.99281E-005 0.000842341 9.99281E-005
9.9937E-005 9.9937E-005 0.00332973 9.9937E-005 0.992855 0.00066615 0.000664601 0.00178468 9.9937E-005 9.9937E-005 9.9937E-005 9.9937E-005
9.99101E-005 0.000957871 9.99101E-005 9.99101E-005 0.998043 9.99101E-005 9.99101E-005 9.99101E-005 9.99101E-005 9.99101E-005 9.99101E-005 9.99101E-005
9.99191E-005 0.000909527 9.99191E-005 9.99191E-005 0.99427 9.99191E-005 0.00392163 9.99191E-005 9.99191E-005 9.99191E-005 9.99191E-005 9.99191E-005
9.9946E-005 0.00836222 9.9946E-005 9.9946E-005 9.9946E-005 9.9946E-005 0.00981629 0.00281696 0.0244161 9.9946E-005 0.949456 0.0045327
9.99011E-005 9.99011E-005 9.99011E-005 9.99011E-005 0.998901 9.99011E-005 9.99011E-005 9.99011E-005 9.99011E-005 9.99011E-005 9.99011E-005 9.99011E-005
9.9937E-005 9.9937E-005 0.983183 9.9937E-005 0.00139756 9.9937E-005 0.00229956 0.0114768 0.000943801 9.9937E-005 9.9937E-005 9.9937E-005
9.9955E-005 9.9955E-005 9.9955E-005 0.00374183 0.00393954 0.000817495 0.0217606 0.000739044 0.00210148 9.9955E-005 0.9664 9.9955E-005
9.9928E-005 9.9928E-005 9.9928E-005 9.9928E-005 9.9928E-005 9.9928E-005 0.000368226 9.9928E-005 0.986013 9.9928E-005 0.00995139 0.00286756
9.99191E-005 9.99191E-005 9.99191E-005 0.00599304 0.992556 9.99191E-005 9.99191E-005 9.99191E-005 9.99191E-005 9.99191E-005 0.000551255 9.99191E-005
9.99011E-005 9.99011E-005 9.99011E-005 9.99011E-005 9.99011E-005 9.99011E-005 9.99011E-005 9.99011E-005 9.99011E-005 0.998901 9.99011E-005 9.99011E-005
9.9937E-005 9.9937E-005 9.9937E-005 9.9937E-005 0.00354022 9.9937E-005 9.9937E-005 0.0205654 0.00364313 0.969956 0.00159596 9.9937E-005
9.99011E-005 9.99011E-005 9.99011E-005 9.99011E-005 9.99011E-005 9.99011E-005 9.99011E-005 9.99011E-005 0.998901 9.99011E-005 9.99011E-005 9.99011E-005
9.9919E-005 9.9919E-005 9.9919E-005 9.9919E-005 0.00089067 9.9919E-005 9.9919E-005 0.0226008 9.9919E-005 0.975609 9.9919E-005 9.9919E-005
0.00517474 0.00188551 9.9928E-005 9.9928E-005 9.9928E-005 9.9928E-005 0.0117841 9.9928E-005 9.9928E-005 9.9928E-005 0.980356 9.9928E-005
0.0056204 9.9937E-005 9.9937E-005 0.00245444 9.9937E-005 9.9937E-005 0.00387483 9.9937E-005 0.00710031 9.9937E-005 0.98025 9.9937E-005
9.9946E-005 9.9946E-005 9.9946E-005 9.9946E-005 0.00339035 0.0071234 0.0353465 9.9946E-005 0.0182423 0.000219129 0.935079 9.9946E-005
0.00122541 9.9928E-005 0.000356246 9.9928E-005 0.000593803 9.9928E-005 9.9928E-005 9.9928E-005 9.9928E-005 9.9928E-005 0.997025 9.9928E-005
0.00106821 0.0067743 9.9955E-005 9.9955E-005 9.9955E-005 9.9955E-005 0.00972661 0.00047038 0.021495 9.9955E-005 0.956306 0.00365994
9.9964E-005 9.9964E-005 9.9964E-005 0.0059665 0.00282435 0.00206784 0.00507982 0.00266607 0.00974542 9.9964E-005 0.969014 0.00223606
0.00305521 0.00184851 9.9928E-005 9.9928E-005 9.9928E-005 9.9928E-005 9.9928E-005 9.9928E-005 9.9928E-005 9.9928E-005 0.993607 0.000690228
9.99011E-005 9.99011E-005 9.99011E-005 9.99011E-005 9.99011E-005 9.99011E-005 9.99011E-005 9.99011E-005 0.998901 9.99011E-005 9.99011E-005 9.99011E-005
9.99101E-005 9.99101E-005 9.99101E-005 0.00203449 9.99101E-005 9.99101E-005 9.99101E-005 9.99101E-005 0.996966 9.99101E-005 9.99101E-005 9.99101E-005
9.99137E-005 0.000152875 9.99137E-005 9.99137E-005 9.99137E-005 9.99137E-005 9.99137E-005 9.99137E-005 9.99137E-005 9.99137E-005 0.998848 9.99137E-005
9.99281E-005 9.99281E-005 0.969702 0.0267544 9.99281E-005 9.99281E-005 9.99281E-005 9.99281E-005 0.000401967 0.00234248 9.99281E-005 9.99281E-005
9.9928E-005 9.9928E-005 9.9928E-005 9.9928E-005 0.000897603 0.991521 0.000600915 9.9928E-005 0.00618117 9.9928E-005 9.9928E-005 9.9928E-005
9.99101E-005 9.99101E-005 9.99101E-005 0.0319831 9.99101E-005 0.967018 9.99101E-005 9.99101E-005 9.99101E-005 9.99101E-005 9.99101E-005 9.99101E-005
9.99011E-005 9.99011E-005 9.99011E-005 0.998901 9.99011E-005 9.99011E-005 9.99011E-005 9.99011E-005 9.99011E-005 9.99011E-005 9.99011E-005 9.99011E-005
9.99101E-005 9.99101E-005 0.0194135 9.99101E-005 9.99101E-005 0.979587 9.99101E-005 9.99101E-005 9.99101E-005 9.99101E-005 9.99101E-005 9.99101E-005
9.9946E-005 9.9946E-005 0.974027 0.00597849 0.00383512 9.9946E-005 9.9946E-005 9.9946E-005 0.00695009 0.00408684 0.00452228 9.9946E-005
9.99191E-005 9.99191E-005 0.984527 0.0130799 9.99191E-005 9.99191E-005 9.99191E-005 9.99191E-005 9.99191E-005 9.99191E-005 0.0014934 9.99191E-005
9.99101E-005 9.99101E-005 0.995365 9.99101E-005 9.99101E-005 9.99101E-005 9.99101E-005 9.99101E-005 9.99101E-005 0.00363584 9.99101E-005 9.99101E-005
9.99101E-005 9.99101E-005 9.99101E-005 9.99101E-005 9.99101E-005 0.995949 9.99101E-005 0.00305212 9.99101E-005 9.99101E-005 9.99101E-005 9.99101E-005
9.99011E-005 9.99011E-005 9.99011E-005 9.99011E-005 9.99011E-005 9.99011E-005 9.99011E-005 9.99011E-005 0.998901 9.99011E-005 9.99011E-005 9.99011E-005
9.99191E-005 9.99191E-005 9.99191E-005 0.0061872 0.00126019 9.99191E-005 9.99191E-005 9.99191E-005 9.99191E-005 0.991653 9.99191E-005 9.99191E-005
0.0423271 9.999E-005 0.0507363 0.0275485 0.0793603 0.0103023 0.0272629 0.0124151 0.566518 0.024598 0.126205 0.0326269
0.00144042 0.00106631 9.9937E-005 0.000537653 9.9937E-005 9.9937E-005 9.9937E-005 9.9937E-005 0.983801 9.9937E-005 0.0124551 9.9937E-005
0.00278636 9.9928E-005 9.9928E-005 0.00219995 9.9928E-005 9.9928E-005 9.9928E-005 9.9928E-005 0.976081 9.9928E-005 0.0181328 9.9928E-005
9.99191E-005 9.99191E-005 9.99191E-005 0.0100401 9.99191E-005 9.99191E-005 9.99191E-005 9.99191E-005 0.000577734 0.988483 9.99191E-005 9.99191E-005
9.99101E-005 9.99101E-005 9.99101E-005 0.00265043 0.99635 9.99101E-005 9.99101E-005 9.99101E-005 9.99101E-005 9.99101E-005 9.99101E-005 9.99101E-005
0.0212329 0.01897 9.9946E-005 9.9946E-005 9.9946E-005 9.9946E-005 0.141687 9.9946E-005 0.138046 9.9946E-005 0.644902 0.034562
9.99011E-005 9.99011E-005 9.99011E-005 9.99011E-005 9.99011E-005 9.99011E-005 9.99011E-005 9.99011E-005 0.998901 9.99011E-005 9.99011E-005 9.99011E-005
9.99011E-005 9.99011E-005 9.99011E-005 9.99011E-005 9.99011E-005 9.99011E-005 9.99011E-005 9.99011E-005 0.998901 9.99011E-005 9.99011E-005 9.99011E-005
9.99011E-005 9.99011E-005 9.99011E-005 9.99011E-005 9.99011E-005 9.99011E-005 9.99011E-005 9.99011E-005 0.998901 9.99011E-005 9.99011E-005 9.99011E-005
9.99101E-005 9.99101E-005 9.99101E-005 0.0051633 9.99101E-005 9.99101E-005 9.99101E-005 9.99101E-005 0.993838 9.99101E-005 9.99101E-005 9.99101E-005
9.99011E-005 9.99011E-005 9.99011E-005 9.99011E-005 9.99011E-005 9.99011E-005 9.99011E-005 9.99011E-005 0.998901 9.99011E-005 9.99011E-005 9.99011E-005
9.99011E-005 9.99011E-005 9.99011E-005 9.99011E-005 9.99011E-005 9.99011E-005 9.99011E-005 9.99011E-005 0.998901 9.99011E-005 9.99011E-005 9.99011E-005
