9.9946E-005 9.9946E-005 0.0295273 9.9946E-005 9.9946E-005 0.0095631 0.0385058 0.0181614 9.9946E-005 0.902558 0.00108484 9.9946E-005
9.996E-005 9.996E-005 0.0212395 0.000162179 0.00173173 0.0149371 0.0368637 0.0248033 9.996E-005 0.897983 0.00187926 9.996E-005
9.996E-005 9.996E-005 0.0120527 0.00113743 9.996E-005 0.0571068 0.890976 0.0275824 9.996E-005 0.00403837 0.00468171 0.00202492
9.9937E-005 9.9937E-005 0.0145052 9.9937E-005 9.9937E-005 0.0662484 0.884056 0.0318153 9.9937E-005 0.00267558 9.9937E-005 9.9937E-005
9.9955E-005 9.9955E-005 0.00489265 0.000995545 0.00457477 0.0275026 0.939044 0.0220488 9.9955E-005 0.000442093 9.9955E-005 9.9955E-005
9.991E-005 9.991E-005 9.991E-005 9.991E-005 9.991E-005 9.991E-005 0.996099 9.991E-005 9.991E-005 0.0029015 9.991E-005 9.991E-005
9.99011E-005 9.99011E-005 9.99011E-005 9.99011E-005 9.99011E-005 9.99011E-005 0.998901 9.99011E-005 9.99011E-005 9.99011E-005 9.99011E-005 9.99011E-005
9.99011E-005 9.99011E-005 9.99011E-005 9.99011E-005 9.99011E-005 9.99011E-005 0.998901 9.99011E-005 9.99011E-005 9.99011E-005 9.99011E-005 9.99011E-005
9.9919E-005 9.9919E-005 9.9919E-005 0.00110908 9.9919E-005 9.9919E-005 9.9919E-005 9.9919E-005 9.9919E-005 9.9919E-005 0.0156326 0.982359
9.9937E-005 9.9937E-005 9.9937E-005 0.00259313 9.9937E-005 9.9937E-005 9.9937E-005 0.990556 9.9937E-005 0.00151428 0.00189867 0.00273864
0.00387753 9.9937E-005 9.9937E-005 0.000785158 0.000169538 9.9937E-005 9.9937E-005 0.993917 9.9937E-005 9.9937E-005 9.9937E-005 0.00055098
9.99101E-005 9.99101E-005 9.99101E-005 0.000661101 9.99101E-005 9.99101E-005 9.99101E-005 9.99101E-005 9.99101E-005 9.99101E-005 0.99834 9.99101E-005
0.00193979 9.99191E-005 9.99191E-005 0.00233954 9.99191E-005 9.99191E-005 9.99191E-005 0.994821 9.99191E-005 9.99191E-005 9.99191E-005 9.99191E-005
0.00293287 9.99206E-005 9.99206E-005 9.99206E-005 9.99206E-005 9.99206E-005 9.99206E-005 0.996062 0.000105711 9.99206E-005 9.99206E-005 9.99206E-005
0.00454971 9.9928E-005 9.9928E-005 0.00215812 9.9928E-005 9.9928E-005 9.9928E-005 0.992259 9.9928E-005 9.9928E-005 9.9928E-005 0.000233371
9.99191E-005 9.99191E-005 9.99191E-005 0.000965998 9.99191E-005 9.99191E-005 9.99191E-005 0.995673 9.99191E-005 9.99191E-005 9.99191E-005 0.00246218
9.99101E-005 9.99101E-005 9.99101E-005 9.99101E-005 0.00075869 9.99101E-005 9.99101E-005 9.99101E-005 9.99101E-005 9.99101E-005 0.998242 9.99101E-005
9.9928E-005 9.9928E-005 9.9928E-005 9.9928E-005 9.9928E-005 0.960386 0.0116858 0.0175549 9.9928E-005 0.00957343 9.9928E-005 9.9928E-005
9.9901E-005 9.9901E-005 9.9901E-005 9.9901E-005 9.9901E-005 9.9901E-005 9.9901E-005 9.9901E-005 9.9901E-005 0.998901 9.9901E-005 9.9901E-005
9.9919E-005 9.9919E-005 9.9919E-005 9.9919E-005 9.9919E-005 0.0025956 9.9919E-005 9.9919E-005 0.000386227 0.996119 9.9919E-005 9.9919E-005
9.99031E-005 9.99031E-005 9.99031E-005 9.99031E-005 9.99031E-005 9.99031E-005 9.99031E-005 9.99031E-005 9.99031E-005 0.998901 9.99031E-005 9.99031E-005
9.99011E-005 9.99011E-005 9.99011E-005 9.99011E-005 9.99011E-005 9.99011E-005 9.99011E-005 9.99011E-005 9.99011E-005 0.998901 9.99011E-005 9.99011E-005
9.99011E-005 9.99011E-005 9.99011E-005 9.99011E-005 9.99011E-005 9.99011E-005 9.99011E-005 9.99011E-005 9.99011E-005 0.998901 9.99011E-005 9.99011E-005
9.99011E-005 9.99011E-005 9.99011E-005 9.99011E-005 9.99011E-005 9.99011E-005 9.99011E-005 9.99011E-005 9.99011E-005 0.998901 9.99011E-005 9.99011E-005
9.99101E-005 9.99101E-005 9.99101E-005 0.00061356 9.99101E-005 9.99101E-005 9.99101E-005 9.99101E-005 9.99101E-005 0.998387 9.99101E-005 9.99101E-005
9.99011E-005 9.99011E-005 9.99011E-005 9.99011E-005 9.99011E-005 9.99011E-005 9.99011E-005 9.99011E-005 9.99011E-005 0.998901 9.99011E-005 9.99011E-005
9.991E-005 9.991E-005 9.991E-005 9.991E-005 9.991E-005 0.00355912 9.991E-005 9.991E-005 9.991E-005 0.995442 9.991E-005 9.991E-005
9.9928E-005 0.00133879 9.9928E-005 0.00121419 9.9928E-005 9.9928E-005 9.9928E-005 9.9928E-005 0.00112533 0.995522 9.9928E-005 9.9928E-005
9.99191E-005 9.99191E-005 0.97358 9.99191E-005 9.99191E-005 9.99191E-005 0.000406906 9.99191E-005 9.99191E-005 0.0251135 9.99191E-005 9.99191E-005
9.99191E-005 9.99191E-005 0.983371 9.99191E-005 9.99191E-005 0.00440649 0.0113229 9.99191E-005 9.99191E-005 9.99191E-005 9.99191E-005 9.99191E-005
9.9901E-005 9.9901E-005 0.998901 9.9901E-005 9.9901E-005 9.9901E-005 9.9901E-005 9.9901E-005 9.9901E-005 9.9901E-005 9.9901E-005 9.9901E-005
9.991E-005 9.991E-005 0.998838 9.991E-005 9.991E-005 9.991E-005 9.991E-005 9.991E-005 9.991E-005 9.991E-005 0.000163097 9.991E-005
9.99011E-005 9.99011E-005 0.998901 9.99011E-005 9.99011E-005 9.99011E-005 9.99011E-005 9.99011E-005 9.99011E-005 9.99011E-005 9.99011E-005 9.99011E-005
9.99011E-005 9.99011E-005 9.99011E-005 9.99011E-005 9.99011E-005 0.998901 9.99011E-005 9.99011E-005 9.99011E-005 9.99011E-005 9.99011E-005 9.99011E-005
9.99011E-005 9.99011E-005 9.99011E-005 9.99011E-005 9.99011E-005 0.998901 9.99011E-005 9.99011E-005 9.99011E-005 9.99011E-005 9.99011E-005 9.99011E-005
9.99011E-005 9.99011E-005 9.99011E-005 9.99011E-005 9.99011E-005 0.998901 9.99011E-005 9.99011E-005 9.99011E-005 9.99011E-005 9.99011E-005 9.99011E-005
9.99011E-005 9.99011E-005 9.99011E-005 9.99011E-005 9.99011E-005 0.998901 9.99011E-005 9.99011E-005 9.99011E-005 9.99011E-005 9.99011E-005 9.99011E-005
0.989793 0.00171146 9.99191E-005 9.99191E-005 9.99191E-005 9.99191E-005 9.99191E-005 9.99191E-005 9.99191E-005 9.99191E-005 0.00759604 9.99191E-005
9.99101E-005 9.99101E-005 0.998155 0.000846043 9.99101E-005 9.99101E-005 9.99101E-005 9.99101E-005 9.99101E-005 9.99101E-005 9.99101E-005 9.99101E-005
9.99011E-005 9.99011E-005 0.998901 9.99011E-005 9.99011E-005 9.99011E-005 9.99011E-005 9.99011E-005 9.99011E-005 9.99011E-005 9.99011E-005 9.99011E-005
9.99011E-005 9.99011E-005 0.998901 9.99011E-005 9.99011E-005 9.99011E-005 9.99011E-005 9.99011E-005 9.99011E-005 9.99011E-005 9.99011E-005 9.99011E-005
9.991E-005 9.991E-005 0.996645 9.991E-005 0.0023559 9.991E-005 9.991E-005 9.991E-005 9.991E-005 9.991E-005 9.991E-005 9.991E-005
9.9919E-005 0.995534 9.9919E-005 0.00213683 9.9919E-005 9.9919E-005 9.9919E-005 9.9919E-005 9.9919E-005 9.9919E-005 0.00142953 9.9919E-005
0.0116608 0.909684 0.00140615 0.00273689 0.0453724 9.9955E-005 9.9955E-005 9.9955E-005 0.0115711 9.9955E-005 9.9955E-005 0.0170686
9.99101E-005 0.996399 9.99101E-005 9.99101E-005 9.99101E-005 9.99101E-005 9.99101E-005 9.99101E-005 9.99101E-005 0.00260177 9.99101E-005 9.99101E-005
9.99191E-005 0.984231 9.99191E-005 9.99191E-005 9.99191E-005 9.99191E-005 0.00161213 9.99191E-005 0.0132579 9.99191E-005 9.99191E-005 9.99191E-005
0.00504566 0.334781 9.9964E-005 0.000135133 0.00535437 9.9964E-005 0.00371946 9.9964E-005 0.0192866 0.000146217 9.9964E-005 0.631131
9.9928E-005 0.313763 9.9928E-005 9.9928E-005 0.0242874 9.9928E-005 0.00303639 9.9928E-005 9.9928E-005 9.9928E-005 9.9928E-005 0.658113
9.9937E-005 0.328877 9.9937E-005 0.000329337 0.0150207 9.9937E-005 9.9937E-005 9.9937E-005 9.9937E-005 9.9937E-005 0.01048 0.644594
0.00611131 0.337122 9.9937E-005 9.9937E-005 0.0175549 9.9937E-005 9.9937E-005 9.9937E-005 0.0063943 9.9937E-005 9.9937E-005 0.632118
0.000461607 9.99281E-005 9.99281E-005 9.99281E-005 9.99281E-005 9.99281E-005 0.0108791 0.982924 0.00493584 9.99281E-005 9.99281E-005 9.99281E-005
9.9955E-005 9.9955E-005 0.00807232 0.00117266 9.9955E-005 0.0115284 0.00725282 0.959715 9.9955E-005 0.00968595 9.9955E-005 0.0020729
9.99316E-005 9.99316E-005 9.99316E-005 9.99316E-005 9.99316E-005 0.00320766 0.0189012 0.976459 9.99316E-005 9.99316E-005 0.000632631 9.99316E-005
9.99101E-005 9.99101E-005 9.99101E-005 9.99101E-005 9.99101E-005 0.00556581 9.99101E-005 0.993435 9.99101E-005 9.99101E-005 9.99101E-005 9.99101E-005
0.00256084 0.00528682 9.9928E-005 0.00455592 9.9928E-005 9.9928E-005 9.9928E-005 0.986797 9.9928E-005 9.9928E-005 9.9928E-005 9.9928E-005
9.99011E-005 9.99011E-005 9.99011E-005 9.99011E-005 9.99011E-005 9.99011E-005 9.99011E-005 0.998901 9.99011E-005 9.99011E-005 9.99011E-005 9.99011E-005
9.99011E-005 9.99011E-005 9.99011E-005 0.998901 9.99011E-005 9.99011E-005 9.99011E-005 9.99011E-005 9.99011E-005 9.99011E-005 9.99011E-005 9.99011E-005
9.99011E-005 9.99011E-005 9.99011E-005 9.99011E-005 9.99011E-005 9.99011E-005 9.99011E-005 9.99011E-005 9.99011E-005 9.99011E-005 9.99011E-005 0.998901
9.99191E-005 9.99191E-005 9.99191E-005 0.997907 0.000793906 9.99191E-005 9.99191E-005 9.99191E-005 9.99191E-005 9.99191E-005 0.000400291 9.99191E-005
9.99011E-005 9.99011E-005 9.99011E-005 9.99011E-005 9.99011E-005 9.99011E-005 9.99011E-005 9.99011E-005 9.99011E-005 9.99011E-005 9.99011E-005 0.998901
9.99011E-005 9.99011E-005 9.99011E-005 9.99011E-005 9.99011E-005 9.99011E-005 9.99011E-005 9.99011E-005 9.99011E-005 9.99011E-005 9.99011E-005 0.998901
9.9946E-005 9.9946E-005 0.0137795 0.00096027 9.9946E-005 0.0362491 0.921506 0.013095 9.9946E-005 0.0138102 9.9946E-005 9.9946E-005
9.99011E-005 9.99011E-005 9.99011E-005 9.99011E-005 9.99011E-005 9.99011E-005 0.998901 9.99011E-005 9.99011E-005 9.99011E-005 9.99011E-005 9.99011E-005
9.991E-005 9.991E-005 9.991E-005 9.991E-005 9.991E-005 0.00778738 0.991214 9.991E-005 9.991E-005 9.991E-005 9.991E-005 9.991E-005
0.000159837 9.9982E-005 0.0109478 0.00222783 0.00202042 0.0261206 0.913164 0.0374604 9.9982E-005 0.00454511 0.000888861 0.00226514
0.00303372 9.9955E-005 0.0101467 0.00027435 9.9955E-005 0.0242188 0.930232 0.0275703 9.9955E-005 0.00402403 9.9955E-005 9.9955E-005
9.99101E-005 9.99101E-005 9.99101E-005 9.99101E-005 9.99101E-005 9.99101E-005 0.996767 9.99101E-005 9.99101E-005 9.99101E-005 0.00223381 9.99101E-005
9.99011E-005 0.998901 9.99011E-005 9.99011E-005 9.99011E-005 9.99011E-005 9.99011E-005 9.99011E-005 9.99011E-005 9.99011E-005 9.99011E-005 9.99011E-005
9.9937E-005 0.935885 9.9937E-005 0.00707366 0.0377895 0.00390171 9.9937E-005 9.9937E-005 9.9937E-005 9.9937E-005 0.014651 9.9937E-005
9.99101E-005 0.998357 9.99101E-005 9.99101E-005 9.99101E-005 9.99101E-005 9.99101E-005 9.99101E-005 0.000643618 9.99101E-005 9.99101E-005 9.99101E-005
9.9928E-005 0.996207 9.9928E-005 0.00252082 9.9928E-005 9.9928E-005 9.9928E-005 9.9928E-005 9.9928E-005 0.000228779 0.000244286 9.9928E-005
9.99011E-005 0.998901 9.99011E-005 9.99011E-005 9.99011E-005 9.99011E-005 9.99011E-005 9.99011E-005 9.99011E-005 9.99011E-005 9.99011E-005 9.99011E-005
9.99101E-005 0.90869 9.99101E-005 9.99101E-005 9.99101E-005 9.99101E-005 9.99101E-005 9.99101E-005 9.99101E-005 9.99101E-005 9.99101E-005 0.0903111
0.00829564 0.967271 9.9928E-005 9.9928E-005 0.0215593 9.9928E-005 9.9928E-005 9.9928E-005 0.00207464 9.9928E-005 9.9928E-005 9.9928E-005
0.0177197 0.912889 9.9955E-005 0.000547928 0.0424462 9.9955E-005 9.9955E-005 0.00356856 0.00235344 9.9955E-005 9.9955E-005 0.0199751
0.00374428 0.924218 9.9946E-005 0.0047934 0.0483991 9.9946E-005 9.9946E-005 0.00376508 9.9946E-005 9.9946E-005 9.9946E-005 0.0144804
9.99101E-005 0.99699 9.99101E-005 9.99101E-005 9.99101E-005 9.99101E-005 9.99101E-005 9.99101E-005 9.99101E-005 0.00201054 9.99101E-005 9.99101E-005
0.018558 0.93126 9.99281E-005 9.99281E-005 0.0487092 9.99281E-005 9.99281E-005 9.99281E-005 0.00067319 9.99281E-005 9.99281E-005 9.99281E-005
0.0143408 0.916218 9.9937E-005 9.9937E-005 0.0355585 9.9937E-005 9.9937E-005 9.9937E-005 0.0250881 9.9937E-005 9.9937E-005 0.00809518
9.9928E-005 0.940874 9.9928E-005 0.00395334 0.0276514 9.9928E-005 9.9928E-005 9.9928E-005 9.9928E-005 9.9928E-005 0.0267216 9.9928E-005
9.99191E-005 0.957067 9.99191E-005 9.99191E-005 0.0313581 9.99191E-005 9.99191E-005 9.99191E-005 9.99191E-005 9.99191E-005 0.0106752 9.99191E-005
9.9946E-005 9.9946E-005 0.00392201 9.9946E-005 9.9946E-005 0.0453167 0.899823 0.0329568 9.9946E-005 0.0168883 0.000493676 9.9946E-005
9.9928E-005 9.9928E-005 0.0101852 9.9928E-005 9.9928E-005 0.901633 0.0551605 0.0322214 9.9928E-005 9.9928E-005 9.9928E-005 9.9928E-005
9.9937E-005 9.9937E-005 9.9937E-005 9.9937E-005 0.00147256 0.983087 9.9937E-005 0.0101899 0.00035746 0.00419329 9.9937E-005 9.9937E-005
0.981939 9.99191E-005 9.99191E-005 9.99191E-005 0.00612032 9.99191E-005 9.99191E-005 9.99191E-005 0.0110418 9.99191E-005 9.99191E-005 9.99191E-005
0.995923 9.9928E-005 0.000116622 9.9928E-005 0.00154328 9.9928E-005 9.9928E-005 9.9928E-005 9.9928E-005 9.9928E-005 0.00161782 9.9928E-005
9.9937E-005 9.9937E-005 9.9937E-005 0.000590955 0.000552922 0.976853 9.9937E-005 0.0191422 9.9937E-005 0.00216171 9.9937E-005 9.9937E-005
9.9964E-005 9.9964E-005 0.0396818 0.00839581 0.00387508 0.453009 0.323837 0.130651 0.000198962 0.0399518 9.9964E-005 9.9964E-005
0.0258081 0.0687189 0.0534227 0.0663496 0.00211656 0.346092 0.256482 0.12138 9.9982E-005 0.0427252 0.0167052 9.9982E-005
9.9964E-005 0.00131935 0.74521 9.9964E-005 9.9964E-005 0.0599008 0.0668497 0.0245935 0.00585608 0.0928188 0.00305185 9.9964E-005
9.9946E-005 9.9946E-005 0.739933 9.9946E-005 9.9946E-005 0.0627974 0.0543262 0.031787 0.00858375 0.101973 9.9946E-005 9.9946E-005
0.996977 0.00116564 0.000957764 9.99191E-005 9.99191E-005 9.99191E-005 9.99191E-005 9.99191E-005 9.99191E-005 9.99191E-005 9.99191E-005 9.99191E-005
0.997328 9.99101E-005 9.99101E-005 9.99101E-005 9.99101E-005 9.99101E-005 9.99101E-005 9.99101E-005 0.0016727 9.99101E-005 9.99101E-005 9.99101E-005
9.9964E-005 9.9964E-005 0.751821 0.00342765 9.9964E-005 0.0655786 0.0537819 0.0167431 0.00666354 0.100451 0.00113401 9.9964E-005
0.00195339 9.9964E-005 0.0429689 0.00155585 9.9964E-005 0.438499 0.332795 0.132876 9.9964E-005 0.0467803 9.9964E-005 0.00217214
0.998901 9.99011E-005 9.99011E-005 9.99011E-005 9.99011E-005 9.99011E-005 9.99011E-005 9.99011E-005 9.99011E-005 9.99011E-005 9.99011E-005 9.99011E-005
9.9964E-005 9.9964E-005 0.745802 9.9964E-005 0.00167008 0.0650259 0.0556742 0.0279055 0.00387697 0.099193 0.000452156 9.9964E-005
9.9973E-005 0.00522398 0.0137174 0.00280686 9.9973E-005 0.913515 0.0267637 0.0226682 0.00213854 0.011355 0.00151094 9.9973E-005
9.9919E-005 9.9919E-005 9.9919E-005 9.9919E-005 9.9919E-005 0.972182 0.00729718 0.0196215 9.9919E-005 9.9919E-005 9.9919E-005 9.9919E-005
0.00900467 0.0191111 0.0430434 0.0376806 0.00615774 0.428978 0.247847 0.149672 9.9991E-005 0.0386978 0.011878 0.00783025
9.997E-005 9.997E-005 0.268974 0.00768702 0.00625347 0.163763 0.13935 0.11087 9.997E-005 0.291416 0.00942999 0.00195697
9.9946E-005 9.9946E-005 0.00918836 9.9946E-005 9.9946E-005 0.947779 0.018299 0.0197513 9.9946E-005 0.0033403 0.0010423 9.9946E-005
0.000205101 9.9946E-005 0.00971137 9.9946E-005 9.9946E-005 0.953576 0.00287496 0.0215296 9.9946E-005 0.0115034 9.9946E-005 9.9946E-005
9.9946E-005 9.9946E-005 0.00859179 9.9946E-005 0.00191856 0.967152 0.000145189 0.0198349 9.9946E-005 0.00175788 9.9946E-005 9.9946E-005
0.941483 9.9946E-005 0.000863119 0.00760542 9.9946E-005 0.00169856 9.9946E-005 9.9946E-005 9.9946E-005 0.00439448 0.043356 9.9946E-005
9.9919E-005 9.9919E-005 0.00691466 9.9919E-005 9.9919E-005 0.956047 0.0361394 9.9919E-005 9.9919E-005 9.9919E-005 9.9919E-005 9.9919E-005
0.980576 9.9946E-005 9.9946E-005 0.0016326 0.0048207 9.9946E-005 9.9946E-005 0.00388602 0.00075386 9.9946E-005 0.00773149 9.9946E-005
9.99011E-005 9.99011E-005 9.99011E-005 9.99011E-005 9.99011E-005 0.998901 9.99011E-005 9.99011E-005 9.99011E-005 9.99011E-005 9.99011E-005 9.99011E-005
0.994212 0.00393416 9.99191E-005 9.99191E-005 9.99191E-005 9.99191E-005 9.99191E-005 9.99191E-005 0.000954559 9.99191E-005 9.99191E-005 9.99191E-005
0.00128906 9.9928E-005 0.996593 9.9928E-005 0.000282786 9.9928E-005 9.9928E-005 0.00103543 9.9928E-005 9.9928E-005 9.9928E-005 9.9928E-005
9.99011E-005 9.99011E-005 9.99011E-005 9.99011E-005 9.99011E-005 0.998901 9.99011E-005 9.99011E-005 9.99011E-005 9.99011E-005 9.99011E-005 9.99011E-005
9.9928E-005 9.9928E-005 0.951391 9.9928E-005 9.9928E-005 9.9928E-005 0.0163417 0.00728255 9.9928E-005 0.0241857 9.9928E-005 9.9928E-005
9.99011E-005 9.99011E-005 9.99011E-005 9.99011E-005 9.99011E-005 0.998901 9.99011E-005 9.99011E-005 9.99011E-005 9.99011E-005 9.99011E-005 9.99011E-005
9.9919E-005 9.9919E-005 9.9919E-005 0.000216946 9.9919E-005 0.995253 9.9919E-005 9.9919E-005 9.9919E-005 0.00363111 9.9919E-005 9.9919E-005
9.99011E-005 9.99011E-005 9.99011E-005 9.99011E-005 9.99011E-005 0.998901 9.99011E-005 9.99011E-005 9.99011E-005 9.99011E-005 9.99011E-005 9.99011E-005
9.99011E-005 9.99011E-005 9.99011E-005 9.99011E-005 9.99011E-005 0.998901 9.99011E-005 9.99011E-005 9.99011E-005 9.99011E-005 9.99011E-005 9.99011E-005
0.983104 9.9928E-005 9.9928E-005 0.00235251 9.9928E-005 9.9928E-005 9.9928E-005 9.9928E-005 9.9928E-005 9.9928E-005 0.0111184 0.00262535
9.9928E-005 9.9928E-005 9.9928E-005 9.9928E-005 9.9928E-005 0.00922233 0.959776 0.0188313 9.9928E-005 0.0113714 9.9928E-005 9.9928E-005
9.9928E-005 0.00118756 9.9928E-005 9.9928E-005 9.9928E-005 9.9928E-005 0.972548 0.0106941 9.9928E-005 0.0147704 9.9928E-005 9.9928E-005
9.9937E-005 9.9937E-005 0.00784271 9.9937E-005 9.9937E-005 0.0556194 0.916853 0.0185273 9.9937E-005 0.0004584 9.9937E-005 9.9937E-005
0.000302749 9.9937E-005 0.00236194 0.00119486 9.9937E-005 9.9937E-005 9.9937E-005 0.994911 9.9937E-005 0.000529996 9.9937E-005 9.9937E-005
0.966872 9.9937E-005 9.9937E-005 0.00546476 0.0039367 9.9937E-005 0.0109835 9.9937E-005 0.0120435 9.9937E-005 9.9937E-005 9.9937E-005
9.9928E-005 9.9928E-005 0.00396068 9.9928E-005 9.9928E-005 0.0176836 0.0242918 0.953265 9.9928E-005 9.9928E-005 9.9928E-005 9.9928E-005
9.99191E-005 9.99191E-005 0.00117034 9.99191E-005 9.99191E-005 9.99191E-005 9.99191E-005 0.997664 9.99191E-005 9.99191E-005 0.000266693 9.99191E-005
0.0022376 9.9946E-005 0.00355912 9.9946E-005 9.9946E-005 0.0155426 9.9946E-005 0.972488 0.00090175 0.00467118 9.9946E-005 9.9946E-005
9.99011E-005 9.99011E-005 9.99011E-005 9.99011E-005 9.99011E-005 9.99011E-005 9.99011E-005 0.998901 9.99011E-005 9.99011E-005 9.99011E-005 9.99011E-005
9.9928E-005 9.9928E-005 0.00463071 9.9928E-005 9.9928E-005 0.00544196 0.00020252 0.988925 9.9928E-005 9.9928E-005 9.9928E-005 9.9928E-005
9.99011E-005 9.99011E-005 0.998901 9.99011E-005 9.99011E-005 9.99011E-005 9.99011E-005 9.99011E-005 9.99011E-005 9.99011E-005 9.99011E-005 9.99011E-005
9.9901E-005 9.9901E-005 0.998901 9.9901E-005 9.9901E-005 9.9901E-005 9.9901E-005 9.9901E-005 9.9901E-005 9.9901E-005 9.9901E-005 9.9901E-005
9.99011E-005 9.99011E-005 0.998901 9.99011E-005 9.99011E-005 9.99011E-005 9.99011E-005 9.99011E-005 9.99011E-005 9.99011E-005 9.99011E-005 9.99011E-005
9.99191E-005 9.99191E-005 0.993765 0.000291172 9.99191E-005 9.99191E-005 9.99191E-005 9.99191E-005 0.00504406 9.99191E-005 9.99191E-005 9.99191E-005
0.0287568 9.9937E-005 0.0182846 9.9937E-005 9.9937E-005 9.9937E-005 9.9937E-005 0.944711 0.00285998 0.00468836 9.9937E-005 9.9937E-005
9.9928E-005 9.9928E-005 0.976746 9.9928E-005 9.9928E-005 9.9928E-005 0.0107795 0.011285 9.9928E-005 0.000389749 9.9928E-005 9.9928E-005
9.99011E-005 9.99011E-005 9.99011E-005 9.99011E-005 9.99011E-005 9.99011E-005 9.99011E-005 0.998901 9.99011E-005 9.99011E-005 9.99011E-005 9.99011E-005
9.99191E-005 9.99191E-005 9.99191E-005 9.99191E-005 9.99191E-005 0.0174811 0.0125488 0.969071 9.99191E-005 9.99191E-005 9.99191E-005 9.99191E-005
9.9919E-005 9.9919E-005 9.9919E-005 9.9919E-005 9.9919E-005 0.0218696 0.012994 0.964237 9.9919E-005 9.9919E-005 9.9919E-005 9.9919E-005
9.9937E-005 9.9937E-005 9.9937E-005 0.000235218 0.0019307 0.00987159 0.00309163 0.984171 9.9937E-005 9.9937E-005 9.9937E-005 9.9937E-005
9.9928E-005 9.9928E-005 9.9928E-005 9.9928E-005 9.9928E-005 0.00551148 0.0211891 0.972144 0.000355616 9.9928E-005 9.9928E-005 9.9928E-005
9.9946E-005 9.9946E-005 0.00118585 0.000935627 9.9946E-005 9.9946E-005 0.00665286 0.981098 0.00392416 0.00560381 9.9946E-005 9.9946E-005
0.00109164 9.9937E-005 9.9937E-005 9.9937E-005 9.9937E-005 0.0182327 9.9937E-005 0.977824 9.9937E-005 9.9937E-005 0.00190104 0.000251481
9.9928E-005 9.9928E-005 0.000828916 9.9928E-005 9.9928E-005 0.0268199 0.0111071 0.960445 9.9928E-005 9.9928E-005 9.9928E-005 9.9928E-005
9.9937E-005 9.9937E-005 0.00761815 9.9937E-005 9.9937E-005 9.9937E-005 0.0271295 0.951314 0.00135557 0.0118829 9.9937E-005 9.9937E-005
9.9937E-005 9.9937E-005 0.00824628 0.00109741 9.9937E-005 0.00879855 0.0150418 0.966116 9.9937E-005 9.9937E-005 9.9937E-005 9.9937E-005
9.9928E-005 9.9928E-005 0.00206118 0.00262037 9.9928E-005 9.9928E-005 9.9928E-005 0.988649 9.9928E-005 0.00587001 9.9928E-005 9.9928E-005
9.9928E-005 9.9928E-005 0.000604053 9.9928E-005 9.9928E-005 9.9928E-005 9.9928E-005 0.986391 9.9928E-005 0.00865418 9.9928E-005 0.00355092
9.9919E-005 9.9919E-005 9.9919E-005 9.9919E-005 9.9919E-005 0.0195366 0.0150779 0.964486 9.9919E-005 9.9919E-005 9.9919E-005 9.9919E-005
9.9937E-005 9.9937E-005 0.000411495 9.9937E-005 9.9937E-005 0.0101338 0.0178153 0.966758 9.9937E-005 9.9937E-005 9.9937E-005 0.00418215
9.99524E-005 9.99524E-005 0.000448032 9.99524E-005 9.99524E-005 0.0118506 9.99524E-005 0.979665 0.00176976 0.00552352 0.000143297 9.99524E-005
9.9973E-005 0.000157695 0.00689881 0.01122 0.00401539 0.00685975 0.0167788 0.942852 0.00551301 9.9973E-005 9.9973E-005 0.00540518
0.00929814 0.346877 9.9937E-005 9.9937E-005 0.0189537 9.9937E-005 9.9937E-005 9.9937E-005 0.00171256 9.9937E-005 9.9937E-005 0.622459
9.99191E-005 0.266066 9.99191E-005 9.99191E-005 0.0235301 9.99191E-005 9.99191E-005 9.99191E-005 9.99191E-005 9.99191E-005 9.99191E-005 0.709505
9.9946E-005 0.284965 9.9946E-005 0.00045661 0.00309409 9.9946E-005 9.9946E-005 0.00286913 9.9946E-005 9.9946E-005 0.00072695 0.707289
0.00533783 0.0023215 0.0147875 0.00555577 9.9955E-005 0.0115566 9.9955E-005 0.957877 9.9955E-005 0.00206454 9.9955E-005 9.9955E-005
9.99731E-005 0.00496833 0.273584 0.0229398 0.0142551 0.131588 0.127012 0.111674 9.99731E-005 0.278504 0.0351744 9.99731E-005
0.00142951 9.99101E-005 9.99101E-005 0.997571 9.99101E-005 9.99101E-005 9.99101E-005 9.99101E-005 9.99101E-005 9.99101E-005 9.99101E-005 9.99101E-005
0.000766843 9.9937E-005 0.0038794 0.990281 9.9937E-005 0.0034385 9.9937E-005 9.9937E-005 0.000934891 9.9937E-005 9.9937E-005 9.9937E-005
9.99191E-005 9.99191E-005 0.000695175 0.996955 9.99191E-005 9.99191E-005 9.99191E-005 9.99191E-005 9.99191E-005 0.00145095 9.99191E-005 9.99191E-005
9.99191E-005 9.99191E-005 9.99191E-005 0.993309 0.00415157 9.99191E-005 9.99191E-005 9.99191E-005 9.99191E-005 9.99191E-005 0.00164 9.99191E-005
9.99011E-005 9.99011E-005 9.99011E-005 0.998901 9.99011E-005 9.99011E-005 9.99011E-005 9.99011E-005 9.99011E-005 9.99011E-005 9.99011E-005 9.99011E-005
9.99011E-005 9.99011E-005 9.99011E-005 0.998901 9.99011E-005 9.99011E-005 9.99011E-005 9.99011E-005 9.99011E-005 9.99011E-005 9.99011E-005 9.99011E-005
9.9919E-005 0.000420767 9.9919E-005 9.9919E-005 0.991116 9.9919E-005 9.9919E-005 9.9919E-005 9.9919E-005 9.9919E-005 9.9919E-005 0.00756431
9.99101E-005 9.99101E-005 9.99101E-005 0.998478 9.99101E-005 9.99101E-005 9.99101E-005 9.99101E-005 9.99101E-005 0.000523366 9.99101E-005 9.99101E-005
9.99011E-005 9.99011E-005 9.99011E-005 9.99011E-005 9.99011E-005 9.99011E-005 9.99011E-005 9.99011E-005 9.99011E-005 9.99011E-005 9.99011E-005 0.998901
9.9937E-005 9.9937E-005 9.9937E-005 0.974259 9.9937E-005 9.9937E-005 0.00394877 0.00359548 0.0105674 0.00692977 9.9937E-005 9.9937E-005
9.99281E-005 9.99281E-005 9.99281E-005 0.991849 9.99281E-005 0.00168243 9.99281E-005 9.99281E-005 9.99281E-005 9.99281E-005 0.00430079 0.00136852
9.99011E-005 9.99011E-005 9.99011E-005 0.998901 9.99011E-005 9.99011E-005 9.99011E-005 9.99011E-005 9.99011E-005 9.99011E-005 9.99011E-005 9.99011E-005
9.99101E-005 9.99101E-005 9.99101E-005 0.996288 9.99101E-005 9.99101E-005 9.99101E-005 0.00271337 9.99101E-005 9.99101E-005 9.99101E-005 9.99101E-005
9.9946E-005 9.9946E-005 0.00377446 9.9946E-005 9.9946E-005 0.0231384 0.00840461 0.956911 9.9946E-005 0.00561842 0.00155339 9.9946E-005
9.99101E-005 9.99101E-005 9.99101E-005 0.996861 9.99101E-005 9.99101E-005 9.99101E-005 9.99101E-005 0.00213977 9.99101E-005 9.99101E-005 9.99101E-005
9.9919E-005 9.9919E-005 9.9919E-005 0.000975189 9.9919E-005 9.9919E-005 9.9919E-005 9.9919E-005 9.9919E-005 9.9919E-005 0.00660362 0.991522
9.99411E-005 0.00173413 9.99411E-005 9.99411E-005 0.00312665 9.99411E-005 9.99411E-005 0.993067 0.000756702 9.99411E-005 0.000615707 9.99411E-005
9.9937E-005 0.000543894 9.9937E-005 9.9937E-005 9.9937E-005 9.9937E-005 0.990826 0.00596744 9.9937E-005 0.00163033 0.000332701 9.9937E-005
0.00135619 9.99191E-005 9.99191E-005 0.99638 9.99191E-005 9.99191E-005 9.99191E-005 9.99191E-005 9.99191E-005 9.99191E-005 9.99191E-005 0.00136451
0.995215 9.99191E-005 9.99191E-005 9.99191E-005 9.99191E-005 9.99191E-005 0.00152905 9.99191E-005 9.99191E-005 9.99191E-005 0.00235645 9.99191E-005
0.966416 9.9928E-005 9.9928E-005 0.00571926 9.9928E-005 9.9928E-005 0.00354177 9.9928E-005 9.9928E-005 9.9928E-005 0.0235234 9.9928E-005
9.99029E-005 9.99029E-005 9.99029E-005 9.99029E-005 9.99029E-005 9.99029E-005 0.998901 9.99029E-005 9.99029E-005 9.99029E-005 9.99029E-005 9.99029E-005
0.973369 9.9928E-005 9.9928E-005 0.000891524 9.9928E-005 9.9928E-005 9.9928E-005 9.9928E-005 9.9928E-005 0.000859748 0.0240807 9.9928E-005
9.99101E-005 9.99101E-005 9.99101E-005 9.99101E-005 9.99101E-005 0.00934353 9.99101E-005 0.989657 9.99101E-005 9.99101E-005 9.99101E-005 9.99101E-005
9.99101E-005 9.99101E-005 9.99101E-005 9.99101E-005 9.99101E-005 9.99101E-005 0.00934144 0.989659 9.99101E-005 9.99101E-005 9.99101E-005 9.99101E-005
9.9946E-005 0.00567742 9.9946E-005 0.00266135 9.9946E-005 0.028886 0.0171491 0.944621 0.000405792 9.9946E-005 9.9946E-005 9.9946E-005
9.9928E-005 9.9928E-005 0.00743829 9.9928E-005 9.9928E-005 0.0113149 9.9928E-005 0.97675 9.9928E-005 0.00369743 9.9928E-005 9.9928E-005
9.9937E-005 9.9937E-005 9.9937E-005 9.9937E-005 0.000345404 0.019446 0.0352381 0.942491 9.9937E-005 0.00178008 9.9937E-005 9.9937E-005
9.9937E-005 9.9937E-005 9.9937E-005 0.00486265 9.9937E-005 0.0185567 0.0134708 0.950735 0.0116751 9.9937E-005 9.9937E-005 9.9937E-005
9.9937E-005 9.9937E-005 0.00473034 9.9937E-005 9.9937E-005 0.00657026 0.000223005 0.987024 9.9937E-005 0.000752481 9.9937E-005 9.9937E-005
9.99101E-005 9.99101E-005 9.99101E-005 9.99101E-005 9.99101E-005 9.99101E-005 0.99739 9.99101E-005 0.00161063 9.99101E-005 9.99101E-005 9.99101E-005
9.99101E-005 9.99101E-005 9.99101E-005 9.99101E-005 9.99101E-005 9.99101E-005 0.997446 9.99101E-005 0.00155532 9.99101E-005 9.99101E-005 9.99101E-005
9.99191E-005 9.99191E-005 0.00271018 9.99191E-005 9.99191E-005 9.99191E-005 0.00222969 0.994161 9.99191E-005 9.99191E-005 9.99191E-005 9.99191E-005
0.00852405 0.319513 9.9937E-005 9.9937E-005 0.0117108 9.9937E-005 9.9937E-005 9.9937E-005 0.0219643 9.9937E-005 9.9937E-005 0.637588
9.9928E-005 9.9928E-005 9.9928E-005 0.00201983 0.994548 9.9928E-005 9.9928E-005 9.9928E-005 9.9928E-005 0.00081889 0.00181365 9.9928E-005
9.99281E-005 9.99281E-005 0.000656637 9.99281E-005 0.976205 9.99281E-005 0.000707626 9.99281E-005 0.0216313 9.99281E-005 9.99281E-005 9.99281E-005
9.99011E-005 9.99011E-005 9.99011E-005 9.99011E-005 9.99011E-005 9.99011E-005 9.99011E-005 9.99011E-005 0.998901 9.99011E-005 9.99011E-005 9.99011E-005
9.99101E-005 9.99101E-005 9.99101E-005 9.99101E-005 0.979957 9.99101E-005 9.99101E-005 9.99101E-005 9.99101E-005 9.99101E-005 9.99101E-005 0.0190435
0.00954886 9.9964E-005 0.000337303 0.0020915 0.00593554 0.00415618 9.9964E-005 9.9964E-005 0.0158237 9.9964E-005 0.00243212 0.959275
9.99101E-005 9.99101E-005 9.99101E-005 9.99101E-005 9.99101E-005 9.99101E-005 9.99101E-005 9.99101E-005 0.0120754 9.99101E-005 9.99101E-005 0.986925
9.99011E-005 9.99011E-005 9.99011E-005 9.99011E-005 9.99011E-005 9.99011E-005 9.99011E-005 9.99011E-005 9.99011E-005 9.99011E-005 9.99011E-005 0.998901
9.99191E-005 0.00544713 9.99191E-005 9.99191E-005 0.990619 9.99191E-005 9.99191E-005 9.99191E-005 9.99191E-005 9.99191E-005 0.00303421 9.99191E-005
9.9928E-005 9.9928E-005 0.00227063 9.9928E-005 9.9928E-005 9.9928E-005 0.994712 0.00181829 0.00039951 9.9928E-005 9.9928E-005 9.9928E-005
0.98938 9.99191E-005 9.99191E-005 9.99191E-005 9.99191E-005 9.99191E-005 9.99191E-005 9.99191E-005 0.00118388 9.99191E-005 0.00853702 9.99191E-005
0.025162 0.054935 0.0531734 0.0749504 9.9982E-005 0.0194582 0.577204 0.109414 0.0224251 0.0433335 0.0197445 9.9982E-005
9.99191E-005 9.99191E-005 0.00177035 9.99191E-005 9.99191E-005 9.99191E-005 0.986838 0.0104924 9.99191E-005 9.99191E-005 9.99191E-005 9.99191E-005
0.00047087 9.9937E-005 0.00332274 0.000285727 9.9937E-005 9.9937E-005 0.978541 0.0166802 9.9937E-005 9.9937E-005 9.9937E-005 9.9937E-005
0.981874 9.9928E-005 9.9928E-005 9.9928E-005 0.004504 9.9928E-005 0.00656183 9.9928E-005 9.9928E-005 9.9928E-005 9.9928E-005 0.00626029
9.99011E-005 9.99011E-005 9.99011E-005 0.998901 9.99011E-005 9.99011E-005 9.99011E-005 9.99011E-005 9.99011E-005 9.99011E-005 9.99011E-005 9.99011E-005
9.9937E-005 9.9937E-005 0.0316106 9.9937E-005 9.9937E-005 0.154686 0.146028 0.637376 9.9937E-005 0.0296004 9.9937E-005 9.9937E-005
9.99011E-005 9.99011E-005 9.99011E-005 9.99011E-005 9.99011E-005 9.99011E-005 0.998901 9.99011E-005 9.99011E-005 9.99011E-005 9.99011E-005 9.99011E-005
9.99011E-005 9.99011E-005 9.99011E-005 9.99011E-005 9.99011E-005 9.99011E-005 0.998901 9.99011E-005 9.99011E-005 9.99011E-005 9.99011E-005 9.99011E-005
9.99011E-005 9.99011E-005 9.99011E-005 9.99011E-005 9.99011E-005 9.99011E-005 0.998901 9.99011E-005 9.99011E-005 9.99011E-005 9.99011E-005 9.99011E-005
0.00165138 9.99191E-005 9.99191E-005 9.99191E-005 0.00291454 9.99191E-005 0.994535 9.99191E-005 9.99191E-005 9.99191E-005 9.99191E-005 9.99191E-005
9.99011E-005 9.99011E-005 9.99011E-005 9.99011E-005 9.99011E-005 9.99011E-005 0.998901 9.99011E-005 9.99011E-005 9.99011E-005 9.99011E-005 9.99011E-005
9.99011E-005 9.99011E-005 9.99011E-005 9.99011E-005 9.99011E-005 9.99011E-005 0.998901 9.99011E-005 9.99011E-005 9.99011E-005 9.99011E-005 9.99011E-005
