0.0178447 9.9991E-005 0.975748 0.00630697
0.0177703 9.9991E-005 0.973397 0.00873314
0.00141717 0.215004 0.783479 9.9991E-005
9.9982E-005 0.217701 0.782099 9.9982E-005
9.999E-005 0.214339 0.782563 0.00299774
9.9982E-005 0.201494 0.798306 9.9982E-005
9.9982E-005 0.190349 0.809451 9.9982E-005
9.9982E-005 0.187202 0.812598 9.9982E-005
0.9997 9.998E-005 9.998E-005 9.998E-005
0.00419442 0.990654 9.9991E-005 0.00505181
0.00197754 0.99458 9.9991E-005 0.00334213
0.810997 9.9991E-005 0.09399 0.0949135
0.00521674 0.994583 9.9982E-005 9.9982E-005
0.00250245 0.995115 9.9991E-005 0.00228291
0.00296366 0.996414 9.9991E-005 0.00052263
0.00302482 0.99375 9.9991E-005 0.00312544
0.813117 9.9991E-005 0.0959069 0.0908759
9.9982E-005 0.269548 0.730252 9.9982E-005
0.018572 9.9991E-005 0.974487 0.00684094
0.0202873 9.9991E-005 0.970721 0.00889146
0.0149719 9.9991E-005 0.978556 0.00637166
0.0158992 9.9991E-005 0.978285 0.00571571
0.0208803 9.9991E-005 0.974605 0.00441496
0.014353 9.9991E-005 0.978195 0.00735182
0.0147534 9.9991E-005 0.976508 0.00863848
0.0159436 9.9991E-005 0.976775 0.00718102
0.0155316 9.9991E-005 0.977644 0.00672437
0.020498 9.9991E-005 0.968941 0.0104613
0.00902063 9.9991E-005 0.987134 0.00374508
0.00656156 9.9991E-005 0.99183 0.00150808
0.00447986 9.9991E-005 0.994834 0.000586394
0.00499406 9.9991E-005 0.992981 0.0019246
0.00627214 9.9982E-005 0.993528 9.9982E-005
9.9982E-005 0.258696 0.741104 9.9982E-005
0.000803811 0.269865 0.729008 0.000323223
9.9991E-005 0.26118 0.738339 0.00038175
9.9982E-005 0.253418 0.746382 9.9982E-005
0.875976 9.9991E-005 0.0679093 0.0560152
0.00964861 9.9991E-005 0.986105 0.0041466
0.0130391 9.9991E-005 0.984776 0.00208533
0.00513484 9.9991E-005 0.992965 0.00180035
0.01202 9.9991E-005 0.983969 0.00391154
0.9997 9.998E-005 9.998E-005 9.998E-005
0.994385 0.00190201 0.00361298 9.9991E-005
0.9997 9.998E-005 9.998E-005 9.998E-005
0.9997 9.998E-005 9.998E-005 9.998E-005
0.998426 0.00137368 9.9982E-005 9.9982E-005
0.9997 9.998E-005 9.998E-005 9.998E-005
0.9997 9.998E-005 9.998E-005 9.998E-005
0.9997 9.998E-005 9.998E-005 9.998E-005
9.9982E-005 0.999218 9.9982E-005 0.000581918
0.00203185 0.994904 9.9991E-005 0.0029637
9.9982E-005 0.998403 0.0013972 9.9982E-005
9.998E-005 0.9997 9.998E-005 9.998E-005
0.00737692 0.986148 9.9991E-005 0.00637557
9.998E-005 0.9997 9.998E-005 9.998E-005
9.998E-005 9.998E-005 9.998E-005 0.9997
0.9997 9.998E-005 9.998E-005 9.998E-005
9.9991E-005 0.00130764 0.00552326 0.993069
0.9997 9.998E-005 9.998E-005 9.998E-005
0.9997 9.998E-005 9.998E-005 9.998E-005
9.9982E-005 0.198564 0.801236 9.9982E-005
9.9982E-005 0.189719 0.810081 9.9982E-005
9.9982E-005 0.187685 0.812115 9.9982E-005
9.9991E-005 0.212683 0.785579 0.00163798
9.9982E-005 0.220163 0.779637 9.9982E-005
9.9982E-005 0.194118 0.805682 9.9982E-005
0.9997 9.998E-005 9.998E-005 9.998E-005
0.997602 0.00114644 0.00115127 9.9991E-005
0.9997 9.998E-005 9.998E-005 9.998E-005
0.9997 9.998E-005 9.998E-005 9.998E-005
0.9997 9.998E-005 9.998E-005 9.998E-005
0.9997 9.998E-005 9.998E-005 9.998E-005
0.9997 9.998E-005 9.998E-005 9.998E-005
0.999064 0.000736412 9.9982E-005 9.9982E-005
0.9997 9.998E-005 9.998E-005 9.998E-005
0.9997 9.998E-005 9.998E-005 9.998E-005
0.9997 9.998E-005 9.998E-005 9.998E-005
0.9997 9.998E-005 9.998E-005 9.998E-005
0.99497 9.9982E-005 0.00483041 9.9982E-005
0.9997 9.998E-005 9.998E-005 9.998E-005
9.9982E-005 0.220006 0.779794 9.9982E-005
0.00144068 0.285329 0.71313 9.9991E-005
9.99888E-005 0.280919 0.718881 9.99888E-005
0.879634 0.00148543 0.0686343 0.0502464
0.877569 9.9991E-005 0.0704048 0.0519259
0.00314977 0.280244 0.716419 0.000187123
0.00518803 0.317846 0.669172 0.0077946
0.10946 0.267052 0.552942 0.0705457
0.0149862 9.9991E-005 0.980755 0.00415849
0.0120868 9.9991E-005 0.985202 0.0026112
0.882834 9.9991E-005 0.068242 0.048824
0.8851 9.9991E-005 0.0654461 0.0493536
0.011746 9.9991E-005 0.980754 0.00739966
0.00162212 0.313691 0.684587 9.9991E-005
0.887617 9.9991E-005 0.0612618 0.0510217
0.00850173 9.9991E-005 0.987732 0.00366581
0.0100449 0.282805 0.70143 0.00572073
9.9982E-005 0.280485 0.719315 9.9982E-005
0.0538072 0.29452 0.610205 0.041468
0.0194354 0.0979999 0.867853 0.0147115
0.00161334 0.275773 0.722513 9.9991E-005
9.9982E-005 0.283492 0.716308 9.9982E-005
0.00814918 0.274751 0.717 9.9991E-005
0.860447 9.9991E-005 0.0729806 0.0664719
9.9982E-005 0.260256 0.739545 9.9982E-005
0.87615 0.00529049 0.0656149 0.0529442
9.9982E-005 0.267865 0.731935 9.9982E-005
0.888485 9.9991E-005 0.0628133 0.0486018
0.0089475 9.99822E-005 0.990853 9.99822E-005
9.9982E-005 0.257012 0.742788 9.9982E-005
0.00569889 9.9991E-005 0.993878 0.000323198
0.00200239 0.274445 0.723453 9.9991E-005
9.9982E-005 0.255574 0.744226 9.9982E-005
9.9982E-005 0.256533 0.743267 9.9982E-005
9.9982E-005 0.265228 0.734572 9.9982E-005
0.877462 9.9991E-005 0.0682355 0.0542026
9.9982E-005 0.214267 0.785533 9.9982E-005
9.9982E-005 0.214261 0.785539 9.9982E-005
9.9982E-005 0.214251 0.785549 9.9982E-005
0.000861219 0.998062 9.9991E-005 0.00097639
0.859213 9.9991E-005 0.0835171 0.0571698
9.998E-005 0.9997 9.998E-005 9.998E-005
9.998E-005 0.9997 9.998E-005 9.998E-005
0.0018257 0.997974 9.9982E-005 9.9982E-005
9.998E-005 0.9997 9.998E-005 9.998E-005
9.998E-005 0.9997 9.998E-005 9.998E-005
0.00609602 9.99895E-005 0.993704 9.99895E-005
0.00585605 9.9991E-005 0.993796 0.000248438
0.00649286 9.9991E-005 0.992261 0.00114639
0.00887621 9.9991E-005 0.984359 0.00666477
0.0249283 0.974814 9.9991E-005 0.000157773
0.00560306 9.9991E-005 0.993971 0.000326049
9.998E-005 0.9997 9.998E-005 9.998E-005
9.998E-005 0.9997 9.998E-005 9.998E-005
9.998E-005 0.9997 9.998E-005 9.998E-005
9.998E-005 0.9997 9.998E-005 9.998E-005
9.998E-005 0.9997 9.998E-005 9.998E-005
9.9982E-005 0.999167 9.9982E-005 0.000633003
9.9982E-005 0.998803 9.9982E-005 0.00099695
9.998E-005 0.9997 9.998E-005 9.998E-005
0.00332075 0.977958 0.0139202 0.00480088
0.00524853 0.994552 9.9982E-005 9.9982E-005
0.00107254 0.996303 9.9991E-005 0.00252419
9.9982E-005 0.998506 9.9982E-005 0.00129369
9.9982E-005 0.999617 9.9982E-005 0.000183221
0.00390542 0.994133 9.9991E-005 0.00186172
9.998E-005 0.9997 9.998E-005 9.998E-005
0.0100753 0.976003 9.9991E-005 0.0138218
0.9997 9.998E-005 9.998E-005 9.998E-005
0.9997 9.998E-005 9.998E-005 9.998E-005
0.9997 9.998E-005 9.998E-005 9.998E-005
0.0105161 0.985861 9.9991E-005 0.00352266
0.0506243 0.112621 0.809439 0.027316
9.9982E-005 9.9982E-005 0.00781379 0.991986
9.9982E-005 9.9982E-005 0.0019541 0.997846
9.998E-005 9.998E-005 9.998E-005 0.9997
0.00416176 0.00131695 9.9991E-005 0.994421
9.9982E-005 0.00385816 9.9982E-005 0.995942
9.998E-005 9.998E-005 9.998E-005 0.9997
0.99232 0.00213265 0.00245632 0.00309103
9.998E-005 9.998E-005 9.998E-005 0.9997
0.9997 9.998E-005 9.998E-005 9.998E-005
0.00275214 0.000337107 0.0147231 0.982188
0.00285438 9.9982E-005 9.9982E-005 0.996946
9.998E-005 9.998E-005 9.998E-005 0.9997
9.998E-005 9.998E-005 9.998E-005 0.9997
0.00178276 0.990195 0.00466328 0.00335848
9.998E-005 9.998E-005 9.998E-005 0.9997
0.9997 9.998E-005 9.998E-005 9.998E-005
0.00448837 0.995312 9.9982E-005 9.9982E-005
9.9982E-005 0.200074 0.799726 9.9982E-005
9.998E-005 9.998E-005 9.998E-005 0.9997
0.882327 0.00574721 0.0623975 0.0495278
0.86224 0.00638118 0.0683107 0.0630676
9.9982E-005 0.187836 0.811964 9.9982E-005
0.871942 9.9991E-005 0.0679079 0.06005
9.998E-005 0.9997 9.998E-005 9.998E-005
9.998E-005 0.9997 9.998E-005 9.998E-005
0.00765409 0.970814 0.0195401 0.00199155
9.998E-005 0.9997 9.998E-005 9.998E-005
9.9982E-005 0.998732 0.0010683 9.9982E-005
0.00707856 0.989755 9.9991E-005 0.00306646
9.998E-005 0.9997 9.998E-005 9.998E-005
9.9982E-005 0.202652 0.797148 9.9982E-005
9.9982E-005 0.196889 0.802912 9.9982E-005
9.998E-005 0.9997 9.998E-005 9.998E-005
0.9997 9.998E-005 9.998E-005 9.998E-005
0.974158 9.9991E-005 0.0184814 0.0072608
0.978474 0.0203665 9.9991E-005 0.00106001
0.698688 0.0858701 0.146184 0.069258
0.987684 0.00559832 9.9991E-005 0.0066175
0.994448 0.00309667 0.00235558 9.9991E-005
0.9997 9.998E-005 9.998E-005 9.998E-005
0.9997 9.998E-005 9.998E-005 9.998E-005
0.987277 9.9991E-005 0.00956617 0.00305715
9.9982E-005 0.206067 0.793733 9.9982E-005
0.878659 0.00730383 0.0602066 0.0538308
0.12068 0.21972 0.579072 0.0805284
9.9982E-005 0.191786 0.808014 9.9982E-005
9.9982E-005 0.210464 0.789336 9.9982E-005
0.877818 0.00841129 0.0653527 0.0484179
9.998E-005 9.998E-005 9.998E-005 0.9997
0.00474512 0.731466 0.263689 9.9991E-005
9.9982E-005 0.166715 0.833085 9.9982E-005
9.9982E-005 0.173907 0.825893 9.9982E-005
9.9982E-005 0.165621 0.834179 9.9982E-005
9.9982E-005 0.189083 0.810717 9.9982E-005
9.9982E-005 0.18004 0.81976 9.9982E-005
9.9982E-005 0.188288 0.811512 9.9982E-005
