0.0308523 9.9955E-005 0.910573 0.0235894 9.9955E-005 9.9955E-005 0.0149493 0.0194223 9.9955E-005 9.9955E-005 0.000113439
0.0278599 0.00695461 0.901853 0.013311 9.9964E-005 0.00206812 0.0233962 0.024157 9.9964E-005 9.9964E-005 9.9964E-005
0.903776 9.9982E-005 0.0035064 0.0537929 0.000980676 0.00246736 0.00798259 0.0226373 9.9982E-005 0.00243772 0.0022187
0.896231 9.9946E-005 0.00832677 0.0625539 9.9946E-005 9.9946E-005 0.0147379 0.0175503 9.9946E-005 9.9946E-005 9.9946E-005
0.933372 0.00121086 0.000171788 0.0268303 9.9982E-005 0.00267044 0.00491161 0.027115 0.000597294 0.00292114 9.9982E-005
0.997964 9.9919E-005 0.00113663 9.9919E-005 9.9919E-005 9.9919E-005 9.9919E-005 9.9919E-005 9.9919E-005 9.9919E-005 9.9919E-005
0.999001 9.99101E-005 9.99101E-005 9.99101E-005 9.99101E-005 9.99101E-005 9.99101E-005 9.99101E-005 9.99101E-005 9.99101E-005 9.99101E-005
0.999001 9.99101E-005 9.99101E-005 9.99101E-005 9.99101E-005 9.99101E-005 9.99101E-005 9.99101E-005 9.99101E-005 9.99101E-005 9.99101E-005
0.000735176 9.9955E-005 9.9955E-005 0.00292299 9.9955E-005 0.00322765 0.00297284 9.9955E-005 0.0138661 0.975775 9.9955E-005
9.9937E-005 0.00114263 9.9937E-005 9.9937E-005 9.9937E-005 0.00244304 9.9937E-005 0.991506 9.9937E-005 0.00420843 9.9937E-005
9.9928E-005 9.9928E-005 9.9928E-005 9.9928E-005 9.9928E-005 0.00255074 9.9928E-005 0.993704 9.9928E-005 9.9928E-005 0.00294556
9.9919E-005 9.9919E-005 9.9919E-005 9.9919E-005 9.9919E-005 9.9919E-005 9.9919E-005 9.9919E-005 0.993942 9.9919E-005 0.00515891
9.99355E-005 9.99355E-005 9.99355E-005 9.99355E-005 9.99355E-005 0.00299173 9.99355E-005 0.994249 9.99355E-005 9.99355E-005 0.00195948
9.99191E-005 9.99191E-005 9.99191E-005 9.99191E-005 9.99191E-005 9.99191E-005 9.99191E-005 0.992671 9.99191E-005 9.99191E-005 0.00642948
9.995E-005 9.995E-005 0.00497775 9.995E-005 0.00197878 0.00172301 9.995E-005 0.987097 0.00040112 9.995E-005 0.00332265
9.9937E-005 0.000196387 9.9937E-005 9.9937E-005 9.9937E-005 9.9937E-005 9.9937E-005 0.993377 9.9937E-005 0.00301772 0.00270921
9.9919E-005 9.9919E-005 9.9919E-005 9.9919E-005 0.00107638 9.9919E-005 9.9919E-005 9.9919E-005 0.998024 9.9919E-005 9.9919E-005
0.00932494 9.9937E-005 0.0107342 0.967898 9.9937E-005 9.9937E-005 9.9937E-005 0.0113432 9.9937E-005 9.9937E-005 9.9937E-005
9.99101E-005 9.99101E-005 0.999001 9.99101E-005 9.99101E-005 9.99101E-005 9.99101E-005 9.99101E-005 9.99101E-005 9.99101E-005 9.99101E-005
9.9937E-005 0.00242277 0.99341 9.9937E-005 9.9937E-005 0.00156331 9.9937E-005 9.9937E-005 0.00190416 9.9937E-005 9.9937E-005
9.99101E-005 9.99101E-005 0.999001 9.99101E-005 9.99101E-005 9.99101E-005 9.99101E-005 9.99101E-005 9.99101E-005 9.99101E-005 9.99101E-005
9.99101E-005 9.99101E-005 0.999001 9.99101E-005 9.99101E-005 9.99101E-005 9.99101E-005 9.99101E-005 9.99101E-005 9.99101E-005 9.99101E-005
9.9937E-005 0.000466172 0.996936 9.9937E-005 9.9937E-005 9.9937E-005 0.00150713 9.9937E-005 0.000391225 9.9937E-005 9.9937E-005
0.00124246 9.9919E-005 0.997858 9.9919E-005 9.9919E-005 9.9919E-005 9.9919E-005 9.9919E-005 9.9919E-005 9.9919E-005 9.9919E-005
9.99101E-005 9.99101E-005 0.999001 9.99101E-005 9.99101E-005 9.99101E-005 9.99101E-005 9.99101E-005 9.99101E-005 9.99101E-005 9.99101E-005
9.99101E-005 9.99101E-005 0.999001 9.99101E-005 9.99101E-005 9.99101E-005 9.99101E-005 9.99101E-005 9.99101E-005 9.99101E-005 9.99101E-005
9.99101E-005 9.99101E-005 0.999001 9.99101E-005 9.99101E-005 9.99101E-005 9.99101E-005 9.99101E-005 9.99101E-005 9.99101E-005 9.99101E-005
9.9928E-005 9.9928E-005 0.9974 9.9928E-005 9.9928E-005 0.00125936 9.9928E-005 9.9928E-005 9.9928E-005 9.9928E-005 0.000541389
9.9946E-005 9.9946E-005 0.0201234 9.9946E-005 9.9946E-005 0.0014064 0.970849 0.00627869 9.9946E-005 9.9946E-005 0.000742396
0.0121147 9.9937E-005 9.9937E-005 9.9937E-005 9.9937E-005 9.9937E-005 0.984425 9.9937E-005 0.000683388 9.9937E-005 0.00207702
9.99101E-005 9.99101E-005 9.99101E-005 9.99101E-005 9.99101E-005 9.99101E-005 0.999001 9.99101E-005 9.99101E-005 9.99101E-005 9.99101E-005
9.99101E-005 9.99101E-005 9.99101E-005 9.99101E-005 9.99101E-005 9.99101E-005 0.999001 9.99101E-005 9.99101E-005 9.99101E-005 9.99101E-005
9.99101E-005 9.99101E-005 9.99101E-005 9.99101E-005 9.99101E-005 9.99101E-005 0.999001 9.99101E-005 9.99101E-005 9.99101E-005 9.99101E-005
9.99101E-005 9.99101E-005 9.99101E-005 0.999001 9.99101E-005 9.99101E-005 9.99101E-005 9.99101E-005 9.99101E-005 9.99101E-005 9.99101E-005
9.99101E-005 9.99101E-005 9.99101E-005 0.999001 9.99101E-005 9.99101E-005 9.99101E-005 9.99101E-005 9.99101E-005 9.99101E-005 9.99101E-005
9.99101E-005 9.99101E-005 9.99101E-005 0.999001 9.99101E-005 9.99101E-005 9.99101E-005 9.99101E-005 9.99101E-005 9.99101E-005 9.99101E-005
9.99101E-005 9.99101E-005 9.99101E-005 0.999001 9.99101E-005 9.99101E-005 9.99101E-005 9.99101E-005 9.99101E-005 9.99101E-005 9.99101E-005
9.9937E-005 9.9937E-005 9.9937E-005 9.9937E-005 0.0013572 0.000706781 9.9937E-005 9.9937E-005 0.0124813 9.9937E-005 0.984755
9.99101E-005 9.99101E-005 9.99101E-005 9.99101E-005 9.99101E-005 9.99101E-005 0.999001 9.99101E-005 9.99101E-005 9.99101E-005 9.99101E-005
9.9937E-005 9.9937E-005 9.9937E-005 9.9937E-005 9.9937E-005 0.00247711 0.995226 9.9937E-005 9.9937E-005 0.00103248 0.000565236
9.99101E-005 9.99101E-005 9.99101E-005 9.99101E-005 9.99101E-005 9.99101E-005 0.999001 9.99101E-005 9.99101E-005 9.99101E-005 9.99101E-005
9.9928E-005 9.9928E-005 9.9928E-005 9.9928E-005 9.9928E-005 0.000684393 0.995418 9.9928E-005 9.9928E-005 0.0030986 9.9928E-005
9.9937E-005 9.9937E-005 0.00366994 9.9937E-005 9.9937E-005 0.00279092 9.9937E-005 9.9937E-005 0.0127645 0.980075 9.9937E-005
9.9973E-005 0.00176774 0.00248143 9.9973E-005 0.0659645 0.00133863 0.00744134 9.9973E-005 0.00246137 0.904502 0.0137427
0.00300367 9.9946E-005 0.00117297 9.9946E-005 9.9946E-005 9.9946E-005 0.00228191 9.9946E-005 0.0032281 0.989714 9.9946E-005
9.9946E-005 0.0114394 0.00462395 9.9946E-005 0.0105815 9.9946E-005 9.9946E-005 9.9946E-005 9.9946E-005 0.969085 0.00367029
9.9955E-005 9.9955E-005 0.000237322 9.9955E-005 0.000251654 0.00227005 9.9955E-005 0.00744236 9.9955E-005 0.984775 0.00452351
9.9937E-005 9.9937E-005 9.9937E-005 0.00388115 0.00851222 9.9937E-005 0.000896745 9.9937E-005 9.9937E-005 0.98601 9.9937E-005
9.9937E-005 9.9937E-005 9.9937E-005 9.9937E-005 0.00879459 0.000249507 9.9937E-005 9.9937E-005 0.00762421 0.982632 9.9937E-005
9.9937E-005 0.0108175 9.9937E-005 9.9937E-005 9.9937E-005 9.9937E-005 9.9937E-005 0.00181778 9.9937E-005 0.978109 0.00855651
0.00938005 0.0061633 9.99281E-005 9.99281E-005 9.99281E-005 9.99281E-005 9.99281E-005 0.983657 9.99281E-005 9.99281E-005 9.99281E-005
0.00920524 9.9955E-005 0.0114861 0.00470548 0.00238331 9.9955E-005 0.00537529 0.966345 9.9955E-005 9.9955E-005 9.9955E-005
0.0137126 9.9937E-005 9.9937E-005 0.00354364 9.9937E-005 9.9937E-005 0.00493443 0.97711 9.9937E-005 9.9937E-005 9.9937E-005
0.00609945 9.99329E-005 9.99329E-005 0.00428246 9.99329E-005 9.99329E-005 9.99329E-005 0.988819 9.99329E-005 9.99329E-005 9.99329E-005
9.9955E-005 0.00124861 9.9955E-005 9.9955E-005 0.000534849 0.00385881 9.9955E-005 0.988396 9.9955E-005 0.000659728 0.00480222
9.99191E-005 9.99191E-005 9.99191E-005 0.000679793 9.99191E-005 9.99191E-005 9.99191E-005 0.998421 9.99191E-005 9.99191E-005 9.99191E-005
9.99101E-005 9.99101E-005 9.99101E-005 9.99101E-005 9.99101E-005 0.999001 9.99101E-005 9.99101E-005 9.99101E-005 9.99101E-005 9.99101E-005
9.99101E-005 9.99101E-005 9.99101E-005 9.99101E-005 9.99101E-005 9.99101E-005 9.99101E-005 9.99101E-005 9.99101E-005 0.999001 9.99101E-005
9.9937E-005 9.9937E-005 9.9937E-005 9.9937E-005 0.00215278 0.992902 0.00332274 9.9937E-005 9.9937E-005 9.9937E-005 0.000923234
9.99101E-005 9.99101E-005 9.99101E-005 9.99101E-005 9.99101E-005 9.99101E-005 9.99101E-005 9.99101E-005 9.99101E-005 0.999001 9.99101E-005
9.99101E-005 9.99101E-005 9.99101E-005 9.99101E-005 9.99101E-005 9.99101E-005 9.99101E-005 9.99101E-005 9.99101E-005 0.999001 9.99101E-005
0.917673 9.9955E-005 0.0125888 0.0384651 9.9955E-005 0.00187291 0.0185807 0.0103198 9.9955E-005 9.9955E-005 9.9955E-005
0.999001 9.99101E-005 9.99101E-005 9.99101E-005 9.99101E-005 9.99101E-005 9.99101E-005 9.99101E-005 9.99101E-005 9.99101E-005 9.99101E-005
0.998018 9.9919E-005 9.9919E-005 0.0010829 9.9919E-005 9.9919E-005 9.9919E-005 9.9919E-005 9.9919E-005 9.9919E-005 9.9919E-005
0.932348 9.9955E-005 9.9955E-005 0.0149347 9.9955E-005 0.003583 0.00828653 0.0365905 9.9955E-005 0.00375728 9.9955E-005
0.94172 9.9973E-005 9.9973E-005 0.016912 0.00155763 0.000685591 0.0117773 0.025359 9.9973E-005 0.00023387 0.00145457
0.996801 9.99307E-005 0.000757845 9.99307E-005 9.99307E-005 0.00164178 9.99307E-005 9.99307E-005 9.99307E-005 9.99307E-005 9.99307E-005
9.9928E-005 9.9928E-005 9.9928E-005 0.000611923 9.9928E-005 9.9928E-005 9.9928E-005 9.9928E-005 0.00568621 0.992902 9.9928E-005
9.9946E-005 9.9946E-005 9.9946E-005 0.00307643 0.0623607 0.00915842 9.9946E-005 9.9946E-005 0.0199488 0.904856 9.9946E-005
9.99101E-005 9.99101E-005 9.99101E-005 9.99101E-005 9.99101E-005 9.99101E-005 9.99101E-005 9.99101E-005 9.99101E-005 0.999001 9.99101E-005
9.9937E-005 9.9937E-005 0.00202626 9.9937E-005 9.9937E-005 0.0023371 9.9937E-005 9.9937E-005 0.00337628 0.991561 9.9937E-005
9.9928E-005 9.9928E-005 0.000573652 9.9928E-005 9.9928E-005 9.9928E-005 9.9928E-005 9.9928E-005 0.00992939 0.988698 9.9928E-005
9.9955E-005 0.00200975 0.0047176 9.9955E-005 0.0127233 9.9955E-005 0.000324476 9.9955E-005 9.9955E-005 0.975378 0.0043469
9.9937E-005 9.9937E-005 0.00247068 9.9937E-005 0.0550704 9.9937E-005 9.9937E-005 9.9937E-005 9.9937E-005 0.928832 0.0129276
9.9946E-005 0.00305314 9.9946E-005 9.9946E-005 0.0607362 9.9946E-005 9.9946E-005 0.00562079 9.9946E-005 0.914544 0.0154464
0.00576707 9.9955E-005 9.9955E-005 9.9955E-005 0.0758856 0.00531505 9.9955E-005 9.9955E-005 0.00772482 0.895767 0.00904072
9.9928E-005 9.9928E-005 0.00341709 0.00110263 9.9928E-005 9.9928E-005 9.9928E-005 9.9928E-005 9.9928E-005 0.994681 9.9928E-005
9.9946E-005 0.0107368 9.9946E-005 9.9946E-005 0.0713587 0.000134957 9.9946E-005 9.9946E-005 9.9946E-005 0.893998 0.0231722
9.9937E-005 0.0227305 9.9937E-005 9.9937E-005 0.0683232 9.9937E-005 9.9937E-005 9.9937E-005 9.9937E-005 0.894221 0.0140257
9.996E-005 0.00233355 0.00243319 9.996E-005 0.0401076 0.00942207 0.00515385 9.996E-005 0.0306238 0.909526 9.996E-005
9.9946E-005 0.00633275 9.9946E-005 9.9946E-005 0.0574562 0.00347287 9.9946E-005 9.9946E-005 0.0106935 0.921445 9.9946E-005
0.900176 9.9955E-005 0.0144668 0.0467555 9.9955E-005 9.9955E-005 0.0101203 0.0266743 0.00130685 9.9955E-005 9.9955E-005
0.0427382 9.9946E-005 0.00506868 0.911071 9.9946E-005 9.9946E-005 0.0172484 0.0232741 9.9946E-005 9.9946E-005 9.9946E-005
9.99191E-005 0.00241977 9.99191E-005 0.996681 9.99191E-005 9.99191E-005 9.99191E-005 9.99191E-005 9.99191E-005 9.99191E-005 9.99191E-005
9.99281E-005 0.00559193 9.99281E-005 9.99281E-005 9.99281E-005 9.99281E-005 9.99281E-005 0.00145128 9.99281E-005 9.99281E-005 0.992157
9.9928E-005 9.9928E-005 9.9928E-005 9.9928E-005 9.9928E-005 9.9928E-005 9.9928E-005 9.9928E-005 0.00807295 0.00485905 0.986269
0.00494122 9.9928E-005 9.9928E-005 0.974009 9.9928E-005 9.9928E-005 9.9928E-005 0.0202501 9.9928E-005 9.9928E-005 9.9928E-005
0.317966 0.00526834 0.0464604 0.439448 9.9982E-005 0.00693294 0.0444215 0.132843 0.000560686 0.00589971 9.9982E-005
0.24293 0.0189092 0.0487708 0.338159 9.9991E-005 0.0681884 0.0497569 0.124116 0.0225623 0.062239 0.0242677
0.0651519 9.9964E-005 0.085679 0.0612505 9.9964E-005 0.00585691 0.750828 0.026727 9.9964E-005 0.00410678 9.9964E-005
0.0524234 0.00720364 0.100624 0.0635549 9.9955E-005 9.9955E-005 0.744063 0.0316307 9.9955E-005 9.9955E-005 9.9955E-005
9.99246E-005 9.99246E-005 9.99246E-005 9.99246E-005 0.00444139 9.99246E-005 9.99246E-005 9.99246E-005 9.99246E-005 9.99246E-005 0.994659
9.99101E-005 9.99101E-005 9.99101E-005 9.99101E-005 9.99101E-005 9.99101E-005 9.99101E-005 9.99101E-005 9.99101E-005 9.99101E-005 0.999001
0.0719623 0.00261155 0.0928094 0.0550719 9.9964E-005 9.9964E-005 0.748251 0.0256288 0.00326498 9.9964E-005 9.9964E-005
0.344097 0.00151308 0.0417106 0.445972 9.9973E-005 9.9973E-005 0.0415467 0.123011 0.000438933 9.9973E-005 0.00141124
9.99191E-005 9.99191E-005 9.99191E-005 9.99191E-005 9.99191E-005 9.99191E-005 9.99191E-005 9.99191E-005 9.99191E-005 0.00565769 0.993443
0.0604945 0.00322003 0.104564 0.0614395 0.001588 9.9964E-005 0.742204 0.0260902 9.9964E-005 9.9964E-005 9.9964E-005
0.0300718 0.000232555 0.00970217 0.895335 9.9982E-005 0.00116044 0.0123897 0.040991 0.00556657 0.00435043 9.9982E-005
0.0136339 9.9937E-005 9.9937E-005 0.971023 9.9937E-005 9.9937E-005 0.00095803 0.0136854 9.9937E-005 9.9937E-005 9.9937E-005
0.235681 9.9991E-005 0.0455118 0.432228 0.0135222 0.0414708 0.0434924 0.148591 0.00487586 0.0248049 0.00972123
0.153003 0.00523982 0.284365 0.150893 9.9973E-005 0.00465451 0.269346 0.118953 0.0132471 9.9973E-005 9.9973E-005
0.0209053 9.9937E-005 9.9937E-005 0.961754 9.9937E-005 9.9937E-005 0.00500779 0.0116332 9.9937E-005 9.9937E-005 9.9937E-005
0.00572217 9.9946E-005 0.0140515 0.953216 9.9946E-005 9.9946E-005 0.0100633 0.0163474 9.9946E-005 9.9946E-005 9.9946E-005
0.010753 9.9964E-005 0.00178321 0.973 9.9964E-005 0.00198345 0.00875877 0.00246437 9.9964E-005 9.9964E-005 0.000856898
9.9946E-005 9.9946E-005 0.000492714 9.9946E-005 9.9946E-005 0.00796409 0.00206999 9.9946E-005 0.0406429 9.9946E-005 0.948231
0.0244138 9.9937E-005 9.9937E-005 0.959965 9.9937E-005 9.9937E-005 0.0142026 0.000718672 9.9937E-005 9.9937E-005 9.9937E-005
9.99191E-005 0.00810723 9.99191E-005 9.99191E-005 9.99191E-005 9.99191E-005 9.99191E-005 9.99191E-005 9.99191E-005 9.99191E-005 0.990994
9.99101E-005 9.99101E-005 9.99101E-005 0.999001 9.99101E-005 9.99101E-005 9.99101E-005 9.99101E-005 9.99101E-005 9.99101E-005 9.99101E-005
9.99191E-005 0.00337403 9.99191E-005 9.99191E-005 9.99191E-005 9.99191E-005 9.99191E-005 9.99191E-005 9.99191E-005 9.99191E-005 0.995727
9.9919E-005 9.9919E-005 9.9919E-005 9.9919E-005 9.9919E-005 9.9919E-005 0.998684 9.9919E-005 9.9919E-005 9.9919E-005 0.000416551
9.99101E-005 9.99101E-005 9.99101E-005 0.999001 9.99101E-005 9.99101E-005 9.99101E-005 9.99101E-005 9.99101E-005 9.99101E-005 9.99101E-005
0.0108814 9.9946E-005 0.0262757 9.9946E-005 9.9946E-005 9.9946E-005 0.941938 0.01971 0.000594733 9.9946E-005 9.9946E-005
9.9919E-005 9.9919E-005 9.9919E-005 0.998061 0.00104023 9.9919E-005 9.9919E-005 9.9919E-005 9.9919E-005 9.9919E-005 9.9919E-005
9.9928E-005 0.00220278 0.000939585 0.996058 9.9928E-005 9.9928E-005 9.9928E-005 9.9928E-005 9.9928E-005 9.9928E-005 9.9928E-005
9.99101E-005 9.99101E-005 9.99101E-005 0.999001 9.99101E-005 9.99101E-005 9.99101E-005 9.99101E-005 9.99101E-005 9.99101E-005 9.99101E-005
9.99101E-005 9.99101E-005 9.99101E-005 0.999001 9.99101E-005 9.99101E-005 9.99101E-005 9.99101E-005 9.99101E-005 9.99101E-005 9.99101E-005
9.99191E-005 9.99191E-005 9.99191E-005 9.99191E-005 9.99191E-005 9.99191E-005 9.99191E-005 9.99191E-005 9.99191E-005 0.00356341 0.995537
0.971208 9.9928E-005 0.00903752 9.9928E-005 9.9928E-005 9.9928E-005 9.9928E-005 0.0189554 9.9928E-005 9.9928E-005 9.9928E-005
0.968604 9.9937E-005 0.0125941 9.9937E-005 9.9937E-005 9.9937E-005 9.9937E-005 0.01776 0.00034193 9.9937E-005 9.9937E-005
0.933617 9.9964E-005 0.00570132 0.0333838 9.9964E-005 0.000130873 0.00761283 0.0169304 0.00222361 9.9964E-005 9.9964E-005
9.9946E-005 9.9946E-005 9.9946E-005 0.00240221 9.9946E-005 0.000834711 0.00147582 0.994286 0.000402063 9.9946E-005 9.9946E-005
0.00766522 0.00556109 9.9973E-005 9.9973E-005 0.0114542 0.0045279 9.9973E-005 0.00718337 0.00172611 0.000600226 0.960982
0.0121689 9.9946E-005 0.00721612 0.0193592 9.9946E-005 9.9946E-005 0.00244939 0.958207 9.9946E-005 9.9946E-005 9.9946E-005
0.000976039 9.9928E-005 9.9928E-005 9.9928E-005 9.9928E-005 9.9928E-005 0.00415504 0.994069 9.9928E-005 9.9928E-005 9.9928E-005
0.00569846 0.00266644 0.00219529 0.0184951 9.9964E-005 9.9964E-005 0.00124604 0.967865 0.00143428 9.9964E-005 9.9964E-005
9.99101E-005 9.99101E-005 9.99101E-005 9.99101E-005 9.99101E-005 9.99101E-005 9.99101E-005 0.999001 9.99101E-005 9.99101E-005 9.99101E-005
9.9928E-005 9.9928E-005 9.9928E-005 0.0056316 9.9928E-005 9.9928E-005 0.000966361 0.992603 9.9928E-005 9.9928E-005 9.9928E-005
9.99101E-005 9.99101E-005 9.99101E-005 9.99101E-005 9.99101E-005 9.99101E-005 0.999001 9.99101E-005 9.99101E-005 9.99101E-005 9.99101E-005
9.99101E-005 9.99101E-005 9.99101E-005 9.99101E-005 9.99101E-005 9.99101E-005 0.999001 9.99101E-005 9.99101E-005 9.99101E-005 9.99101E-005
9.99101E-005 9.99101E-005 9.99101E-005 9.99101E-005 9.99101E-005 9.99101E-005 0.999001 9.99101E-005 9.99101E-005 9.99101E-005 9.99101E-005
9.9928E-005 0.00755285 9.9928E-005 9.9928E-005 9.9928E-005 0.000987752 0.99066 9.9928E-005 9.9928E-005 9.9928E-005 9.9928E-005
9.9946E-005 0.00338117 9.9946E-005 0.00297259 9.9946E-005 9.9946E-005 0.0136001 0.951061 9.9946E-005 9.9946E-005 0.0283857
0.0130535 9.99359E-005 9.99359E-005 9.99359E-005 9.99359E-005 9.99359E-005 0.98091 0.00523663 9.99359E-005 9.99359E-005 9.99359E-005
9.99101E-005 9.99101E-005 9.99101E-005 9.99101E-005 9.99101E-005 9.99101E-005 9.99101E-005 0.999001 9.99101E-005 9.99101E-005 9.99101E-005
0.0120542 9.9928E-005 9.9928E-005 0.015211 9.9928E-005 9.9928E-005 9.9928E-005 0.971935 9.9928E-005 9.9928E-005 9.9928E-005
0.0138863 9.9928E-005 9.9928E-005 0.0125586 9.9928E-005 9.9928E-005 9.9928E-005 0.972756 9.9928E-005 9.9928E-005 9.9928E-005
0.0106402 0.000334895 9.9946E-005 0.00444556 9.9946E-005 9.9946E-005 0.00220792 0.981772 9.9946E-005 9.9946E-005 9.9946E-005
0.0163201 9.9928E-005 9.9928E-005 0.00612491 9.9928E-005 9.9928E-005 9.9928E-005 0.976756 9.9928E-005 9.9928E-005 9.9928E-005
0.00232696 0.00374467 0.0130215 9.9955E-005 9.9955E-005 0.000717658 0.00106435 0.978625 9.9955E-005 9.9955E-005 9.9955E-005
0.000714239 9.9946E-005 9.9946E-005 0.0198612 9.9946E-005 9.9946E-005 0.00480653 0.972036 9.9946E-005 0.00198204 9.9946E-005
0.00856381 9.9946E-005 0.0020315 0.0208702 9.9946E-005 9.9946E-005 0.00284721 0.965088 9.9946E-005 9.9946E-005 9.9946E-005
0.0259158 0.00181081 0.00900712 0.000355661 9.9973E-005 0.00124752 0.0120275 0.947856 9.9973E-005 0.00147944 9.9973E-005
0.0271329 0.000566802 9.9964E-005 0.00521219 9.9964E-005 0.00205021 0.00532847 0.957438 9.9964E-005 9.9964E-005 0.00187184
9.9955E-005 0.000271887 0.0122195 9.9955E-005 9.9955E-005 0.00348404 0.000273473 0.982329 9.9955E-005 0.000922637 9.9955E-005
9.9955E-005 9.9955E-005 0.011385 0.000608491 0.00047527 0.00203307 0.00239708 0.982601 9.9955E-005 9.9955E-005 9.9955E-005
0.0103246 9.9937E-005 9.9937E-005 0.0133031 9.9937E-005 9.9937E-005 0.0130364 0.962636 9.9937E-005 9.9937E-005 9.9937E-005
0.0213481 0.00314302 0.00296821 0.00892941 9.9973E-005 0.000266638 0.00138454 0.961186 0.000474571 9.9973E-005 9.9973E-005
0.00668353 9.9946E-005 0.00523561 0.0211023 9.9946E-005 9.9946E-005 9.9946E-005 0.964773 0.00160592 9.9946E-005 9.9946E-005
0.0274188 0.0135777 9.9946E-005 9.9946E-005 9.9946E-005 0.00945605 9.9946E-005 0.944013 9.9946E-005 0.00493487 9.9946E-005
9.9928E-005 0.0133674 9.9928E-005 9.9928E-005 9.9928E-005 9.9928E-005 9.9928E-005 9.9928E-005 9.9928E-005 0.969288 0.0165448
9.9928E-005 0.00775265 9.9928E-005 9.9928E-005 9.9928E-005 9.9928E-005 9.9928E-005 0.00179378 9.9928E-005 0.989654 9.9928E-005
9.99191E-005 9.99191E-005 9.99191E-005 9.99191E-005 9.99191E-005 9.99191E-005 9.99191E-005 0.00359883 9.99191E-005 0.995502 9.99191E-005
0.00683046 0.00644809 0.00130045 0.00104955 9.9973E-005 0.00754259 0.0118771 0.963862 0.000789855 9.9973E-005 9.9973E-005
0.120929 0.0229701 0.279325 0.137216 9.998E-005 0.0216255 0.261117 0.118044 0.0313415 0.00723218 9.998E-005
9.99191E-005 9.99191E-005 9.99191E-005 9.99191E-005 9.99191E-005 0.993878 9.99191E-005 9.99191E-005 9.99191E-005 9.99191E-005 0.00522268
9.9946E-005 9.9946E-005 0.00215195 9.9946E-005 9.9946E-005 0.991139 0.000110989 9.9946E-005 0.000212768 9.9946E-005 0.00578601
9.99101E-005 9.99101E-005 9.99101E-005 9.99101E-005 9.99101E-005 0.999001 9.99101E-005 9.99101E-005 9.99101E-005 9.99101E-005 9.99101E-005
9.99504E-005 9.99504E-005 9.99504E-005 9.99504E-005 0.00368965 0.990196 9.99504E-005 9.99504E-005 0.00222912 0.000471353 0.00281449
9.99264E-005 0.000162706 9.99264E-005 9.99264E-005 9.99264E-005 0.998938 9.99264E-005 9.99264E-005 9.99264E-005 9.99264E-005 9.99264E-005
9.99101E-005 9.99101E-005 9.99101E-005 9.99101E-005 9.99101E-005 0.999001 9.99101E-005 9.99101E-005 9.99101E-005 9.99101E-005 9.99101E-005
9.9919E-005 9.9919E-005 9.9919E-005 9.9919E-005 0.995571 9.9919E-005 9.9919E-005 9.9919E-005 9.9919E-005 0.00352994 9.9919E-005
9.99101E-005 9.99101E-005 9.99101E-005 9.99101E-005 9.99101E-005 0.999001 9.99101E-005 9.99101E-005 9.99101E-005 9.99101E-005 9.99101E-005
9.99101E-005 9.99101E-005 9.99101E-005 9.99101E-005 9.99101E-005 9.99101E-005 9.99101E-005 9.99101E-005 9.99101E-005 0.999001 9.99101E-005
9.9946E-005 0.0164938 0.00487849 9.9946E-005 9.9946E-005 0.971665 0.00250307 0.00386003 9.9946E-005 9.9946E-005 9.9946E-005
9.99281E-005 9.99281E-005 9.99281E-005 9.99281E-005 0.00603907 0.989732 9.99281E-005 9.99281E-005 0.00342982 9.99281E-005 9.99281E-005
9.99101E-005 9.99101E-005 9.99101E-005 9.99101E-005 9.99101E-005 0.999001 9.99101E-005 9.99101E-005 9.99101E-005 9.99101E-005 9.99101E-005
9.99191E-005 9.99191E-005 9.99191E-005 9.99191E-005 9.99191E-005 0.996382 9.99191E-005 0.0027188 9.99191E-005 9.99191E-005 9.99191E-005
0.0160425 9.9946E-005 0.0120764 0.0124313 0.00153928 9.9946E-005 9.9946E-005 0.957311 9.9946E-005 9.9946E-005 9.9946E-005
9.99101E-005 9.99101E-005 9.99101E-005 9.99101E-005 9.99101E-005 0.999001 9.99101E-005 9.99101E-005 9.99101E-005 9.99101E-005 9.99101E-005
9.9928E-005 9.9928E-005 9.9928E-005 9.9928E-005 9.9928E-005 0.00326907 9.9928E-005 9.9928E-005 0.0102301 0.985701 9.9928E-005
9.9946E-005 0.00444064 9.9946E-005 0.0086746 0.00351433 9.9946E-005 9.9946E-005 0.982469 9.9946E-005 9.9946E-005 0.000301696
0.964182 9.9946E-005 0.00737506 0.00924964 9.9946E-005 9.9946E-005 0.0012352 0.0173583 9.9946E-005 9.9946E-005 9.9946E-005
9.99191E-005 0.00161369 9.99191E-005 9.99191E-005 9.99191E-005 0.997487 9.99191E-005 9.99191E-005 9.99191E-005 9.99191E-005 9.99191E-005
9.99101E-005 9.99101E-005 9.99101E-005 9.99101E-005 9.99101E-005 9.99101E-005 9.99101E-005 9.99101E-005 9.99101E-005 9.99101E-005 0.999001
9.9937E-005 9.9937E-005 0.00107374 9.9937E-005 9.9937E-005 0.0016914 9.9937E-005 9.9937E-005 0.0333273 9.9937E-005 0.963208
0.999001 9.99101E-005 9.99101E-005 9.99101E-005 9.99101E-005 9.99101E-005 9.99101E-005 9.99101E-005 9.99101E-005 9.99101E-005 9.99101E-005
9.9928E-005 9.9928E-005 9.9928E-005 9.9928E-005 9.9928E-005 0.00266175 9.9928E-005 9.9928E-005 0.0241578 9.9928E-005 0.972381
9.99191E-005 9.99191E-005 9.99191E-005 0.00385537 9.99191E-005 9.99191E-005 9.99191E-005 0.995245 9.99191E-005 9.99191E-005 9.99191E-005
0.0131169 0.000872592 9.9946E-005 0.00631748 9.9946E-005 9.9946E-005 0.00356281 0.975531 9.9946E-005 9.9946E-005 9.9946E-005
0.0306136 9.997E-005 0.00179205 0.0264416 9.997E-005 9.997E-005 0.0054025 0.929438 0.000167898 0.00369164 0.00215292
9.9937E-005 9.9937E-005 0.00168252 0.0039848 9.9937E-005 9.9937E-005 0.000714641 0.992918 9.9937E-005 9.9937E-005 9.9937E-005
0.0218677 9.9928E-005 9.9928E-005 0.0233983 9.9928E-005 9.9928E-005 9.9928E-005 0.953935 9.9928E-005 9.9928E-005 9.9928E-005
0.0151168 0.00964345 0.00564116 9.9955E-005 9.9955E-005 0.0033621 9.9955E-005 0.964027 0.00170987 9.9955E-005 9.9955E-005
9.9928E-005 9.9928E-005 9.9928E-005 9.9928E-005 0.000382979 9.9928E-005 0.00104732 0.99777 9.9928E-005 9.9928E-005 9.9928E-005
0.999001 9.99101E-005 9.99101E-005 9.99101E-005 9.99101E-005 9.99101E-005 9.99101E-005 9.99101E-005 9.99101E-005 9.99101E-005 9.99101E-005
0.997911 0.00119017 9.9919E-005 9.9919E-005 9.9919E-005 9.9919E-005 9.9919E-005 9.9919E-005 9.9919E-005 9.9919E-005 9.9919E-005
9.99235E-005 0.0028706 9.99235E-005 9.99235E-005 9.99235E-005 9.99235E-005 9.99235E-005 0.99623 9.99235E-005 9.99235E-005 9.99235E-005
9.9937E-005 0.0245405 9.9937E-005 9.9937E-005 9.9937E-005 9.9937E-005 9.9937E-005 0.00212508 9.9937E-005 0.961735 0.0109003
9.99153E-005 9.99153E-005 9.99153E-005 9.99153E-005 0.999001 9.99153E-005 9.99153E-005 9.99153E-005 9.99153E-005 9.99153E-005 9.99153E-005
9.99281E-005 0.0239047 9.99281E-005 9.99281E-005 0.973845 9.99281E-005 9.99281E-005 9.99281E-005 9.99281E-005 9.99281E-005 0.00145076
9.99101E-005 0.999001 9.99101E-005 9.99101E-005 9.99101E-005 9.99101E-005 9.99101E-005 9.99101E-005 9.99101E-005 9.99101E-005 9.99101E-005
9.9928E-005 9.9928E-005 9.9928E-005 9.9928E-005 0.981269 9.9928E-005 9.9928E-005 9.9928E-005 9.9928E-005 0.0176397 0.000291536
0.00122796 0.00945105 9.997E-005 0.00616323 9.997E-005 0.00476325 9.997E-005 0.00197448 0.00742788 0.961474 0.00721827
9.99191E-005 0.0130571 9.99191E-005 9.99191E-005 9.99191E-005 9.99191E-005 9.99191E-005 9.99191E-005 9.99191E-005 0.986044 9.99191E-005
9.99101E-005 9.99101E-005 9.99101E-005 9.99101E-005 9.99101E-005 9.99101E-005 9.99101E-005 9.99101E-005 9.99101E-005 0.999001 9.99101E-005
9.9919E-005 9.9919E-005 9.9919E-005 9.9919E-005 0.993544 9.9919E-005 9.9919E-005 9.9919E-005 0.00555704 9.9919E-005 9.9919E-005
0.999001 9.99101E-005 9.99101E-005 9.99101E-005 9.99101E-005 9.99101E-005 9.99101E-005 9.99101E-005 9.99101E-005 9.99101E-005 9.99101E-005
0.000893877 9.9928E-005 9.9928E-005 9.9928E-005 9.9928E-005 9.9928E-005 9.9928E-005 9.9928E-005 0.00326994 9.9928E-005 0.995037
0.606274 0.0162137 0.0396254 0.0158028 9.999E-005 0.0745882 0.0593103 0.0728395 0.028428 0.0723786 0.0144392
0.986274 0.000962052 9.9937E-005 9.9937E-005 9.9937E-005 9.9937E-005 0.00618714 0.00587769 9.9937E-005 9.9937E-005 9.9937E-005
0.985878 0.000834987 9.993E-005 9.993E-005 9.993E-005 9.993E-005 9.993E-005 0.0111134 9.993E-005 0.00147387 9.993E-005
0.00209053 0.0184104 9.9928E-005 9.9928E-005 9.9928E-005 9.9928E-005 9.9928E-005 9.9928E-005 9.9928E-005 9.9928E-005 0.9787
9.9928E-005 0.00110164 9.9928E-005 9.9928E-005 9.9928E-005 0.997603 0.000496418 9.9928E-005 9.9928E-005 9.9928E-005 9.9928E-005
0.139884 9.9955E-005 0.0365508 0.153142 9.9955E-005 9.9955E-005 0.0326142 0.634017 0.00329227 9.9955E-005 9.9955E-005
0.999001 9.99101E-005 9.99101E-005 9.99101E-005 9.99101E-005 9.99101E-005 9.99101E-005 9.99101E-005 9.99101E-005 9.99101E-005 9.99101E-005
0.999001 9.99101E-005 9.99101E-005 9.99101E-005 9.99101E-005 9.99101E-005 9.99101E-005 9.99101E-005 9.99101E-005 9.99101E-005 9.99101E-005
0.999001 9.99101E-005 9.99101E-005 9.99101E-005 9.99101E-005 9.99101E-005 9.99101E-005 9.99101E-005 9.99101E-005 9.99101E-005 9.99101E-005
0.995434 9.99281E-005 9.99281E-005 9.99281E-005 9.99281E-005 9.99281E-005 9.99281E-005 9.99281E-005 0.001639 9.99281E-005 0.00212731
0.999001 9.99101E-005 9.99101E-005 9.99101E-005 9.99101E-005 9.99101E-005 9.99101E-005 9.99101E-005 9.99101E-005 9.99101E-005 9.99101E-005
0.999001 9.99101E-005 9.99101E-005 9.99101E-005 9.99101E-005 9.99101E-005 9.99101E-005 9.99101E-005 9.99101E-005 9.99101E-005 9.99101E-005
