9.9973E-005 0.0139535 9.9973E-005 0.0371272 9.9973E-005 0.031431 0.00118452 0.898035 0.00013079 0.0178382
0.00169675 0.0170965 0.00736345 0.0491799 0.000767348 0.0186907 9.9991E-005 0.89909 0.00167566 0.0043396
0.000647079 0.0311313 9.9982E-005 0.890485 0.00366192 0.00940767 0.000556931 9.9982E-005 0.00369553 0.0602143
9.9964E-005 0.0155087 9.9964E-005 0.899016 0.000344705 0.0155171 9.9964E-005 0.0039843 9.9964E-005 0.0652297
9.9982E-005 0.0301251 9.9982E-005 0.923397 0.00381567 0.00540181 0.00345399 0.00556211 0.000500474 0.027544
9.99201E-005 9.99201E-005 9.99201E-005 0.999101 9.99201E-005 9.99201E-005 9.99201E-005 9.99201E-005 9.99201E-005 9.99201E-005
9.9937E-005 9.9937E-005 9.9937E-005 0.994043 9.9937E-005 9.9937E-005 9.9937E-005 9.9937E-005 0.00258217 0.00267488
9.9928E-005 9.9928E-005 9.9928E-005 0.998919 9.9928E-005 9.9928E-005 9.9928E-005 9.9928E-005 9.9928E-005 0.000282017
0.986476 9.9937E-005 9.9937E-005 0.00527464 0.00754968 9.9937E-005 9.9937E-005 9.9937E-005 9.9937E-005 9.9937E-005
0.00146646 0.988945 9.9946E-005 9.9946E-005 0.00517839 9.9946E-005 9.9946E-005 0.00381097 9.9946E-005 9.9946E-005
9.9937E-005 0.991873 9.9937E-005 9.9937E-005 0.00306568 9.9937E-005 9.9937E-005 9.9937E-005 0.00436145 9.9937E-005
0.0945037 9.9973E-005 0.0141896 9.9973E-005 0.0556411 0.00690941 0.0215419 0.0183578 0.788557 9.9973E-005
9.9938E-005 0.994977 9.9938E-005 9.9938E-005 0.000589504 9.9938E-005 9.9938E-005 9.9938E-005 0.00373364 9.9938E-005
9.9955E-005 0.991805 9.9955E-005 9.9955E-005 0.00101727 9.9955E-005 0.00210111 0.00212234 0.00245413 9.9955E-005
9.9937E-005 0.994139 9.9937E-005 9.9937E-005 0.00121182 9.9937E-005 9.9937E-005 9.9937E-005 0.00394939 9.9937E-005
9.99444E-005 0.995582 9.99444E-005 9.99444E-005 0.000157355 9.99444E-005 9.99444E-005 9.99444E-005 0.00356108 9.99444E-005
0.0952852 9.9982E-005 0.0165596 9.9982E-005 0.0499618 0.0122783 0.030222 0.00730268 0.7783 0.00989072
9.9955E-005 0.00518862 9.9955E-005 0.0174683 9.9955E-005 0.002458 9.9955E-005 0.00784747 9.9955E-005 0.966538
9.99201E-005 9.99201E-005 9.99201E-005 9.99201E-005 9.99201E-005 9.99201E-005 9.99201E-005 0.999101 9.99201E-005 9.99201E-005
9.9937E-005 0.00217845 9.9937E-005 9.9937E-005 9.9937E-005 9.9937E-005 0.00089877 0.996223 9.9937E-005 9.9937E-005
9.9928E-005 9.9928E-005 9.9928E-005 9.9928E-005 9.9928E-005 9.9928E-005 9.9928E-005 0.996876 9.9928E-005 0.00232495
9.99201E-005 9.99201E-005 9.99201E-005 9.99201E-005 9.99201E-005 9.99201E-005 9.99201E-005 0.999101 9.99201E-005 9.99201E-005
9.99323E-005 9.99323E-005 9.99323E-005 9.99323E-005 9.99323E-005 9.99323E-005 9.99323E-005 0.994228 9.99323E-005 0.00497285
9.99201E-005 9.99201E-005 9.99201E-005 9.99201E-005 9.99201E-005 9.99201E-005 9.99201E-005 0.999101 9.99201E-005 9.99201E-005
9.99201E-005 9.99201E-005 9.99201E-005 9.99201E-005 9.99201E-005 9.99201E-005 9.99201E-005 0.999101 9.99201E-005 9.99201E-005
9.99201E-005 9.99201E-005 9.99201E-005 9.99201E-005 9.99201E-005 9.99201E-005 9.99201E-005 0.999101 9.99201E-005 9.99201E-005
9.9928E-005 9.9928E-005 9.9928E-005 9.9928E-005 9.9928E-005 9.9928E-005 9.9928E-005 0.996007 9.9928E-005 0.003194
0.00242633 9.9946E-005 9.9946E-005 9.9946E-005 0.0017152 9.9946E-005 9.9946E-005 0.994462 0.000796319 9.9946E-005
0.000382756 0.000158194 9.9955E-005 0.0104581 9.9955E-005 0.974318 9.9955E-005 0.0141829 9.9955E-005 9.9955E-005
9.9955E-005 0.00245429 9.9955E-005 0.0179074 9.9955E-005 0.977472 9.9955E-005 0.00154336 9.9955E-005 0.00012356
9.99201E-005 9.99201E-005 9.99201E-005 9.99201E-005 9.99201E-005 0.999101 9.99201E-005 9.99201E-005 9.99201E-005 9.99201E-005
9.99201E-005 9.99201E-005 9.99201E-005 9.99201E-005 9.99201E-005 0.999101 9.99201E-005 9.99201E-005 9.99201E-005 9.99201E-005
9.99201E-005 9.99201E-005 9.99201E-005 9.99201E-005 9.99201E-005 0.999101 9.99201E-005 9.99201E-005 9.99201E-005 9.99201E-005
9.99201E-005 9.99201E-005 9.99201E-005 9.99201E-005 9.99201E-005 9.99201E-005 9.99201E-005 9.99201E-005 9.99201E-005 0.999101
9.99201E-005 9.99201E-005 9.99201E-005 9.99201E-005 9.99201E-005 9.99201E-005 9.99201E-005 9.99201E-005 9.99201E-005 0.999101
9.99201E-005 9.99201E-005 9.99201E-005 9.99201E-005 9.99201E-005 9.99201E-005 9.99201E-005 9.99201E-005 9.99201E-005 0.999101
9.99201E-005 9.99201E-005 9.99201E-005 9.99201E-005 9.99201E-005 9.99201E-005 9.99201E-005 9.99201E-005 9.99201E-005 0.999101
9.99201E-005 9.99201E-005 9.99201E-005 9.99201E-005 9.99201E-005 9.99201E-005 9.99201E-005 9.99201E-005 0.999101 9.99201E-005
9.99201E-005 9.99201E-005 9.99201E-005 9.99201E-005 9.99201E-005 0.999101 9.99201E-005 9.99201E-005 9.99201E-005 9.99201E-005
9.9937E-005 9.9937E-005 9.9937E-005 9.9937E-005 0.000124951 0.997877 9.9937E-005 9.9937E-005 0.00129887 9.9937E-005
9.99201E-005 9.99201E-005 9.99201E-005 9.99201E-005 9.99201E-005 0.999101 9.99201E-005 9.99201E-005 9.99201E-005 9.99201E-005
9.9937E-005 9.9937E-005 9.9937E-005 9.9937E-005 0.000457151 0.996533 0.00231066 9.9937E-005 9.9937E-005 9.9937E-005
0.987992 9.9946E-005 0.00265942 9.9946E-005 0.00549149 9.9946E-005 9.9946E-005 0.00325708 9.9946E-005 9.9946E-005
0.916771 9.9964E-005 9.9964E-005 9.9964E-005 0.00318018 0.00203775 0.0694988 0.00348014 0.00463276 9.9964E-005
0.992974 9.9937E-005 9.9937E-005 9.9937E-005 0.0026704 9.9937E-005 9.9937E-005 0.00365572 9.9937E-005 9.9937E-005
0.979756 9.9955E-005 0.00177215 0.00746723 9.9955E-005 9.9955E-005 0.0095772 9.9955E-005 9.9955E-005 0.000927205
0.987048 0.00826565 9.9946E-005 9.9946E-005 0.00257123 9.9946E-005 9.9946E-005 9.9946E-005 0.00151504 9.9946E-005
0.992893 9.9937E-005 9.9937E-005 0.0059971 9.9937E-005 0.000410568 9.9937E-005 9.9937E-005 9.9937E-005 9.9937E-005
0.996423 9.9928E-005 9.9928E-005 9.9928E-005 0.00277795 9.9928E-005 9.9928E-005 9.9928E-005 9.9928E-005 9.9928E-005
0.97493 9.9946E-005 9.9946E-005 9.9946E-005 9.9946E-005 9.9946E-005 0.0157173 0.00173579 0.00701731 9.9946E-005
9.99281E-005 0.96959 0.0296105 9.99281E-005 9.99281E-005 9.99281E-005 9.99281E-005 9.99281E-005 9.99281E-005 9.99281E-005
9.9964E-005 0.962005 9.9964E-005 0.0156184 0.00240078 0.00596047 9.9964E-005 0.0114179 9.9964E-005 0.0021975
9.9946E-005 0.958402 9.9946E-005 0.0216293 9.9946E-005 0.00314465 9.9946E-005 9.9946E-005 9.9946E-005 0.0162241
9.9937E-005 0.993515 9.9937E-005 0.00020138 9.9937E-005 9.9937E-005 9.9937E-005 9.9937E-005 9.9937E-005 0.00558369
9.9955E-005 0.989397 9.9955E-005 9.9955E-005 0.00139817 9.9955E-005 0.00213913 0.000279932 0.00628601 9.9955E-005
9.9928E-005 0.993507 9.9928E-005 9.9928E-005 9.9928E-005 9.9928E-005 9.9928E-005 9.9928E-005 9.9928E-005 0.00569376
9.9928E-005 9.9928E-005 9.9928E-005 9.9928E-005 0.99715 9.9928E-005 9.9928E-005 0.00205008 9.9928E-005 9.9928E-005
0.999101 9.99201E-005 9.99201E-005 9.99201E-005 9.99201E-005 9.99201E-005 9.99201E-005 9.99201E-005 9.99201E-005 9.99201E-005
0.00116993 0.00502694 9.9964E-005 9.9964E-005 0.990529 9.9964E-005 9.9964E-005 0.00160185 0.00108843 0.000183979
0.999101 9.99201E-005 9.99201E-005 9.99201E-005 9.99201E-005 9.99201E-005 9.99201E-005 9.99201E-005 9.99201E-005 9.99201E-005
0.999101 9.99201E-005 9.99201E-005 9.99201E-005 9.99201E-005 9.99201E-005 9.99201E-005 9.99201E-005 9.99201E-005 9.99201E-005
0.00419465 0.0168432 9.9973E-005 0.92165 0.00128415 0.0146432 9.9973E-005 0.0124317 9.9973E-005 0.0286535
9.99201E-005 9.99201E-005 9.99201E-005 0.999101 9.99201E-005 9.99201E-005 9.99201E-005 9.99201E-005 9.99201E-005 9.99201E-005
9.9937E-005 9.9937E-005 9.9937E-005 0.99717 0.000448399 9.9937E-005 9.9937E-005 9.9937E-005 9.9937E-005 0.00168231
0.00432159 0.0360021 9.9973E-005 0.931561 0.00252495 0.00950034 9.9973E-005 0.00591839 9.9973E-005 0.00987183
0.00353239 0.0281172 9.9991E-005 0.930541 0.00209591 0.00468474 0.00128144 0.00452535 0.00171166 0.0234108
9.9928E-005 0.00215164 9.9928E-005 0.997049 9.9928E-005 9.9928E-005 9.9928E-005 9.9928E-005 9.9928E-005 9.9928E-005
0.999101 9.99201E-005 9.99201E-005 9.99201E-005 9.99201E-005 9.99201E-005 9.99201E-005 9.99201E-005 9.99201E-005 9.99201E-005
0.924101 9.9964E-005 0.00467958 9.9964E-005 0.00883112 9.9964E-005 0.0521507 0.00353206 0.00630592 9.9964E-005
0.999101 9.99201E-005 9.99201E-005 9.99201E-005 9.99201E-005 9.99201E-005 9.99201E-005 9.99201E-005 9.99201E-005 9.99201E-005
0.995748 9.9937E-005 9.9937E-005 9.9937E-005 0.00338608 9.9937E-005 9.9937E-005 0.000166114 9.9937E-005 9.9937E-005
0.998902 9.9928E-005 9.9928E-005 9.9928E-005 0.000298941 9.9928E-005 9.9928E-005 9.9928E-005 9.9928E-005 9.9928E-005
0.990854 9.9937E-005 9.9937E-005 9.9937E-005 9.9937E-005 9.9937E-005 9.9937E-005 0.00193582 0.00651074 9.9937E-005
0.927932 9.9937E-005 9.9937E-005 9.9937E-005 9.9937E-005 9.9937E-005 0.0655471 9.9937E-005 0.00582132 9.9937E-005
0.905622 0.000926573 9.9964E-005 9.9964E-005 0.00321383 9.9964E-005 0.0670514 9.9964E-005 0.0177166 0.00506972
0.917805 9.9955E-005 0.00197592 9.9955E-005 9.9955E-005 0.0023536 0.0694191 9.9955E-005 0.0079463 9.9955E-005
0.989514 9.99338E-005 9.99338E-005 9.99338E-005 9.99338E-005 9.99338E-005 9.99338E-005 0.00968621 9.99338E-005 9.99338E-005
0.906247 9.9937E-005 9.9937E-005 9.9937E-005 9.9937E-005 9.9937E-005 0.073706 9.9937E-005 0.0193473 9.9937E-005
0.882812 9.9946E-005 0.0154415 9.9946E-005 9.9946E-005 9.9946E-005 0.091753 9.9946E-005 0.00939346 9.9946E-005
0.932232 9.9964E-005 9.9964E-005 9.9964E-005 0.0141041 0.00501188 0.0374995 0.00189993 0.00885293 9.9964E-005
0.930397 9.9964E-005 9.9964E-005 9.9964E-005 0.000705449 9.9964E-005 0.0559199 0.00142282 0.010786 0.000369392
0.000621265 0.0241002 9.9973E-005 0.908082 9.9973E-005 0.00105618 9.9973E-005 0.00904958 0.00298401 0.0538071
9.9955E-005 0.0269496 9.9955E-005 0.0496478 9.9955E-005 0.00774263 9.9955E-005 0.0050841 9.9955E-005 0.910076
9.9955E-005 0.00162494 9.9955E-005 0.00770506 9.9955E-005 9.9955E-005 0.000678098 0.00352021 9.9955E-005 0.985972
9.9928E-005 0.000110233 9.9928E-005 9.9928E-005 9.9928E-005 9.9928E-005 9.9928E-005 9.9928E-005 0.99909 9.9928E-005
9.99201E-005 9.99201E-005 9.99201E-005 9.99201E-005 9.99201E-005 9.99201E-005 9.99201E-005 9.99201E-005 0.999101 9.99201E-005
9.9946E-005 0.016247 9.9946E-005 9.9946E-005 9.9946E-005 9.9946E-005 0.00147021 0.00397391 9.9946E-005 0.977709
9.9964E-005 0.11103 0.131446 0.269411 9.9964E-005 0.0352717 9.9964E-005 0.0310986 9.9964E-005 0.421343
0.0273272 0.0863601 0.572903 9.9982E-005 0.0170971 0.0126347 9.9982E-005 0.0025503 0.0111386 0.269789
0.00386072 0.0282804 0.00342597 0.060276 0.00204387 0.741877 0.00248273 0.0929504 9.9991E-005 0.0647027
0.00256581 0.0232395 9.9982E-005 0.0663241 9.9982E-005 0.745181 0.00176504 0.098791 0.000750049 0.0611835
9.99201E-005 9.99201E-005 9.99201E-005 9.99201E-005 9.99201E-005 9.99201E-005 9.99201E-005 9.99201E-005 0.999101 9.99201E-005
9.99201E-005 9.99201E-005 9.99201E-005 9.99201E-005 9.99201E-005 9.99201E-005 9.99201E-005 9.99201E-005 0.999101 9.99201E-005
9.9973E-005 0.0231506 9.9973E-005 0.0677791 0.000816157 0.739657 9.9973E-005 0.104356 0.00363169 0.0603094
9.9964E-005 0.127456 0.0887112 0.296791 9.9964E-005 0.0333933 9.9964E-005 0.0288325 9.9964E-005 0.424416
9.99201E-005 9.99201E-005 9.99201E-005 9.99201E-005 9.99201E-005 9.99201E-005 9.99201E-005 9.99201E-005 0.999101 9.99201E-005
9.9973E-005 0.0169287 0.000448126 0.0550904 9.9973E-005 0.758905 0.00436657 0.0975258 9.9973E-005 0.0664357
0.000276751 0.0390574 0.018573 0.0147845 0.00478689 0.0165288 0.00565547 9.9982E-005 9.9982E-005 0.900137
9.9937E-005 0.00845728 9.9937E-005 0.0235481 9.9937E-005 9.9937E-005 9.9937E-005 9.9937E-005 9.9937E-005 0.967295
0.0263847 0.147144 0.0742048 0.19428 0.0318575 0.0383534 0.00690979 0.0424304 0.0157356 0.4227
0.0131231 0.11277 0.00813619 0.144101 0.00712794 0.27261 9.9982E-005 0.29647 9.9982E-005 0.145462
9.9955E-005 0.0164253 9.9955E-005 0.0216433 9.9955E-005 9.9955E-005 9.9955E-005 0.00267428 0.0022568 0.956501
9.9964E-005 0.0261367 0.000752133 0.0116815 9.9964E-005 0.00148022 9.9964E-005 0.0102531 9.9964E-005 0.949297
9.9973E-005 0.0259335 0.0076717 0.00235775 0.000980639 0.0071179 9.9973E-005 9.9973E-005 0.00172277 0.953916
9.9946E-005 9.9946E-005 9.9946E-005 9.9946E-005 0.00364023 0.00203065 9.9946E-005 0.00235611 0.991373 9.9946E-005
9.9973E-005 0.00369252 0.00758375 0.0238867 9.9973E-005 0.00767288 9.9973E-005 0.000858718 0.000799035 0.955206
9.99281E-005 9.99281E-005 9.99281E-005 9.99281E-005 9.99281E-005 9.99281E-005 9.99281E-005 0.000191679 0.999009 9.99281E-005
9.99201E-005 9.99201E-005 9.99201E-005 9.99201E-005 9.99201E-005 9.99201E-005 9.99201E-005 9.99201E-005 9.99201E-005 0.999101
9.99201E-005 9.99201E-005 9.99201E-005 9.99201E-005 9.99201E-005 9.99201E-005 9.99201E-005 9.99201E-005 0.999101 9.99201E-005
9.99201E-005 9.99201E-005 9.99201E-005 9.99201E-005 9.99201E-005 0.999101 9.99201E-005 9.99201E-005 9.99201E-005 9.99201E-005
9.99201E-005 9.99201E-005 9.99201E-005 9.99201E-005 9.99201E-005 9.99201E-005 9.99201E-005 9.99201E-005 9.99201E-005 0.999101
9.9955E-005 0.00491882 9.9955E-005 0.0276009 9.9955E-005 0.932292 9.9955E-005 0.028184 9.9955E-005 0.00650453
9.9928E-005 9.9928E-005 9.9928E-005 9.9928E-005 0.00131369 9.9928E-005 9.9928E-005 9.9928E-005 9.9928E-005 0.997887
9.9937E-005 9.9937E-005 9.9937E-005 9.9937E-005 9.9937E-005 0.00428419 9.9937E-005 0.0119681 9.9937E-005 0.983048
9.99201E-005 9.99201E-005 9.99201E-005 9.99201E-005 9.99201E-005 9.99201E-005 9.99201E-005 9.99201E-005 9.99201E-005 0.999101
9.99201E-005 9.99201E-005 9.99201E-005 9.99201E-005 9.99201E-005 9.99201E-005 9.99201E-005 9.99201E-005 9.99201E-005 0.999101
9.99201E-005 9.99201E-005 9.99201E-005 9.99201E-005 9.99201E-005 9.99201E-005 9.99201E-005 9.99201E-005 0.999101 9.99201E-005
9.9955E-005 0.025019 0.00893206 0.953036 9.9955E-005 9.9955E-005 9.9955E-005 0.0119578 9.9955E-005 0.000555151
9.9955E-005 0.0205849 0.00685823 0.953673 0.00397554 9.9955E-005 9.9955E-005 0.0144084 9.9955E-005 9.9955E-005
9.9973E-005 0.0217355 9.9973E-005 0.906159 0.00167043 0.011617 9.9973E-005 0.00555297 0.00328801 0.0496769
9.9937E-005 0.997725 9.9937E-005 9.9937E-005 0.000338495 9.9937E-005 9.9937E-005 9.9937E-005 0.00123686 9.9937E-005
9.9955E-005 9.9955E-005 9.9955E-005 0.0113646 9.9955E-005 9.9955E-005 0.00679603 0.000667771 0.98033 0.00034182
9.9946E-005 0.966595 9.9946E-005 0.0136833 9.9946E-005 0.00398522 9.9946E-005 9.9946E-005 9.9946E-005 0.0151368
9.9928E-005 0.995398 9.9928E-005 9.9928E-005 9.9928E-005 9.9928E-005 9.9928E-005 9.9928E-005 0.00380227 9.9928E-005
9.9964E-005 0.953052 0.021121 0.00793903 9.9964E-005 0.00110131 9.9964E-005 0.00527868 9.9964E-005 0.0111079
9.9928E-005 0.990805 0.00839605 9.9928E-005 9.9928E-005 9.9928E-005 9.9928E-005 9.9928E-005 9.9928E-005 9.9928E-005
9.9928E-005 0.991023 9.9928E-005 9.9928E-005 9.9928E-005 9.9928E-005 9.9928E-005 9.9928E-005 9.9928E-005 0.00817804
9.99201E-005 9.99201E-005 9.99201E-005 9.99201E-005 9.99201E-005 0.999101 9.99201E-005 9.99201E-005 9.99201E-005 9.99201E-005
9.99201E-005 9.99201E-005 9.99201E-005 9.99201E-005 9.99201E-005 0.999101 9.99201E-005 9.99201E-005 9.99201E-005 9.99201E-005
9.9928E-005 9.9928E-005 0.00274635 9.9928E-005 9.9928E-005 0.996454 9.9928E-005 9.9928E-005 9.9928E-005 9.9928E-005
9.9928E-005 9.9928E-005 0.0204523 9.9928E-005 9.9928E-005 0.978748 9.9928E-005 9.9928E-005 9.9928E-005 9.9928E-005
9.9964E-005 0.948016 9.9964E-005 0.000531023 9.9964E-005 0.0154356 9.9964E-005 0.00206876 0.0299566 0.00359251
9.9955E-005 0.0117007 9.9955E-005 0.0115959 9.9955E-005 0.96682 9.9955E-005 0.000257387 9.9955E-005 0.00912605
9.99281E-005 0.989719 0.00948153 9.99281E-005 9.99281E-005 9.99281E-005 9.99281E-005 9.99281E-005 9.99281E-005 9.99281E-005
9.9946E-005 0.96106 9.9946E-005 0.00969574 9.9946E-005 0.00407044 9.9946E-005 9.9946E-005 9.9946E-005 0.0245739
9.9946E-005 0.969009 9.9946E-005 0.00965391 9.9946E-005 0.000345946 9.9946E-005 9.9946E-005 9.9946E-005 0.0203915
9.9937E-005 0.984074 0.00246134 9.9937E-005 9.9937E-005 9.9937E-005 9.9937E-005 9.9937E-005 9.9937E-005 0.012765
0.000361452 0.955678 9.9955E-005 0.0280642 9.9955E-005 0.00235354 9.9955E-005 9.9955E-005 9.9955E-005 0.0130427
9.9973E-005 0.98272 0.00138082 0.00360228 0.00243584 0.00676603 0.000973395 0.00182159 9.9973E-005 9.9973E-005
9.9982E-005 0.967513 0.0037429 0.00141386 0.000714314 0.00758478 0.000764316 9.9982E-005 0.000972132 0.0170948
9.9937E-005 0.954443 9.9937E-005 0.0183634 9.9937E-005 9.9937E-005 9.9937E-005 9.9937E-005 9.9937E-005 0.0264937
0.000564125 0.948749 0.0179513 0.0220967 9.9955E-005 9.9955E-005 9.9955E-005 0.0101395 9.9955E-005 9.9955E-005
9.9955E-005 0.964004 0.0268533 0.00300593 9.9955E-005 0.00290818 9.9955E-005 9.9955E-005 9.9955E-005 0.00272841
0.00207941 0.984366 9.9946E-005 9.9946E-005 0.00376966 9.9946E-005 9.9946E-005 0.00918546 9.9946E-005 9.9946E-005
9.9946E-005 0.971694 9.9946E-005 9.9946E-005 9.9946E-005 0.00296088 9.9946E-005 0.0212614 9.9946E-005 0.00348407
9.9946E-005 0.963998 9.9946E-005 0.0113356 9.9946E-005 0.00645671 9.9946E-005 9.9946E-005 9.9946E-005 0.0176098
0.00236376 0.949388 0.00412939 0.0377881 9.9982E-005 0.000126068 9.9982E-005 0.000338892 0.00151237 0.00415349
9.9946E-005 0.98202 9.9946E-005 9.9946E-005 9.9946E-005 0.00446777 9.9946E-005 0.00383953 9.9946E-005 0.0090726
9.9964E-005 0.93426 0.0409206 0.00568927 0.00858686 0.000195758 0.00994807 9.9964E-005 9.9964E-005 9.9964E-005
0.975518 9.99426E-005 9.99426E-005 9.99426E-005 9.99426E-005 9.99426E-005 0.0143612 9.99426E-005 0.00942136 9.99426E-005
0.988786 9.9937E-005 0.00347538 9.9937E-005 9.9937E-005 9.9937E-005 0.00703914 9.9937E-005 9.9937E-005 9.9937E-005
0.997303 0.00189743 9.9928E-005 9.9928E-005 9.9928E-005 9.9928E-005 9.9928E-005 9.9928E-005 9.9928E-005 9.9928E-005
9.9946E-005 0.961035 0.0311901 9.9946E-005 0.0020018 9.9946E-005 0.00517312 9.9946E-005 9.9946E-005 9.9946E-005
9.99551E-005 0.0695486 0.43331 9.99551E-005 9.99551E-005 0.218566 9.99551E-005 0.240031 9.99551E-005 0.0380436
9.9964E-005 9.9964E-005 9.9964E-005 0.000786199 0.992725 0.00322365 9.9964E-005 0.00123893 0.000305763 0.00132029
0.00112274 0.00122223 9.9991E-005 0.00225446 0.988037 0.000981488 0.000293641 0.000582243 0.00503116 0.000375514
9.99201E-005 9.99201E-005 9.99201E-005 9.99201E-005 0.999101 9.99201E-005 9.99201E-005 9.99201E-005 9.99201E-005 9.99201E-005
9.99371E-005 9.99371E-005 9.99371E-005 9.99371E-005 0.993291 9.99371E-005 9.99371E-005 0.000194487 0.00581456 9.99371E-005
9.99201E-005 9.99201E-005 9.99201E-005 9.99201E-005 0.999101 9.99201E-005 9.99201E-005 9.99201E-005 9.99201E-005 9.99201E-005
9.99201E-005 9.99201E-005 9.99201E-005 9.99201E-005 0.999101 9.99201E-005 9.99201E-005 9.99201E-005 9.99201E-005 9.99201E-005
0.017189 9.9928E-005 9.9928E-005 9.9928E-005 9.9928E-005 9.9928E-005 0.982012 9.9928E-005 9.9928E-005 9.9928E-005
9.99201E-005 9.99201E-005 9.99201E-005 9.99201E-005 0.999101 9.99201E-005 9.99201E-005 9.99201E-005 9.99201E-005 9.99201E-005
0.994748 9.9937E-005 0.00332738 0.00122504 9.9937E-005 9.9937E-005 9.9937E-005 9.9937E-005 9.9937E-005 9.9937E-005
9.9955E-005 9.9955E-005 0.0138811 0.000845464 0.979601 0.0026523 0.00252037 9.9955E-005 9.9955E-005 9.9955E-005
0.0107813 9.99281E-005 9.99281E-005 9.99281E-005 0.988419 9.99281E-005 9.99281E-005 9.99281E-005 9.99281E-005 9.99281E-005
9.99201E-005 9.99201E-005 9.99201E-005 9.99201E-005 0.999101 9.99201E-005 9.99201E-005 9.99201E-005 9.99201E-005 9.99201E-005
9.9937E-005 9.9937E-005 0.00335099 9.9937E-005 0.994926 9.9937E-005 9.9937E-005 9.9937E-005 0.00102378 9.9937E-005
0.000239469 0.940724 0.000414903 0.0126974 9.9982E-005 0.00557172 0.000594573 0.00870203 9.9982E-005 0.0308557
9.99201E-005 9.99201E-005 9.99201E-005 9.99201E-005 0.999101 9.99201E-005 9.99201E-005 9.99201E-005 9.99201E-005 9.99201E-005
0.996159 9.9955E-005 0.000155943 0.00105534 0.00193807 9.9955E-005 9.9955E-005 9.9955E-005 9.9955E-005 0.000192189
9.9973E-005 0.969779 0.0178873 9.9973E-005 9.9973E-005 0.00122486 0.00043967 0.00245791 0.000617453 0.0072934
9.9955E-005 0.00547176 9.9955E-005 0.989912 9.9955E-005 9.9955E-005 9.9955E-005 0.00252294 0.000594441 0.000998875
9.9937E-005 9.9937E-005 0.00211029 9.9937E-005 0.995827 9.9937E-005 0.00136343 9.9937E-005 9.9937E-005 9.9937E-005
9.99201E-005 9.99201E-005 9.99201E-005 9.99201E-005 9.99201E-005 9.99201E-005 9.99201E-005 9.99201E-005 0.999101 9.99201E-005
9.9946E-005 9.9946E-005 0.000900574 9.9946E-005 0.000292637 9.9946E-005 9.9946E-005 9.9946E-005 0.99608 0.00212734
9.9928E-005 9.9928E-005 0.00557768 0.993623 9.9928E-005 9.9928E-005 9.9928E-005 9.9928E-005 9.9928E-005 9.9928E-005
9.9928E-005 9.9928E-005 9.9928E-005 0.000398185 9.9928E-005 9.9928E-005 9.9928E-005 9.9928E-005 0.998802 9.9928E-005
9.9937E-005 0.990918 0.000153475 9.9937E-005 9.9937E-005 9.9937E-005 9.9937E-005 9.9937E-005 9.9937E-005 0.00822937
9.9955E-005 0.968253 0.00584903 0.0112733 9.9955E-005 0.00209144 9.9955E-005 9.9955E-005 9.9955E-005 0.0120331
9.9982E-005 0.935536 0.00944293 0.0149989 0.00180579 0.00039538 0.00328634 9.9982E-005 0.00210558 0.032229
0.000891283 0.993369 9.9946E-005 9.9946E-005 9.9946E-005 0.00437599 9.9946E-005 0.000764017 9.9946E-005 9.9946E-005
9.9937E-005 0.947612 9.9937E-005 0.0222351 9.9937E-005 9.9937E-005 9.9937E-005 9.9937E-005 9.9937E-005 0.0294531
9.9955E-005 0.958962 0.0353086 9.9955E-005 0.00164929 9.9955E-005 9.9955E-005 0.00159028 0.00198991 9.9955E-005
9.9937E-005 0.989422 9.9937E-005 9.9937E-005 9.9937E-005 0.00597767 9.9937E-005 9.9937E-005 9.9937E-005 0.00390072
9.9928E-005 9.9928E-005 0.0105039 0.988697 9.9928E-005 9.9928E-005 9.9928E-005 9.9928E-005 9.9928E-005 9.9928E-005
9.9928E-005 9.9928E-005 0.0270296 0.972171 9.9928E-005 9.9928E-005 9.9928E-005 9.9928E-005 9.9928E-005 9.9928E-005
9.99281E-005 0.988773 9.99281E-005 0.0104271 9.99281E-005 9.99281E-005 9.99281E-005 9.99281E-005 9.99281E-005 9.99281E-005
0.960737 9.9946E-005 0.00922391 9.9946E-005 9.9946E-005 9.9946E-005 0.0277306 9.9946E-005 0.00170855 9.9946E-005
0.0109008 9.9928E-005 9.9928E-005 9.9928E-005 9.9928E-005 9.9928E-005 0.9883 9.9928E-005 9.9928E-005 9.9928E-005
9.99201E-005 9.99201E-005 9.99201E-005 9.99201E-005 9.99201E-005 9.99201E-005 0.999101 9.99201E-005 9.99201E-005 9.99201E-005
9.9982E-005 0.0756469 0.0298806 0.0455898 0.0496576 0.0332608 0.727182 0.0233351 0.0152468 9.9982E-005
0.021571 9.9928E-005 9.9928E-005 9.9928E-005 9.9928E-005 9.9928E-005 0.97763 9.9928E-005 9.9928E-005 9.9928E-005
0.978513 9.9964E-005 9.9964E-005 0.00547607 0.00370195 0.00417355 0.00278476 9.9964E-005 0.00495031 9.9964E-005
0.998 0.00114214 9.9937E-005 9.9937E-005 9.9937E-005 9.9937E-005 9.9937E-005 9.9937E-005 0.000158785 9.9937E-005
0.999101 9.99201E-005 9.99201E-005 9.99201E-005 9.99201E-005 9.99201E-005 9.99201E-005 9.99201E-005 9.99201E-005 9.99201E-005
0.0175946 9.9928E-005 9.9928E-005 9.9928E-005 9.9928E-005 9.9928E-005 0.981606 9.9928E-005 9.9928E-005 9.9928E-005
9.9928E-005 9.9928E-005 0.0124317 0.986769 9.9928E-005 9.9928E-005 9.9928E-005 9.9928E-005 9.9928E-005 9.9928E-005
9.99201E-005 9.99201E-005 9.99201E-005 9.99201E-005 9.99201E-005 9.99201E-005 9.99201E-005 9.99201E-005 0.999101 9.99201E-005
9.99201E-005 9.99201E-005 0.999101 9.99201E-005 9.99201E-005 9.99201E-005 9.99201E-005 9.99201E-005 9.99201E-005 9.99201E-005
9.9955E-005 0.0055285 0.0190934 0.974006 9.9955E-005 0.000450161 0.000422053 9.9955E-005 9.9955E-005 9.9955E-005
9.9937E-005 0.0107034 0.0194755 0.969122 9.9937E-005 9.9937E-005 9.9937E-005 9.9937E-005 9.9937E-005 9.9937E-005
9.9928E-005 9.9928E-005 9.9928E-005 9.9928E-005 9.9928E-005 9.9928E-005 0.00124902 9.9928E-005 0.997952 9.9928E-005
9.99281E-005 9.99281E-005 0.000938365 9.99281E-005 0.998262 9.99281E-005 9.99281E-005 9.99281E-005 9.99281E-005 9.99281E-005
9.9982E-005 0.644263 0.0175194 0.126728 0.0012358 0.0325868 9.9982E-005 0.0347442 0.000707796 0.142015
9.99201E-005 9.99201E-005 9.99201E-005 0.999101 9.99201E-005 9.99201E-005 9.99201E-005 9.99201E-005 9.99201E-005 9.99201E-005
9.99201E-005 9.99201E-005 9.99201E-005 0.999101 9.99201E-005 9.99201E-005 9.99201E-005 9.99201E-005 9.99201E-005 9.99201E-005
9.99201E-005 9.99201E-005 9.99201E-005 0.999101 9.99201E-005 9.99201E-005 9.99201E-005 9.99201E-005 9.99201E-005 9.99201E-005
9.9937E-005 9.9937E-005 0.0247102 0.973729 9.9937E-005 9.9937E-005 9.9937E-005 9.9937E-005 0.000861289 9.9937E-005
9.99201E-005 9.99201E-005 9.99201E-005 0.999101 9.99201E-005 9.99201E-005 9.99201E-005 9.99201E-005 9.99201E-005 9.99201E-005
9.99281E-005 9.99281E-005 0.0064107 0.99279 9.99281E-005 9.99281E-005 9.99281E-005 9.99281E-005 9.99281E-005 9.99281E-005
