0.00483448 0.212118 9.9982E-005 0.106892 0.00256435 0.662065 9.9982E-005 0.0113266
0.004197 0.226975 9.9982E-005 0.104181 0.00624175 0.649024 9.9982E-005 0.00918153
0.0014351 0.983639 0.00093782 0.00821773 0.00121203 9.9982E-005 0.00435879 9.9982E-005
9.994E-005 0.9993 9.994E-005 9.994E-005 9.994E-005 9.994E-005 9.994E-005 9.994E-005
9.9955E-005 0.991452 0.00579242 9.9955E-005 0.00225545 9.9955E-005 9.9955E-005 9.9955E-005
9.994E-005 0.9993 9.994E-005 9.994E-005 9.994E-005 9.994E-005 9.994E-005 9.994E-005
9.994E-005 0.9993 9.994E-005 9.994E-005 9.994E-005 9.994E-005 9.994E-005 9.994E-005
9.994E-005 0.9993 9.994E-005 9.994E-005 9.994E-005 9.994E-005 9.994E-005 9.994E-005
9.9955E-005 0.003505 0.988098 9.9955E-005 0.00789718 9.9955E-005 9.9955E-005 9.9955E-005
9.9955E-005 9.9955E-005 0.00261773 0.994506 0.00237614 9.9955E-005 9.9955E-005 9.9955E-005
0.00372871 9.9964E-005 9.9964E-005 0.993279 0.00183814 9.9964E-005 9.9964E-005 0.000753994
0.781207 9.9973E-005 0.0532808 9.9973E-005 0.0557891 0.0377935 9.9973E-005 0.0716293
0.000340799 9.9973E-005 0.00166048 0.993627 0.00171384 9.9973E-005 0.00235768 9.9973E-005
0.0010115 9.9955E-005 9.9955E-005 0.994263 0.00422593 9.9955E-005 9.9955E-005 9.9955E-005
0.00449829 9.9955E-005 9.9955E-005 0.994557 0.000445046 9.9955E-005 9.9955E-005 9.9955E-005
9.99578E-005 9.99578E-005 9.99578E-005 0.99128 0.00284648 9.99578E-005 0.00537395 9.99578E-005
0.783976 0.0112639 0.0535003 0.00155028 0.0493236 0.027555 9.9991E-005 0.072731
9.999E-005 0.867785 0.000550804 0.0833739 0.000604425 0.0462643 0.000236579 0.00108495
0.00462502 0.171264 9.9982E-005 0.0908064 0.00619109 0.713979 9.9982E-005 0.012935
0.00198287 0.176423 9.9982E-005 0.106054 0.0086516 0.690579 9.9982E-005 0.0161096
0.00290536 0.205691 9.9982E-005 0.0837728 0.00346872 0.694323 9.9982E-005 0.00963909
9.9973E-005 0.19336 9.9973E-005 0.0711076 0.00638375 0.714737 9.9973E-005 0.0141121
0.0011541 0.18272 9.9982E-005 0.0983867 0.00484548 0.697247 9.9982E-005 0.0154467
0.00250356 0.187393 9.9982E-005 0.0904335 0.0046496 0.707356 9.9982E-005 0.00746407
9.9973E-005 0.160595 9.9973E-005 0.10893 0.00237223 0.708847 9.9973E-005 0.0189559
0.000986215 0.174881 9.9982E-005 0.0993591 0.00758871 0.704381 9.9982E-005 0.0126041
9.9973E-005 0.200984 9.9973E-005 0.0911757 0.00413919 0.687643 9.9973E-005 0.0157582
9.9973E-005 0.172474 9.9973E-005 0.0928439 0.00854461 0.704459 9.9973E-005 0.0213777
9.994E-005 9.994E-005 9.994E-005 9.994E-005 9.994E-005 0.9993 9.994E-005 9.994E-005
9.994E-005 9.994E-005 9.994E-005 9.994E-005 9.994E-005 0.9993 9.994E-005 9.994E-005
9.994E-005 9.994E-005 9.994E-005 9.994E-005 9.994E-005 0.9993 9.994E-005 9.994E-005
9.994E-005 9.994E-005 9.994E-005 9.994E-005 9.994E-005 0.9993 9.994E-005 9.994E-005
9.994E-005 9.994E-005 9.994E-005 9.994E-005 9.994E-005 0.9993 9.994E-005 9.994E-005
0.000644264 0.901623 9.9973E-005 0.0574751 9.9973E-005 0.0362182 0.00374002 9.9973E-005
0.00418161 0.886615 9.9973E-005 0.0735728 9.9973E-005 0.0315265 0.00380363 9.9973E-005
9.9982E-005 0.896181 9.9982E-005 0.0689318 0.00388312 0.0269867 0.00152385 0.00229395
0.00588282 0.876591 9.9973E-005 0.0718528 9.9973E-005 0.0428725 0.00250071 9.9973E-005
0.9993 9.994E-005 9.994E-005 9.994E-005 9.994E-005 9.994E-005 9.994E-005 9.994E-005
9.994E-005 9.994E-005 9.994E-005 9.994E-005 9.994E-005 0.9993 9.994E-005 9.994E-005
9.9955E-005 9.9955E-005 0.000210684 9.9955E-005 9.9955E-005 0.999009 0.000280358 9.9955E-005
9.994E-005 9.994E-005 9.994E-005 9.994E-005 9.994E-005 0.9993 9.994E-005 9.994E-005
9.994E-005 9.994E-005 9.994E-005 9.994E-005 9.994E-005 0.9993 9.994E-005 9.994E-005
0.000104819 9.9973E-005 0.989225 0.00219551 0.00722036 0.000953916 9.9973E-005 9.9973E-005
0.00781927 9.9982E-005 0.915146 9.9982E-005 0.00496947 0.00253562 0.0114797 0.0578499
9.9955E-005 9.9955E-005 0.992593 9.9955E-005 0.00381989 0.00308756 9.9955E-005 9.9955E-005
9.9955E-005 0.00908188 0.977906 9.9955E-005 9.9955E-005 9.9955E-005 0.0125128 9.9955E-005
0.00225742 0.0061423 0.990722 9.9964E-005 0.00047861 9.9964E-005 9.9964E-005 9.9964E-005
9.9964E-005 9.9964E-005 0.986208 9.9964E-005 0.00175697 0.000357786 9.9964E-005 0.0112775
0.000312263 9.9964E-005 0.995999 9.9964E-005 0.00208292 9.9964E-005 9.9964E-005 0.00120572
0.00466965 9.9964E-005 0.989755 9.9964E-005 9.9964E-005 0.00143345 0.0037422 9.9964E-005
9.9964E-005 0.00603101 0.00059829 0.988382 9.9964E-005 9.9964E-005 0.00458846 9.9964E-005
9.9973E-005 0.00465202 0.00263699 0.979909 0.00163701 0.0108646 9.9973E-005 9.9973E-005
9.9955E-005 0.0285032 9.9955E-005 0.970294 9.9955E-005 0.000702686 9.9955E-005 9.9955E-005
0.00173915 9.9955E-005 9.9955E-005 0.996985 0.000776425 9.9955E-005 9.9955E-005 9.9955E-005
0.00220387 9.9973E-005 9.9973E-005 0.986634 0.0048132 9.9973E-005 0.00212535 0.00392319
9.994E-005 9.994E-005 9.994E-005 0.9993 9.994E-005 9.994E-005 9.994E-005 9.994E-005
9.994E-005 9.994E-005 9.994E-005 9.994E-005 0.9993 9.994E-005 9.994E-005 9.994E-005
9.9946E-005 9.9946E-005 0.997918 9.9946E-005 0.00148203 9.9946E-005 9.9946E-005 9.9946E-005
0.00149427 0.00246435 9.9973E-005 0.00256421 0.98973 9.9973E-005 9.9973E-005 0.00344727
9.9946E-005 0.000248218 0.999152 9.9946E-005 9.9946E-005 9.9946E-005 9.9946E-005 9.9946E-005
9.994E-005 9.994E-005 0.9993 9.994E-005 9.994E-005 9.994E-005 9.994E-005 9.994E-005
9.9964E-005 0.981383 0.00328847 9.9964E-005 0.00113613 0.0137929 9.9964E-005 9.9964E-005
9.994E-005 0.9993 9.994E-005 9.994E-005 9.994E-005 9.994E-005 9.994E-005 9.994E-005
9.994E-005 0.9993 9.994E-005 9.994E-005 9.994E-005 9.994E-005 9.994E-005 9.994E-005
0.000198871 0.981589 0.00442204 0.00655902 0.000795892 9.9982E-005 0.00623523 9.9982E-005
9.99662E-005 0.994226 0.00159008 9.99662E-005 0.00109754 9.99662E-005 0.00268695 9.99662E-005
9.994E-005 0.9993 9.994E-005 9.994E-005 9.994E-005 9.994E-005 9.994E-005 9.994E-005
9.9946E-005 9.9946E-005 0.99752 9.9946E-005 9.9946E-005 9.9946E-005 0.00188069 9.9946E-005
9.9964E-005 9.9964E-005 0.934149 9.9964E-005 0.00887876 0.00866737 9.9964E-005 0.0479051
9.9955E-005 9.9955E-005 0.99122 9.9955E-005 9.9955E-005 9.9955E-005 0.00708597 0.00119463
9.9955E-005 9.9955E-005 0.997023 9.9955E-005 0.00121727 0.0012595 9.9955E-005 9.9955E-005
9.9955E-005 9.9955E-005 0.994508 9.9955E-005 0.0015562 0.0034362 9.9955E-005 9.9955E-005
9.9946E-005 9.9946E-005 0.98775 9.9946E-005 9.9946E-005 9.9946E-005 9.9946E-005 0.0116506
0.00860744 9.9955E-005 0.917843 9.9955E-005 9.9955E-005 9.9955E-005 9.9955E-005 0.0730493
0.0182593 9.9991E-005 0.902322 0.00458696 0.000906327 0.00201646 0.00718977 0.0646195
0.0115843 9.9973E-005 0.907373 9.9973E-005 0.00147777 0.00466282 9.9973E-005 0.0746024
9.9946E-005 9.9946E-005 0.998636 9.9946E-005 9.9946E-005 0.000764719 9.9946E-005 9.9946E-005
0.0195063 9.9955E-005 0.906887 9.9955E-005 9.9955E-005 9.9955E-005 9.9955E-005 0.0731069
0.00979933 9.9964E-005 0.911087 9.9964E-005 9.9964E-005 9.9964E-005 0.0213545 0.0573596
0.00327084 9.9982E-005 0.935776 9.9982E-005 0.0123309 0.00260609 0.00413566 0.0416804
0.00611383 9.9964E-005 0.917741 9.9964E-005 0.00167378 9.9964E-005 9.9964E-005 0.074072
0.00177421 0.989098 9.9964E-005 0.00752531 0.00120303 9.9964E-005 9.9964E-005 9.9964E-005
9.9964E-005 0.848427 9.9964E-005 0.102627 9.9964E-005 0.0443551 0.00419183 9.9964E-005
0.000100242 0.872108 0.00315596 0.0893718 0.000313314 0.0337262 9.9991E-005 0.00112412
0.997502 9.9955E-005 0.00120847 0.000789441 9.9955E-005 9.9955E-005 9.9955E-005 9.9955E-005
0.9993 9.994E-005 9.994E-005 9.994E-005 9.994E-005 9.994E-005 9.994E-005 9.994E-005
9.9973E-005 0.864371 0.00181717 0.100757 9.9973E-005 0.0264279 9.9973E-005 0.00632637
0.00330694 0.734754 0.0040965 0.160748 0.00666532 0.0825645 0.00524049 0.00262447
0.0292245 0.55204 0.0703425 0.17746 0.0705962 0.0826886 0.0175481 9.9991E-005
9.9982E-005 0.100497 0.00395709 0.0281955 0.00298549 0.863963 0.000202164 9.9982E-005
9.9973E-005 0.115726 0.00229069 0.0199554 9.9973E-005 0.855196 0.00653188 9.9973E-005
0.9993 9.994E-005 9.994E-005 9.994E-005 9.994E-005 9.994E-005 9.994E-005 9.994E-005
0.9993 9.994E-005 9.994E-005 9.994E-005 9.994E-005 9.994E-005 9.994E-005 9.994E-005
0.000453134 0.0920221 0.00421638 0.0351596 9.9982E-005 0.862702 0.00524706 9.9982E-005
0.00510029 0.762624 9.9982E-005 0.152852 0.00374503 0.0753211 0.000157867 9.9982E-005
0.9993 9.994E-005 9.994E-005 9.994E-005 9.994E-005 9.994E-005 9.994E-005 9.994E-005
0.000539666 0.0958373 0.00215047 0.0211289 0.000965864 0.875505 0.00365606 0.000217202
0.00498723 0.822609 0.0103215 0.105226 0.00568034 0.0509754 9.9982E-005 9.9982E-005
9.9964E-005 0.888825 9.9964E-005 0.0794689 9.9964E-005 0.030905 9.9964E-005 0.000401223
0.0123558 0.655385 0.0244286 0.169211 0.0407584 0.077816 9.999E-005 0.0199457
0.000819018 0.348759 0.00671229 0.132739 0.0121052 0.488425 0.000859884 0.00958118
0.00401175 0.856739 0.00164473 0.088954 9.9982E-005 0.0422359 0.0062151 9.9982E-005
0.000368596 0.846375 9.9973E-005 0.10438 9.9973E-005 0.0429559 9.9973E-005 0.00562038
0.000280505 0.853926 0.000296504 0.0947275 0.00187734 0.0421131 0.00667904 9.9991E-005
0.993016 0.000424123 9.9964E-005 9.9964E-005 0.00336992 0.00279037 9.9964E-005 9.9964E-005
0.00353331 0.857907 9.9982E-005 0.0926282 9.9982E-005 0.0421675 0.00111411 0.00245003
0.995467 9.9946E-005 9.9946E-005 9.9946E-005 9.9946E-005 9.9946E-005 0.00393306 9.9946E-005
9.99558E-005 0.882933 9.99558E-005 0.0792478 9.99558E-005 0.0373194 9.99558E-005 9.99558E-005
0.995678 9.9946E-005 9.9946E-005 9.9946E-005 9.9946E-005 9.9946E-005 0.00372204 9.9946E-005
9.994E-005 9.994E-005 9.994E-005 9.994E-005 9.994E-005 0.9993 9.994E-005 9.994E-005
0.000674121 0.88656 0.00298881 0.0792304 0.000287501 0.0300595 9.9982E-005 9.9982E-005
9.994E-005 9.994E-005 9.994E-005 9.994E-005 9.994E-005 0.9993 9.994E-005 9.994E-005
0.00243737 0.880487 0.00420553 0.0739933 0.0031112 0.0355654 9.9982E-005 9.9982E-005
9.9991E-005 0.872225 0.00188218 0.0820573 0.00199784 0.0390599 0.00053988 0.0021375
0.00161802 0.899162 9.9973E-005 0.0650018 9.9973E-005 0.0332622 9.9973E-005 0.000656172
0.00109914 0.893618 0.00100754 0.0677518 0.000651378 0.0345088 9.9991E-005 0.00126376
0.9993 9.994E-005 9.994E-005 9.994E-005 9.994E-005 9.994E-005 9.994E-005 9.994E-005
9.994E-005 0.9993 9.994E-005 9.994E-005 9.994E-005 9.994E-005 9.994E-005 9.994E-005
9.994E-005 0.9993 9.994E-005 9.994E-005 9.994E-005 9.994E-005 9.994E-005 9.994E-005
0.000291415 0.997736 9.99598E-005 9.99598E-005 0.00147308 9.99598E-005 9.99598E-005 9.99598E-005
0.000623257 9.9973E-005 0.00128715 0.995713 0.00131985 9.9973E-005 9.9973E-005 0.000757148
0.974431 9.9964E-005 9.9964E-005 0.0127251 9.9964E-005 9.9964E-005 0.00779292 0.00465075
9.9946E-005 0.0319002 9.9946E-005 0.9675 9.9946E-005 9.9946E-005 9.9946E-005 9.9946E-005
9.994E-005 9.994E-005 9.994E-005 0.9993 9.994E-005 9.994E-005 9.994E-005 9.994E-005
0.000901329 0.0272992 9.9964E-005 0.968513 9.9964E-005 9.9964E-005 0.00288697 9.9964E-005
9.994E-005 9.994E-005 9.994E-005 0.9993 9.994E-005 9.994E-005 9.994E-005 9.994E-005
9.994E-005 9.994E-005 9.994E-005 0.9993 9.994E-005 9.994E-005 9.994E-005 9.994E-005
9.994E-005 9.994E-005 9.994E-005 9.994E-005 9.994E-005 0.9993 9.994E-005 9.994E-005
9.994E-005 9.994E-005 9.994E-005 9.994E-005 9.994E-005 0.9993 9.994E-005 9.994E-005
9.994E-005 9.994E-005 9.994E-005 9.994E-005 9.994E-005 0.9993 9.994E-005 9.994E-005
9.9946E-005 9.9946E-005 9.9946E-005 9.9946E-005 9.9946E-005 0.997961 0.00143948 9.9946E-005
0.0273156 0.0158127 9.9964E-005 0.942574 9.9964E-005 0.0138979 9.9964E-005 9.9964E-005
9.994E-005 9.994E-005 9.994E-005 9.994E-005 9.994E-005 0.9993 9.994E-005 9.994E-005
9.994E-005 9.994E-005 9.994E-005 0.9993 9.994E-005 9.994E-005 9.994E-005 9.994E-005
9.9946E-005 0.019103 9.9946E-005 0.980297 9.9946E-005 9.9946E-005 9.9946E-005 9.9946E-005
9.9946E-005 0.0256841 9.9946E-005 0.973716 9.9946E-005 9.9946E-005 9.9946E-005 9.9946E-005
9.9955E-005 0.0102409 9.9955E-005 0.985288 9.9955E-005 0.0039713 9.9955E-005 9.9955E-005
0.00341338 0.0185706 9.9955E-005 0.977516 9.9955E-005 9.9955E-005 9.9955E-005 9.9955E-005
9.9964E-005 9.9964E-005 0.000664146 0.993308 0.00128719 9.9964E-005 0.00434086 9.9964E-005
0.000318528 0.00911826 0.00369672 0.984855 0.000365177 9.9982E-005 0.00144642 9.9982E-005
9.9946E-005 0.0358386 9.9946E-005 0.963562 9.9946E-005 9.9946E-005 9.9946E-005 9.9946E-005
9.9973E-005 0.0231543 0.000186988 0.966999 9.9973E-005 0.0044263 0.00493382 9.9973E-005
9.9955E-005 0.0239434 9.9955E-005 0.973015 9.9955E-005 9.9955E-005 0.00254172 9.9955E-005
9.9955E-005 9.9955E-005 9.9955E-005 0.993843 0.0023078 0.00334938 9.9955E-005 9.9955E-005
9.9946E-005 9.9946E-005 9.9946E-005 0.991514 9.9946E-005 0.00788604 9.9946E-005 9.9946E-005
9.9955E-005 0.0320741 9.9955E-005 0.964135 9.9955E-005 0.00329097 9.9955E-005 9.9955E-005
9.9964E-005 0.0324301 9.9964E-005 0.965611 9.9964E-005 9.9964E-005 0.00105641 0.000502965
9.9955E-005 0.011698 9.9955E-005 0.983013 9.9955E-005 0.00478876 9.9955E-005 9.9955E-005
0.00293025 0.0220472 0.00406913 0.955419 0.0116469 9.9991E-005 0.00143661 0.00235073
0.00732431 9.9964E-005 0.978223 9.9964E-005 9.9964E-005 9.9964E-005 0.0126176 0.00143538
9.99647E-005 9.99647E-005 0.995585 0.00208444 9.99647E-005 9.99647E-005 0.00120272 0.000727538
9.9955E-005 0.000876935 0.998498 9.9955E-005 9.9955E-005 0.00012533 9.9955E-005 9.9955E-005
0.000511836 9.9982E-005 0.00331394 0.974271 0.00759212 0.0089979 0.00511358 9.9982E-005
0.0181649 0.279912 0.0172072 0.156191 0.0264844 0.478236 0.0206113 0.0031932
0.00114651 9.9955E-005 9.9955E-005 9.9955E-005 0.998168 0.000185362 9.9955E-005 9.9955E-005
9.9946E-005 9.9946E-005 9.9946E-005 9.9946E-005 0.995909 0.00349122 9.9946E-005 9.9946E-005
9.994E-005 9.994E-005 9.994E-005 9.994E-005 0.9993 9.994E-005 9.994E-005 9.994E-005
0.00496374 9.9955E-005 9.9955E-005 9.9955E-005 0.989089 9.9955E-005 9.9955E-005 0.00544745
9.994E-005 9.994E-005 9.994E-005 9.994E-005 0.9993 9.994E-005 9.994E-005 9.994E-005
9.994E-005 9.994E-005 9.994E-005 9.994E-005 0.9993 9.994E-005 9.994E-005 9.994E-005
0.00105513 9.9946E-005 9.9946E-005 9.9946E-005 9.9946E-005 9.9946E-005 9.9946E-005 0.998345
9.9946E-005 9.9946E-005 9.9946E-005 9.9946E-005 0.998104 9.9946E-005 0.0012959 9.9946E-005
9.994E-005 9.994E-005 0.9993 9.994E-005 9.994E-005 9.994E-005 9.994E-005 9.994E-005
9.9973E-005 0.00274254 9.9973E-005 0.00682698 0.976548 0.00420701 0.00937517 9.9973E-005
0.00404431 9.9955E-005 9.9955E-005 9.9955E-005 0.991296 9.9955E-005 9.9955E-005 0.00415972
9.9946E-005 9.9946E-005 9.9946E-005 0.00197431 0.997426 9.9946E-005 9.9946E-005 9.9946E-005
0.000368598 9.9964E-005 9.9964E-005 0.000216315 0.995991 9.9964E-005 0.00302447 9.9964E-005
9.9973E-005 0.0289121 9.9973E-005 0.958323 0.00103178 0.00974888 0.00168459 9.9973E-005
9.994E-005 9.994E-005 9.994E-005 9.994E-005 0.9993 9.994E-005 9.994E-005 9.994E-005
9.9955E-005 0.00315025 0.993921 9.9955E-005 0.00242899 9.9955E-005 9.9955E-005 9.9955E-005
0.000861167 0.00628532 0.00272377 0.983433 9.9973E-005 9.9973E-005 0.0063969 9.9973E-005
9.9946E-005 0.99874 9.9946E-005 9.9946E-005 9.9946E-005 9.9946E-005 9.9946E-005 0.000660645
9.9955E-005 9.9955E-005 9.9955E-005 0.00457437 0.994332 9.9955E-005 0.000594115 9.9955E-005
0.9993 9.994E-005 9.994E-005 9.994E-005 9.994E-005 9.994E-005 9.994E-005 9.994E-005
0.996276 9.9955E-005 9.9955E-005 0.00155533 0.001669 9.9955E-005 9.9955E-005 9.9955E-005
9.994E-005 0.9993 9.994E-005 9.994E-005 9.994E-005 9.994E-005 9.994E-005 9.994E-005
0.9993 9.994E-005 9.994E-005 9.994E-005 9.994E-005 9.994E-005 9.994E-005 9.994E-005
0.000688851 0.0171996 9.9955E-005 0.981612 9.9955E-005 9.9955E-005 9.9955E-005 9.9955E-005
9.9955E-005 0.0135737 9.9955E-005 0.982834 9.9955E-005 0.00309227 9.9955E-005 9.9955E-005
0.00238014 0.050203 9.9973E-005 0.942138 9.9973E-005 9.9973E-005 0.00016891 0.00481046
9.9946E-005 9.9946E-005 9.9946E-005 0.996685 9.9946E-005 0.00271525 9.9946E-005 9.9946E-005
9.9955E-005 0.0364936 9.9955E-005 0.960017 9.9955E-005 0.00298979 9.9955E-005 9.9955E-005
9.99807E-005 0.0173372 0.00212345 0.970074 0.00231954 9.99807E-005 0.00784549 9.99807E-005
9.9946E-005 9.9946E-005 9.9946E-005 0.997649 9.9946E-005 0.00175103 9.9946E-005 9.9946E-005
9.994E-005 0.9993 9.994E-005 9.994E-005 9.994E-005 9.994E-005 9.994E-005 9.994E-005
9.9946E-005 0.997594 9.9946E-005 9.9946E-005 9.9946E-005 9.9946E-005 0.00180624 9.9946E-005
9.994E-005 9.994E-005 9.994E-005 0.9993 9.994E-005 9.994E-005 9.994E-005 9.994E-005
0.00546407 9.9955E-005 0.970283 9.9955E-005 9.9955E-005 9.9955E-005 0.0237533 9.9955E-005
9.9955E-005 9.9955E-005 9.9955E-005 9.9955E-005 0.00490241 9.9955E-005 0.00350675 0.991091
9.9955E-005 9.9955E-005 9.9955E-005 0.00209567 9.9955E-005 9.9955E-005 0.0255206 0.971884
9.994E-005 9.994E-005 9.994E-005 9.994E-005 9.994E-005 9.994E-005 0.9993 9.994E-005
9.9946E-005 9.9946E-005 0.0195544 9.9946E-005 9.9946E-005 9.9946E-005 9.9946E-005 0.979846
0.00301894 0.00820557 0.973402 9.9973E-005 0.0023838 9.9973E-005 0.0126894 9.9973E-005
0.000166551 0.000458949 0.991976 9.9964E-005 9.9964E-005 9.9964E-005 0.00699854 9.9964E-005
9.9946E-005 9.9946E-005 0.997242 9.9946E-005 9.9946E-005 9.9946E-005 0.00215826 9.9946E-005
9.9946E-005 9.9946E-005 0.0106293 9.9946E-005 9.9946E-005 9.9946E-005 9.9946E-005 0.988771
9.994E-005 0.9993 9.994E-005 9.994E-005 9.994E-005 9.994E-005 9.994E-005 9.994E-005
0.9993 9.994E-005 9.994E-005 9.994E-005 9.994E-005 9.994E-005 9.994E-005 9.994E-005
0.0387368 0.635035 0.0606804 0.113561 0.0803 0.0467702 0.0248162 9.999E-005
9.994E-005 0.9993 9.994E-005 9.994E-005 9.994E-005 9.994E-005 9.994E-005 9.994E-005
9.994E-005 0.9993 9.994E-005 9.994E-005 9.994E-005 9.994E-005 9.994E-005 9.994E-005
0.992765 9.9955E-005 9.9955E-005 0.000489681 9.9955E-005 9.9955E-005 0.00624558 9.9955E-005
9.9955E-005 9.9955E-005 9.9955E-005 0.000569411 0.998034 9.9955E-005 0.000896574 9.9955E-005
0.00358452 0.290508 9.9973E-005 0.650017 9.9973E-005 0.0550507 9.9973E-005 0.000540673
9.994E-005 0.9993 9.994E-005 9.994E-005 9.994E-005 9.994E-005 9.994E-005 9.994E-005
9.994E-005 0.9993 9.994E-005 9.994E-005 9.994E-005 9.994E-005 9.994E-005 9.994E-005
9.994E-005 0.9993 9.994E-005 9.994E-005 9.994E-005 9.994E-005 9.994E-005 9.994E-005
9.9946E-005 0.996078 9.9946E-005 9.9946E-005 9.9946E-005 9.9946E-005 0.00332251 9.9946E-005
9.994E-005 0.9993 9.994E-005 9.994E-005 9.994E-005 9.994E-005 9.994E-005 9.994E-005
9.994E-005 0.9993 9.994E-005 9.994E-005 9.994E-005 9.994E-005 9.994E-005 9.994E-005
