0.898353 9.9964E-005 9.9964E-005 0.033734 0.0341618 0.0192587 9.9964E-005 0.014093 9.9964E-005
0.896844 9.9973E-005 9.9973E-005 0.0478531 0.0271639 0.018664 9.9973E-005 0.00777027 0.00140474
9.9982E-005 0.00164539 9.9982E-005 0.89923 0.0140381 0.0271218 0.00508961 0.0525265 0.000148197
0.00643074 9.9964E-005 9.9964E-005 0.893319 0.0072268 0.0332236 9.9964E-005 0.0593997 9.9964E-005
0.000495567 0.00402511 9.9982E-005 0.936402 0.00733357 0.0258017 9.9982E-005 0.0253762 0.000366118
0.00742019 9.9946E-005 9.9946E-005 0.990062 0.00191807 9.9946E-005 9.9946E-005 9.9946E-005 9.9946E-005
9.993E-005 9.993E-005 9.993E-005 0.999201 9.993E-005 9.993E-005 9.993E-005 9.993E-005 9.993E-005
9.993E-005 9.993E-005 9.993E-005 0.999201 9.993E-005 9.993E-005 9.993E-005 9.993E-005 9.993E-005
9.9964E-005 0.980569 9.9964E-005 9.9964E-005 0.000961409 9.9964E-005 0.0104397 0.000246635 0.00738368
9.99395E-005 0.00520082 9.99395E-005 9.99395E-005 9.99395E-005 0.9941 9.99395E-005 9.99395E-005 9.99395E-005
9.9955E-005 0.00169927 0.00456034 9.9955E-005 9.9955E-005 0.992447 9.9955E-005 9.9955E-005 0.000793298
9.9937E-005 9.9937E-005 0.00151732 9.9937E-005 9.9937E-005 9.9937E-005 0.997783 9.9937E-005 9.9937E-005
9.9946E-005 9.9946E-005 0.00288403 9.9946E-005 9.9946E-005 0.994841 9.9946E-005 9.9946E-005 0.00167574
9.9946E-005 9.9946E-005 0.00134066 9.9946E-005 9.9946E-005 0.996805 9.9946E-005 9.9946E-005 0.00125514
9.9946E-005 9.9946E-005 0.00464594 9.9946E-005 9.9946E-005 0.991138 9.9946E-005 9.9946E-005 0.00361653
9.9955E-005 9.9955E-005 0.00301747 9.9955E-005 9.9955E-005 0.992375 0.000475796 9.9955E-005 0.00363244
9.993E-005 9.993E-005 9.993E-005 9.993E-005 9.993E-005 9.993E-005 0.999201 9.993E-005 9.993E-005
0.00370277 9.9964E-005 9.9964E-005 0.00940982 0.000963589 0.0152507 9.9964E-005 0.970273 9.9964E-005
0.999201 9.993E-005 9.993E-005 9.993E-005 9.993E-005 9.993E-005 9.993E-005 9.993E-005 9.993E-005
0.996355 9.9955E-005 0.00244231 9.9955E-005 9.9955E-005 0.000308806 9.9955E-005 9.9955E-005 0.000394127
0.999201 9.993E-005 9.993E-005 9.993E-005 9.993E-005 9.993E-005 9.993E-005 9.993E-005 9.993E-005
0.999201 9.993E-005 9.993E-005 9.993E-005 9.993E-005 9.993E-005 9.993E-005 9.993E-005 9.993E-005
0.999201 9.993E-005 9.993E-005 9.993E-005 9.993E-005 9.993E-005 9.993E-005 9.993E-005 9.993E-005
0.999201 9.993E-005 9.993E-005 9.993E-005 9.993E-005 9.993E-005 9.993E-005 9.993E-005 9.993E-005
0.999201 9.993E-005 9.993E-005 9.993E-005 9.993E-005 9.993E-005 9.993E-005 9.993E-005 9.993E-005
0.999201 9.99307E-005 9.99307E-005 9.99307E-005 9.99307E-005 9.99307E-005 9.99307E-005 9.99307E-005 9.99307E-005
0.999201 9.993E-005 9.993E-005 9.993E-005 9.993E-005 9.993E-005 9.993E-005 9.993E-005 9.993E-005
0.995846 0.00345404 9.9937E-005 9.9937E-005 9.9937E-005 9.9937E-005 9.9937E-005 9.9937E-005 9.9937E-005
0.0105435 9.9955E-005 9.9955E-005 9.9955E-005 0.98316 0.00513185 9.9955E-005 9.9955E-005 0.000664754
9.9946E-005 9.9946E-005 0.00288868 0.0134326 0.983079 9.9946E-005 9.9946E-005 9.9946E-005 9.9946E-005
9.993E-005 9.993E-005 9.993E-005 9.993E-005 0.999201 9.993E-005 9.993E-005 9.993E-005 9.993E-005
9.9937E-005 9.9937E-005 9.9937E-005 9.9937E-005 0.998996 9.9937E-005 9.9937E-005 9.9937E-005 0.000303963
9.993E-005 9.993E-005 9.993E-005 9.993E-005 0.999201 9.993E-005 9.993E-005 9.993E-005 9.993E-005
9.993E-005 9.993E-005 9.993E-005 9.993E-005 9.993E-005 9.993E-005 9.993E-005 0.999201 9.993E-005
9.993E-005 9.993E-005 9.993E-005 9.993E-005 9.993E-005 9.993E-005 9.993E-005 0.999201 9.993E-005
9.993E-005 9.993E-005 9.993E-005 9.993E-005 9.993E-005 9.993E-005 9.993E-005 0.999201 9.993E-005
9.9937E-005 9.9937E-005 9.9937E-005 9.9937E-005 0.00110383 9.9937E-005 9.9937E-005 0.998197 9.9937E-005
9.9937E-005 9.9937E-005 0.998845 9.9937E-005 9.9937E-005 9.9937E-005 0.000455845 9.9937E-005 9.9937E-005
9.9946E-005 0.000478741 9.9946E-005 9.9946E-005 0.997697 9.9946E-005 0.00122475 9.9946E-005 9.9946E-005
9.9937E-005 9.9937E-005 9.9937E-005 9.9937E-005 0.997058 9.9937E-005 9.9937E-005 9.9937E-005 0.00224256
9.993E-005 9.993E-005 9.993E-005 9.993E-005 0.999201 9.993E-005 9.993E-005 9.993E-005 9.993E-005
9.9955E-005 0.00113622 0.00284815 9.9955E-005 0.995126 9.9955E-005 0.0003894 9.9955E-005 9.9955E-005
0.000354714 0.989974 9.9955E-005 9.9955E-005 9.9955E-005 9.9955E-005 0.00431547 9.9955E-005 0.00485592
0.00239053 0.980178 0.00852312 9.9973E-005 9.9973E-005 0.00769107 9.9973E-005 0.000213058 0.000704189
0.00301957 0.996281 9.9937E-005 9.9937E-005 9.9937E-005 9.9937E-005 9.9937E-005 9.9937E-005 9.9937E-005
0.000965601 0.993109 9.9946E-005 9.9946E-005 9.9946E-005 0.00532588 9.9946E-005 9.9946E-005 9.9946E-005
0.000262264 0.992422 9.9955E-005 0.00625506 9.9955E-005 9.9955E-005 9.9955E-005 9.9955E-005 0.000561189
0.00258811 0.995442 9.9955E-005 9.9955E-005 0.000757487 0.000712777 9.9955E-005 9.9955E-005 9.9955E-005
9.993E-005 0.999201 9.993E-005 9.993E-005 9.993E-005 9.993E-005 9.993E-005 9.993E-005 9.993E-005
9.9937E-005 0.995615 0.00368523 9.9937E-005 9.9937E-005 9.9937E-005 9.9937E-005 9.9937E-005 9.9937E-005
9.9964E-005 0.00211731 0.0031095 0.00136821 9.9964E-005 0.99198 9.9964E-005 9.9964E-005 0.0010255
0.0163279 0.00168922 9.9982E-005 0.0143079 0.0079922 0.952555 9.9982E-005 0.00527777 0.00165012
0.000645471 9.9964E-005 9.9964E-005 0.0205576 9.9964E-005 0.961531 0.00147618 0.0153903 9.9964E-005
9.9946E-005 9.9946E-005 9.9946E-005 0.00146493 9.9946E-005 0.995571 9.9946E-005 0.00236418 9.9946E-005
9.9964E-005 0.00379313 0.000826852 9.9964E-005 9.9964E-005 0.98748 0.00199233 9.9964E-005 0.00550794
9.9937E-005 9.9937E-005 9.9937E-005 9.9937E-005 9.9937E-005 0.996989 9.9937E-005 0.00231177 9.9937E-005
9.993E-005 9.993E-005 9.993E-005 9.993E-005 9.993E-005 9.993E-005 9.993E-005 9.993E-005 0.999201
9.993E-005 0.999201 9.993E-005 9.993E-005 9.993E-005 9.993E-005 9.993E-005 9.993E-005 9.993E-005
0.00301856 9.9937E-005 9.9937E-005 9.9937E-005 9.9937E-005 9.9937E-005 9.9937E-005 9.9937E-005 0.996282
9.993E-005 0.999201 9.993E-005 9.993E-005 9.993E-005 9.993E-005 9.993E-005 9.993E-005 9.993E-005
9.993E-005 0.999201 9.993E-005 9.993E-005 9.993E-005 9.993E-005 9.993E-005 9.993E-005 9.993E-005
0.0155783 0.000543675 9.9982E-005 0.908624 0.0163354 0.0186739 9.9982E-005 0.0372988 0.00274571
9.993E-005 9.993E-005 9.993E-005 0.999201 9.993E-005 9.993E-005 9.993E-005 9.993E-005 9.993E-005
9.9937E-005 9.9937E-005 9.9937E-005 0.983769 9.9937E-005 9.9937E-005 9.9937E-005 0.0155314 9.9937E-005
0.00128744 0.000530668 0.00114633 0.940453 0.00148518 0.0355768 0.00161707 0.013247 0.00465626
9.9973E-005 0.00182626 0.00252547 0.947439 0.00277843 0.0233808 9.9973E-005 0.0217499 9.9973E-005
9.9946E-005 9.9946E-005 9.9946E-005 0.994609 9.9946E-005 0.00271779 0.00207366 9.9946E-005 9.9946E-005
9.9937E-005 0.997304 9.9937E-005 9.9937E-005 9.9937E-005 9.9937E-005 9.9937E-005 0.00199648 9.9937E-005
0.000365537 0.971938 9.9973E-005 9.9973E-005 9.9973E-005 0.00309299 0.0174841 0.000168889 0.00665058
9.993E-005 0.999201 9.993E-005 9.993E-005 9.993E-005 9.993E-005 9.993E-005 9.993E-005 9.993E-005
9.9937E-005 0.996481 9.9937E-005 9.9937E-005 9.9937E-005 9.9937E-005 0.00281958 9.9937E-005 9.9937E-005
9.9937E-005 0.998501 9.9937E-005 9.9937E-005 9.9937E-005 9.9937E-005 9.9937E-005 9.9937E-005 0.000799639
0.000487349 0.998777 9.9946E-005 9.9946E-005 0.00013575 9.9946E-005 9.9946E-005 9.9946E-005 9.9946E-005
9.9937E-005 0.99585 0.00345089 9.9937E-005 9.9937E-005 9.9937E-005 9.9937E-005 9.9937E-005 9.9937E-005
0.00157573 0.971455 0.0205617 9.9964E-005 9.9964E-005 0.004837 9.9964E-005 9.9964E-005 0.00117061
0.000777148 0.979859 0.00848259 9.9973E-005 9.9973E-005 9.9973E-005 0.00337465 0.00351076 0.00369642
0.00410763 0.994092 9.9946E-005 0.00120102 9.9946E-005 9.9946E-005 9.9946E-005 9.9946E-005 9.9946E-005
9.9937E-005 0.981868 0.017432 9.9937E-005 9.9937E-005 9.9937E-005 9.9937E-005 9.9937E-005 9.9937E-005
9.9946E-005 0.981808 0.0169092 0.000683113 9.9946E-005 9.9946E-005 9.9946E-005 9.9946E-005 9.9946E-005
0.000809961 0.958545 9.9964E-005 9.9964E-005 0.00599256 9.9964E-005 0.0238395 9.9964E-005 0.010413
0.00174325 0.987706 9.9964E-005 9.9964E-005 9.9964E-005 9.9964E-005 0.00619924 0.00226388 0.00168787
0.0123928 9.9964E-005 9.9964E-005 0.917624 0.00691302 0.0271527 9.9964E-005 0.0355179 9.9964E-005
9.9955E-005 9.9955E-005 9.9955E-005 0.041505 0.00395046 0.0294193 9.9955E-005 0.924625 9.9955E-005
0.00617045 9.99509E-005 9.99509E-005 9.99509E-005 9.99509E-005 0.0106657 9.99509E-005 0.982564 9.99509E-005
9.9946E-005 0.00536622 0.991756 9.9946E-005 0.00227855 9.9946E-005 9.9946E-005 9.9946E-005 9.9946E-005
9.9946E-005 9.9946E-005 0.982884 9.9946E-005 9.9946E-005 9.9946E-005 0.0156564 0.000859983 9.9946E-005
9.99527E-005 9.99527E-005 0.000154077 9.99527E-005 9.99527E-005 0.00576371 9.99527E-005 0.993482 9.99527E-005
0.0444545 0.0044498 0.0050195 0.319974 0.0430506 0.129021 9.99933E-005 0.448155 0.00577618
0.0540391 0.0763428 0.0257178 0.228943 0.0605119 0.158921 0.00510412 0.323031 0.067389
0.0975561 0.00278654 9.9991E-005 0.0768745 0.75569 0.0128544 0.00460268 0.0470458 0.0024896
0.10014 0.00112607 9.9982E-005 0.0533705 0.739379 0.0318142 0.00260986 0.0713596 9.9982E-005
9.9937E-005 9.9937E-005 0.99581 9.9937E-005 9.9937E-005 9.9937E-005 0.00349006 9.9937E-005 9.9937E-005
9.9937E-005 9.9937E-005 0.999185 9.9937E-005 9.9937E-005 9.9937E-005 9.9937E-005 0.000115021 9.9937E-005
0.0991185 0.00207767 9.9982E-005 0.0608084 0.749814 0.018864 0.00441597 0.0647019 9.9982E-005
0.0451348 9.9982E-005 0.00380044 0.343083 0.0438683 0.126132 9.9982E-005 0.435798 0.00198357
9.9937E-005 0.00193241 0.997368 9.9937E-005 9.9937E-005 9.9937E-005 9.9937E-005 9.9937E-005 9.9937E-005
0.0944993 0.00175862 9.9991E-005 0.0512095 0.756735 0.0219603 0.00285617 0.0707552 0.000126022
0.00468041 0.00167156 9.9991E-005 0.0182736 0.00578734 0.0398923 0.00162553 0.922654 0.00531548
9.9946E-005 9.9946E-005 9.9946E-005 0.0185076 9.9946E-005 0.00690607 9.9946E-005 0.973987 9.9946E-005
0.0522576 0.0338673 0.00509311 0.216198 0.0360873 0.142111 0.0134083 0.457022 0.0439553
0.285294 0.00158038 9.9991E-005 0.146076 0.266858 0.119068 0.0158842 0.155471 0.00966827
9.9955E-005 9.9955E-005 9.9955E-005 0.0196901 0.00617928 0.00825425 9.9955E-005 0.965377 9.9955E-005
0.00648005 9.9964E-005 9.9964E-005 0.00440093 0.00404853 0.0192915 9.9964E-005 0.965379 9.9964E-005
9.9982E-005 0.00113921 0.0012823 0.000125439 0.00457684 0.0167714 9.9982E-005 0.973943 0.00196191
0.0027695 9.9973E-005 0.944679 9.9973E-005 0.000121859 9.9973E-005 0.0427234 0.00326777 0.00613874
9.9955E-005 9.9955E-005 9.9955E-005 9.9955E-005 0.00524023 0.00840021 0.000879402 0.98498 9.9955E-005
0.00030184 0.00663233 0.980923 9.9964E-005 9.9964E-005 9.9964E-005 0.0107418 9.9964E-005 0.00100101
9.993E-005 9.993E-005 9.993E-005 9.993E-005 9.993E-005 9.993E-005 9.993E-005 0.999201 9.993E-005
9.9937E-005 0.0072982 0.992002 9.9937E-005 9.9937E-005 9.9937E-005 9.9937E-005 9.9937E-005 9.9937E-005
9.993E-005 9.993E-005 9.993E-005 9.993E-005 0.999201 9.993E-005 9.993E-005 9.993E-005 9.993E-005
9.993E-005 9.993E-005 9.993E-005 9.993E-005 9.993E-005 9.993E-005 9.993E-005 0.999201 9.993E-005
0.0301329 9.9973E-005 0.00130458 0.0199965 0.94107 0.00657172 9.9973E-005 0.000624429 9.9973E-005
9.9946E-005 9.9946E-005 9.9946E-005 9.9946E-005 9.9946E-005 9.9946E-005 0.000168885 0.996227 0.00300404
0.00246801 9.9946E-005 9.9946E-005 9.9946E-005 9.9946E-005 9.9946E-005 9.9946E-005 0.996641 0.000291463
9.993E-005 9.993E-005 9.993E-005 9.993E-005 9.993E-005 9.993E-005 9.993E-005 0.999201 9.993E-005
9.993E-005 9.993E-005 9.993E-005 9.993E-005 9.993E-005 9.993E-005 9.993E-005 0.999201 9.993E-005
9.9955E-005 0.00215317 0.995417 9.9955E-005 9.9955E-005 0.00068094 9.9955E-005 9.9955E-005 0.00124874
0.0127162 9.9955E-005 9.9955E-005 0.964317 9.9955E-005 0.0154291 9.9955E-005 0.00703804 9.9955E-005
0.0196095 9.9946E-005 9.9946E-005 0.96823 9.9946E-005 0.0115609 9.9946E-005 9.9946E-005 9.9946E-005
0.0018916 0.000609919 9.9973E-005 0.921888 0.00830104 0.0206201 9.9973E-005 0.0463898 9.9973E-005
0.00350606 9.9955E-005 0.000554661 9.9955E-005 9.9955E-005 0.993841 0.00159854 9.9955E-005 9.9955E-005
9.9973E-005 0.00889278 0.967158 0.00192446 0.00611626 0.00548228 9.9973E-005 9.9973E-005 0.010126
9.9955E-005 9.9955E-005 9.9955E-005 0.0140547 0.00533287 0.960658 9.9955E-005 0.0194543 9.9955E-005
9.9937E-005 9.9937E-005 9.9937E-005 9.9937E-005 0.000937459 0.998363 9.9937E-005 9.9937E-005 9.9937E-005
0.00750915 0.00242422 9.9991E-005 0.00947077 0.000363714 0.964162 0.00170527 0.0141102 0.00015471
9.993E-005 9.993E-005 9.993E-005 9.993E-005 9.993E-005 0.999201 9.993E-005 9.993E-005 9.993E-005
9.9946E-005 9.9946E-005 9.9946E-005 9.9946E-005 0.00229968 0.983616 9.9946E-005 0.0134847 9.9946E-005
9.993E-005 9.993E-005 9.993E-005 9.993E-005 0.999201 9.993E-005 9.993E-005 9.993E-005 9.993E-005
9.993E-005 9.993E-005 9.993E-005 9.993E-005 0.999201 9.993E-005 9.993E-005 9.993E-005 9.993E-005
9.993E-005 9.993E-005 9.993E-005 9.993E-005 0.999201 9.993E-005 9.993E-005 9.993E-005 9.993E-005
9.9937E-005 0.000707188 9.9937E-005 9.9937E-005 0.998593 9.9937E-005 9.9937E-005 9.9937E-005 9.9937E-005
9.9955E-005 9.9955E-005 0.0270135 9.9955E-005 0.0149229 0.952074 9.9955E-005 0.00548996 9.9955E-005
9.9955E-005 9.9955E-005 9.9955E-005 0.0154257 0.970924 0.00171251 9.9955E-005 0.0114382 9.9955E-005
9.993E-005 9.993E-005 9.993E-005 9.993E-005 9.993E-005 0.999201 9.993E-005 9.993E-005 9.993E-005
9.9964E-005 9.9964E-005 0.0011988 0.00495944 0.00282856 0.974283 9.9964E-005 0.01633 9.9964E-005
9.9946E-005 9.9946E-005 9.9946E-005 9.9946E-005 0.00279317 0.973635 9.9946E-005 0.0229717 9.9946E-005
9.9946E-005 0.00109734 9.9946E-005 9.9946E-005 9.9946E-005 0.977407 9.9946E-005 0.020896 9.9946E-005
0.00313097 9.9964E-005 0.000487865 0.020661 9.9964E-005 0.971574 9.9964E-005 0.00374639 9.9964E-005
0.00505612 0.002892 9.9964E-005 0.00162314 9.9964E-005 0.988299 9.9964E-005 9.9964E-005 0.00172958
0.00119031 0.000154962 9.9973E-005 0.00170583 0.0112349 0.973892 9.9973E-005 0.0115221 9.9973E-005
9.9946E-005 9.9946E-005 9.9946E-005 0.00520533 9.9946E-005 0.970913 9.9946E-005 0.0232821 9.9946E-005
0.0136118 9.9973E-005 9.9973E-005 0.0341993 0.0105519 0.928462 9.9973E-005 0.0105411 0.00233438
9.9955E-005 9.9955E-005 9.9955E-005 0.0301195 9.9955E-005 0.963446 9.9955E-005 0.00371388 0.00222113
0.0116382 9.9955E-005 9.9955E-005 9.9955E-005 0.00750014 0.976133 9.9955E-005 9.9955E-005 0.00422871
0.0120201 9.9964E-005 9.9964E-005 9.9964E-005 0.00284605 0.980695 0.00137937 0.00265938 9.9964E-005
9.9955E-005 9.9955E-005 9.9955E-005 0.00526694 0.00822301 0.962558 9.9955E-005 0.0234518 9.9955E-005
0.00238643 0.000366498 9.9982E-005 0.0263243 0.000486332 0.956921 9.9982E-005 0.011102 0.00221377
0.00426258 9.9964E-005 0.000675867 0.0100013 9.9964E-005 0.974469 9.9964E-005 0.0101909 9.9964E-005
0.000742135 0.0122995 0.0006367 0.0168267 0.00040679 0.956499 0.000369021 9.9991E-005 0.0121198
9.9946E-005 0.988861 0.00793235 9.9946E-005 9.9946E-005 9.9946E-005 9.9946E-005 0.00260657 9.9946E-005
9.993E-005 0.999201 9.993E-005 9.993E-005 9.993E-005 9.993E-005 9.993E-005 9.993E-005 9.993E-005
9.9937E-005 0.993927 9.9937E-005 9.9937E-005 0.00537358 9.9937E-005 9.9937E-005 9.9937E-005 9.9937E-005
9.9973E-005 0.00650731 0.000246 9.9973E-005 0.011197 0.975294 0.00139826 9.9973E-005 0.00505769
0.275772 0.0218994 9.9991E-005 0.137833 0.264747 0.126626 0.0283321 0.121411 0.0232793
0.000364019 9.99649E-005 0.00306988 9.99649E-005 9.99649E-005 0.000651234 9.99649E-005 0.000384485 0.995131
9.9946E-005 9.9946E-005 0.00589364 9.9946E-005 0.00276374 9.9946E-005 9.9946E-005 9.9946E-005 0.990743
9.993E-005 9.993E-005 9.993E-005 9.993E-005 9.993E-005 9.993E-005 9.993E-005 9.993E-005 0.999201
9.9955E-005 0.00559655 0.0021572 9.9955E-005 9.9955E-005 9.9955E-005 0.00257399 9.9955E-005 0.989172
9.9937E-005 9.9937E-005 9.9937E-005 9.9937E-005 9.9937E-005 0.000892774 9.9937E-005 9.9937E-005 0.998408
9.993E-005 9.993E-005 9.993E-005 9.993E-005 9.993E-005 9.993E-005 9.993E-005 9.993E-005 0.999201
9.9964E-005 0.90909 0.0239806 9.9964E-005 9.9964E-005 9.9964E-005 0.0554007 0.00649067 0.00463813
9.993E-005 9.993E-005 9.993E-005 9.993E-005 9.993E-005 9.993E-005 9.993E-005 9.993E-005 0.999201
9.9937E-005 0.99881 9.9937E-005 0.000490929 9.9937E-005 9.9937E-005 9.9937E-005 9.9937E-005 9.9937E-005
0.0057616 0.00457928 9.9982E-005 0.00201721 0.00239127 0.0036284 9.9982E-005 0.00113427 0.980288
9.9955E-005 0.00399495 0.00415191 9.9955E-005 9.9955E-005 9.9955E-005 0.00355775 9.9955E-005 0.987796
9.993E-005 9.993E-005 9.993E-005 9.993E-005 9.993E-005 9.993E-005 9.993E-005 9.993E-005 0.999201
9.9964E-005 9.9964E-005 0.000255511 9.9964E-005 0.00284267 9.9964E-005 0.00156077 0.000134529 0.994807
0.0142542 9.9964E-005 9.9964E-005 0.0134263 0.00706267 0.950979 9.9964E-005 0.0138776 9.9964E-005
9.99351E-005 9.99351E-005 9.99351E-005 9.99351E-005 9.99351E-005 9.99351E-005 9.99351E-005 9.99351E-005 0.999201
9.9955E-005 0.997649 9.9955E-005 0.000916311 9.9955E-005 9.9955E-005 9.9955E-005 0.000464145 0.000470613
9.9964E-005 0.00702032 9.9964E-005 9.9964E-005 9.9964E-005 0.986444 0.000881774 0.00391412 0.00134023
0.003897 9.9964E-005 9.9964E-005 0.979715 0.000347473 0.0135148 9.9964E-005 0.00212548 9.9964E-005
9.9937E-005 9.9937E-005 9.9937E-005 0.00191817 9.9937E-005 9.9937E-005 9.9937E-005 9.9937E-005 0.997382
9.9937E-005 9.9937E-005 0.998059 9.9937E-005 9.9937E-005 9.9937E-005 0.00124149 9.9937E-005 9.9937E-005
9.9955E-005 9.9955E-005 0.974938 0.00242055 9.9955E-005 9.9955E-005 0.0163547 9.9955E-005 0.00578722
9.993E-005 9.993E-005 9.993E-005 0.999201 9.993E-005 9.993E-005 9.993E-005 9.993E-005 9.993E-005
9.9946E-005 9.9946E-005 0.966091 9.9946E-005 9.9946E-005 9.9946E-005 0.0284125 9.9946E-005 0.00489704
9.9937E-005 9.9937E-005 9.9937E-005 9.9937E-005 9.9937E-005 0.983066 9.9937E-005 0.0162342 9.9937E-005
9.9946E-005 9.9946E-005 9.9946E-005 9.9946E-005 0.00792129 0.989583 9.9946E-005 0.00189571 9.9946E-005
9.9973E-005 0.00406154 9.9973E-005 0.0208684 0.00142727 0.935316 0.00275808 0.0352689 9.9973E-005
9.9937E-005 9.9937E-005 9.9937E-005 9.9937E-005 0.00463373 0.994667 9.9937E-005 9.9937E-005 9.9937E-005
9.9946E-005 9.9946E-005 9.9946E-005 0.014089 9.9946E-005 0.966397 9.9946E-005 0.0189146 9.9946E-005
0.00346977 0.00321932 0.00159628 0.021375 9.9991E-005 0.960978 0.0011968 0.00453751 0.00352767
9.9937E-005 9.9937E-005 9.9937E-005 9.9937E-005 0.0068696 0.992431 9.9937E-005 9.9937E-005 9.9937E-005
9.993E-005 9.993E-005 9.993E-005 0.999201 9.993E-005 9.993E-005 9.993E-005 9.993E-005 9.993E-005
9.993E-005 9.993E-005 9.993E-005 0.999201 9.993E-005 9.993E-005 9.993E-005 9.993E-005 9.993E-005
9.993E-005 9.993E-005 9.993E-005 9.993E-005 9.993E-005 0.999201 9.993E-005 9.993E-005 9.993E-005
9.9955E-005 0.988556 0.00487568 0.00148404 9.9955E-005 0.00458459 9.9955E-005 9.9955E-005 9.9955E-005
0.00498789 0.900681 0.013548 9.9982E-005 0.00476815 9.9982E-005 0.0605965 0.000493752 0.0147248
9.9982E-005 0.892885 0.030029 0.0158429 0.00563552 0.000105807 0.0427804 9.9982E-005 0.0125219
0.0286839 0.597555 0.0551448 0.0856039 0.0138354 0.0986412 0.0470696 0.00435122 0.0691145
0.00632135 0.906498 0.024171 9.9964E-005 9.9964E-005 9.9964E-005 0.052044 9.9964E-005 0.0105654
9.9964E-005 0.983536 0.00492175 0.00461368 9.9964E-005 0.00209447 9.9964E-005 9.9964E-005 0.0044341
9.993E-005 0.999201 9.993E-005 9.993E-005 9.993E-005 9.993E-005 9.993E-005 9.993E-005 9.993E-005
9.993E-005 0.999201 9.993E-005 9.993E-005 9.993E-005 9.993E-005 9.993E-005 9.993E-005 9.993E-005
0.0031895 0.913293 9.9955E-005 9.9955E-005 9.9955E-005 9.9955E-005 0.0703908 9.9955E-005 0.0126267
9.993E-005 9.993E-005 9.993E-005 0.999201 9.993E-005 9.993E-005 9.993E-005 9.993E-005 9.993E-005
9.9937E-005 9.9937E-005 0.988054 9.9937E-005 9.9937E-005 9.9937E-005 0.0112464 9.9937E-005 9.9937E-005
0.0335092 0.0828703 0.00084995 0.592027 0.0401607 0.0913686 0.0463315 0.0318907 0.0809923
9.9937E-005 9.9937E-005 9.9937E-005 0.997705 9.9937E-005 0.00159508 9.9937E-005 9.9937E-005 9.9937E-005
9.9955E-005 0.000632997 9.9955E-005 0.981723 0.00933933 0.00780523 9.9955E-005 9.9955E-005 9.9955E-005
9.9946E-005 0.000394539 0.990241 0.00876465 9.9946E-005 9.9946E-005 9.9946E-005 9.9946E-005 9.9946E-005
9.9937E-005 9.9937E-005 9.9937E-005 0.000132079 9.9937E-005 9.9937E-005 9.9937E-005 9.9937E-005 0.999168
0.0357688 9.9973E-005 9.9973E-005 0.134085 0.0374767 0.639039 0.00375571 0.149574 9.9973E-005
9.993E-005 9.993E-005 9.993E-005 0.999201 9.993E-005 9.993E-005 9.993E-005 9.993E-005 9.993E-005
9.993E-005 9.993E-005 9.993E-005 0.999201 9.993E-005 9.993E-005 9.993E-005 9.993E-005 9.993E-005
9.993E-005 9.993E-005 9.993E-005 0.999201 9.993E-005 9.993E-005 9.993E-005 9.993E-005 9.993E-005
9.9937E-005 9.9937E-005 9.9937E-005 0.997926 9.9937E-005 9.9937E-005 9.9937E-005 9.9937E-005 0.00137396
9.993E-005 9.993E-005 9.993E-005 0.999201 9.993E-005 9.993E-005 9.993E-005 9.993E-005 9.993E-005
9.993E-005 9.993E-005 9.993E-005 0.999201 9.993E-005 9.993E-005 9.993E-005 9.993E-005 9.993E-005
