9.9964E-005 0.896117 0.0017594 0.0319975 0.0432928 0.00710041 9.9964E-005 0.0193329 9.9964E-005 9.9964E-005
0.00332213 0.912069 0.00158128 0.0161521 0.0403862 0.0125452 9.9982E-005 0.00882075 9.9982E-005 0.00492301
0.00254269 0.00144547 0.00199663 0.0126292 0.885475 0.022839 0.00231736 0.0524991 9.9991E-005 0.0181551
0.000406114 0.000693317 0.00083528 0.0155412 0.884926 0.0195617 0.000934123 0.0715315 9.9991E-005 0.00547113
0.00526904 0.00440713 0.00561196 0.00595328 0.918138 0.026295 9.9973E-005 0.0340261 9.9973E-005 9.9973E-005
9.9928E-005 9.9928E-005 9.9928E-005 9.9928E-005 0.997833 9.9928E-005 9.9928E-005 0.00136789 9.9928E-005 9.9928E-005
9.9937E-005 0.00110461 9.9937E-005 9.9937E-005 0.997848 9.9937E-005 9.9937E-005 0.000348302 9.9937E-005 9.9937E-005
9.99201E-005 9.99201E-005 9.99201E-005 9.99201E-005 0.999101 9.99201E-005 9.99201E-005 9.99201E-005 9.99201E-005 9.99201E-005
0.00784829 9.9937E-005 9.9937E-005 9.9937E-005 9.9937E-005 9.9937E-005 0.990685 9.9937E-005 9.9937E-005 0.000767457
0.00293389 0.0044818 9.9955E-005 9.9955E-005 9.9955E-005 0.988284 0.00210442 9.9955E-005 0.00169605 9.9955E-005
0.00255669 9.9946E-005 0.00207465 9.9946E-005 9.9946E-005 0.992419 0.00235002 9.9946E-005 9.9946E-005 9.9946E-005
0.0473034 9.9955E-005 0.785005 9.9955E-005 9.9955E-005 9.9955E-005 0.0685208 9.9955E-005 0.043614 0.0550568
0.00244239 9.9937E-005 0.00119537 9.9937E-005 9.9937E-005 0.995663 9.9937E-005 9.9937E-005 9.9937E-005 9.9937E-005
0.00377613 9.9937E-005 0.000493732 9.9937E-005 9.9937E-005 0.995031 9.9937E-005 9.9937E-005 9.9937E-005 9.9937E-005
0.00187394 9.9946E-005 0.00316955 9.9946E-005 9.9946E-005 0.993587 0.000769734 9.9946E-005 9.9946E-005 9.9946E-005
0.00241417 9.9946E-005 0.00240736 9.9946E-005 9.9946E-005 0.992717 9.9946E-005 9.9946E-005 0.00186154 9.9946E-005
0.042224 9.9955E-005 0.777456 9.9955E-005 9.9955E-005 9.9955E-005 0.0685198 9.9955E-005 0.0539735 0.0573266
9.9946E-005 0.00648867 9.9946E-005 9.9946E-005 0.0153348 0.00657912 9.9946E-005 0.970998 9.9946E-005 9.9946E-005
0.00188012 0.99732 9.9928E-005 9.9928E-005 9.9928E-005 9.9928E-005 9.9928E-005 9.9928E-005 9.9928E-005 9.9928E-005
9.9946E-005 0.995588 9.9946E-005 9.9946E-005 9.9946E-005 9.9946E-005 0.0015058 9.9946E-005 0.00139906 0.000907944
9.99201E-005 0.999101 9.99201E-005 9.99201E-005 9.99201E-005 9.99201E-005 9.99201E-005 9.99201E-005 9.99201E-005 9.99201E-005
9.99201E-005 0.999101 9.99201E-005 9.99201E-005 9.99201E-005 9.99201E-005 9.99201E-005 9.99201E-005 9.99201E-005 9.99201E-005
9.9937E-005 0.996952 9.9937E-005 9.9937E-005 9.9937E-005 0.000356105 9.9937E-005 9.9937E-005 0.00199251 9.9937E-005
9.99201E-005 0.999101 9.99201E-005 9.99201E-005 9.99201E-005 9.99201E-005 9.99201E-005 9.99201E-005 9.99201E-005 9.99201E-005
9.99201E-005 0.999101 9.99201E-005 9.99201E-005 9.99201E-005 9.99201E-005 9.99201E-005 9.99201E-005 9.99201E-005 9.99201E-005
9.99201E-005 0.999101 9.99201E-005 9.99201E-005 9.99201E-005 9.99201E-005 9.99201E-005 9.99201E-005 9.99201E-005 9.99201E-005
9.9928E-005 0.997618 9.9928E-005 9.9928E-005 9.9928E-005 9.9928E-005 9.9928E-005 0.00158295 9.9928E-005 9.9928E-005
0.00400947 0.995191 9.9928E-005 9.9928E-005 9.9928E-005 9.9928E-005 9.9928E-005 9.9928E-005 9.9928E-005 9.9928E-005
0.00146598 0.0148037 0.000538297 0.970575 0.00340138 0.00881607 9.9964E-005 9.9964E-005 9.9964E-005 9.9964E-005
9.9946E-005 9.9946E-005 0.000789114 0.973746 0.0242009 9.9946E-005 0.000664535 9.9946E-005 9.9946E-005 9.9946E-005
9.99201E-005 9.99201E-005 9.99201E-005 0.999101 9.99201E-005 9.99201E-005 9.99201E-005 9.99201E-005 9.99201E-005 9.99201E-005
9.99201E-005 9.99201E-005 9.99201E-005 0.999101 9.99201E-005 9.99201E-005 9.99201E-005 9.99201E-005 9.99201E-005 9.99201E-005
9.99201E-005 9.99201E-005 9.99201E-005 0.999101 9.99201E-005 9.99201E-005 9.99201E-005 9.99201E-005 9.99201E-005 9.99201E-005
9.99201E-005 9.99201E-005 9.99201E-005 9.99201E-005 9.99201E-005 9.99201E-005 9.99201E-005 0.999101 9.99201E-005 9.99201E-005
9.99201E-005 9.99201E-005 9.99201E-005 9.99201E-005 9.99201E-005 9.99201E-005 9.99201E-005 0.999101 9.99201E-005 9.99201E-005
9.99201E-005 9.99201E-005 9.99201E-005 9.99201E-005 9.99201E-005 9.99201E-005 9.99201E-005 0.999101 9.99201E-005 9.99201E-005
9.99201E-005 9.99201E-005 9.99201E-005 9.99201E-005 9.99201E-005 9.99201E-005 9.99201E-005 0.999101 9.99201E-005 9.99201E-005
9.99201E-005 9.99201E-005 0.999101 9.99201E-005 9.99201E-005 9.99201E-005 9.99201E-005 9.99201E-005 9.99201E-005 9.99201E-005
9.99201E-005 9.99201E-005 9.99201E-005 0.999101 9.99201E-005 9.99201E-005 9.99201E-005 9.99201E-005 9.99201E-005 9.99201E-005
0.000786253 9.9937E-005 9.9937E-005 0.997216 9.9937E-005 9.9937E-005 0.00129795 9.9937E-005 9.9937E-005 9.9937E-005
9.99201E-005 9.99201E-005 9.99201E-005 0.999101 9.99201E-005 9.99201E-005 9.99201E-005 9.99201E-005 9.99201E-005 9.99201E-005
0.00392425 9.9928E-005 9.9928E-005 0.995276 9.9928E-005 9.9928E-005 9.9928E-005 9.9928E-005 9.9928E-005 9.9928E-005
0.0038742 0.00544164 0.00308121 9.9946E-005 9.9946E-005 9.9946E-005 0.987003 9.9946E-005 9.9946E-005 9.9946E-005
0.00186996 0.00235532 0.0115923 9.9964E-005 9.9964E-005 9.9964E-005 0.90873 0.00550536 0.0695477 9.9964E-005
0.00152639 0.00426023 9.9937E-005 9.9937E-005 9.9937E-005 9.9937E-005 0.993514 9.9937E-005 9.9937E-005 9.9937E-005
9.9955E-005 0.00219116 9.9955E-005 0.00535366 0.00146294 9.9955E-005 0.986662 9.9955E-005 0.00383064 9.9955E-005
0.00307617 0.00707615 0.00593958 9.99575E-005 9.99575E-005 0.00374621 0.979662 9.99575E-005 9.99575E-005 9.99575E-005
9.9946E-005 9.9946E-005 9.9946E-005 9.9946E-005 0.00203086 0.0015652 0.984852 9.9946E-005 0.0109521 9.9946E-005
9.99201E-005 9.99201E-005 9.99201E-005 9.99201E-005 9.99201E-005 9.99201E-005 0.999101 9.99201E-005 9.99201E-005 9.99201E-005
9.9937E-005 9.9937E-005 0.0115695 9.9937E-005 9.9937E-005 0.00271255 0.985018 9.9937E-005 9.9937E-005 9.9937E-005
9.99281E-005 9.99281E-005 9.99281E-005 9.99281E-005 9.99281E-005 0.9765 9.99281E-005 9.99281E-005 9.99281E-005 0.0227006
0.000177628 0.00993497 9.9973E-005 0.00179171 0.010232 0.965181 0.00388034 0.00850267 9.9973E-005 9.9973E-005
9.99627E-005 0.000704399 9.99627E-005 0.00119526 0.0175617 0.966054 9.99627E-005 0.0139848 9.99627E-005 9.99627E-005
9.9928E-005 9.9928E-005 9.9928E-005 9.9928E-005 9.9928E-005 0.993252 9.9928E-005 0.00594858 9.9928E-005 9.9928E-005
0.00496142 9.9955E-005 0.00362799 9.9955E-005 9.9955E-005 0.98698 0.00137054 9.9955E-005 0.00255994 9.9955E-005
9.9937E-005 9.9937E-005 9.9937E-005 0.000546178 9.9937E-005 0.996062 9.9937E-005 0.00269247 9.9937E-005 9.9937E-005
0.999101 9.99201E-005 9.99201E-005 9.99201E-005 9.99201E-005 9.99201E-005 9.99201E-005 9.99201E-005 9.99201E-005 9.99201E-005
9.99201E-005 9.99201E-005 9.99201E-005 9.99201E-005 9.99201E-005 9.99201E-005 0.999101 9.99201E-005 9.99201E-005 9.99201E-005
0.998181 9.9937E-005 0.000962636 0.000156823 9.9937E-005 9.9937E-005 9.9937E-005 9.9937E-005 9.9937E-005 9.9937E-005
9.99201E-005 9.99201E-005 9.99201E-005 9.99201E-005 9.99201E-005 9.99201E-005 0.999101 9.99201E-005 9.99201E-005 9.99201E-005
9.99201E-005 9.99201E-005 9.99201E-005 9.99201E-005 9.99201E-005 9.99201E-005 0.999101 9.99201E-005 9.99201E-005 9.99201E-005
0.000807934 0.00697666 9.9973E-005 0.0218009 0.92078 0.0214507 9.9973E-005 0.02518 0.00270374 9.9973E-005
9.99201E-005 9.99201E-005 9.99201E-005 9.99201E-005 0.999101 9.99201E-005 9.99201E-005 9.99201E-005 9.99201E-005 9.99201E-005
9.9946E-005 0.00477343 9.9946E-005 0.00269777 0.986862 9.9946E-005 9.9946E-005 0.00506743 9.9946E-005 9.9946E-005
0.00258774 0.00397275 0.000769848 0.0035557 0.927077 0.0323021 0.0056213 0.0239135 9.9982E-005 9.9982E-005
0.0017797 0.0026914 0.0033098 0.0106828 0.940268 0.0220383 0.00130244 0.0177273 9.9982E-005 9.9982E-005
0.000210172 0.00239132 0.00173199 9.9955E-005 0.992056 9.9955E-005 9.9955E-005 0.00311085 9.9955E-005 9.9955E-005
9.99201E-005 9.99201E-005 9.99201E-005 9.99201E-005 9.99201E-005 9.99201E-005 0.999101 9.99201E-005 9.99201E-005 9.99201E-005
0.00830075 0.00415376 9.9964E-005 0.000937529 9.9964E-005 9.9964E-005 0.934974 9.9964E-005 0.0499283 0.0013059
9.99201E-005 9.99201E-005 9.99201E-005 9.99201E-005 9.99201E-005 9.99201E-005 0.999101 9.99201E-005 9.99201E-005 9.99201E-005
0.00294346 0.00179248 9.9946E-005 9.9946E-005 9.9946E-005 9.9946E-005 0.992157 9.9946E-005 9.9946E-005 0.00250711
0.00173166 0.00410473 9.9937E-005 9.9937E-005 9.9937E-005 9.9937E-005 0.993464 9.9937E-005 9.9937E-005 9.9937E-005
9.99281E-005 9.99281E-005 9.99281E-005 9.99281E-005 9.99281E-005 9.99281E-005 0.99802 9.99281E-005 0.00118034 9.99281E-005
9.9937E-005 9.9937E-005 0.00907803 9.9937E-005 9.9937E-005 9.9937E-005 0.918649 9.9937E-005 0.0715734 9.9937E-005
0.00479039 0.000996362 0.0143487 0.000117442 9.9991E-005 0.000476273 0.917618 0.00033626 0.0582469 0.00296936
0.00414409 0.00659174 0.00296871 0.000654778 9.9964E-005 9.9964E-005 0.918919 9.9964E-005 0.0663214 9.9964E-005
9.9946E-005 0.00434095 9.9946E-005 9.9946E-005 0.0019661 9.9946E-005 0.992812 0.000281568 9.9946E-005 9.9946E-005
9.9937E-005 9.9937E-005 0.0156186 9.9937E-005 9.9937E-005 9.9937E-005 0.913317 9.9937E-005 0.070365 9.9937E-005
9.9946E-005 9.9946E-005 0.0100859 9.9946E-005 9.9946E-005 9.9946E-005 0.887922 9.9946E-005 0.0982738 0.0031189
0.0135941 9.9964E-005 0.00843357 0.00152973 9.9964E-005 9.9964E-005 0.923504 9.9964E-005 0.0515219 0.00101665
0.00115499 9.9955E-005 0.0033605 0.000812278 9.9955E-005 9.9955E-005 0.92813 9.9955E-005 0.0660429 9.9955E-005
0.00127188 0.00916257 0.00134652 0.0122112 0.90098 0.0248836 0.000379899 0.0495646 9.9982E-005 9.9982E-005
9.9964E-005 0.00492142 9.9964E-005 0.00588914 0.0473634 0.0311913 0.00115645 0.909078 9.9964E-005 9.9964E-005
0.000206397 0.00208592 0.00119665 0.00342033 0.017961 0.00434303 9.9982E-005 0.969663 0.000923929 9.9982E-005
9.9928E-005 9.9928E-005 0.998858 0.000342192 9.9928E-005 9.9928E-005 9.9928E-005 9.9928E-005 9.9928E-005 9.9928E-005
9.99201E-005 9.99201E-005 0.999101 9.99201E-005 9.99201E-005 9.99201E-005 9.99201E-005 9.99201E-005 9.99201E-005 9.99201E-005
0.000288999 9.9964E-005 0.00105654 9.9964E-005 9.9964E-005 0.0234676 9.9964E-005 0.973235 0.0014456 0.000106148
9.9964E-005 0.0239739 9.9964E-005 0.0167054 0.245724 0.105524 9.9964E-005 0.39262 9.9964E-005 0.215052
9.9937E-005 9.9937E-005 9.9937E-005 9.9937E-005 9.9937E-005 9.9937E-005 0.00121031 0.0954375 9.9937E-005 0.902653
0.0032199 0.0912219 9.9982E-005 0.749028 0.0680849 0.021565 0.00153787 0.0579282 0.00721423 9.9982E-005
0.00127404 0.106709 9.9973E-005 0.734781 0.0439186 0.0366927 9.9973E-005 0.0711207 0.00520318 9.9973E-005
9.99201E-005 9.99201E-005 0.999101 9.99201E-005 9.99201E-005 9.99201E-005 9.99201E-005 9.99201E-005 9.99201E-005 9.99201E-005
9.99201E-005 9.99201E-005 0.999101 9.99201E-005 9.99201E-005 9.99201E-005 9.99201E-005 9.99201E-005 9.99201E-005 9.99201E-005
0.00193756 0.103749 9.9973E-005 0.739979 0.0738439 0.0243521 9.9973E-005 0.050855 0.00498341 9.9973E-005
9.996E-005 0.0210569 9.996E-005 0.0265801 0.267572 0.117875 9.996E-005 0.404241 9.996E-005 0.162275
9.99201E-005 9.99201E-005 0.999101 9.99201E-005 9.99201E-005 9.99201E-005 9.99201E-005 9.99201E-005 9.99201E-005 9.99201E-005
0.000406652 0.0987319 9.9982E-005 0.742219 0.0640771 0.028602 9.9982E-005 0.053802 0.0093612 0.00260035
0.00375243 0.0086797 0.000510831 0.00382377 0.0254509 0.0355672 0.0080531 0.903281 9.9991E-005 0.0107808
9.9937E-005 9.9937E-005 9.9937E-005 9.9937E-005 0.0142664 0.0150502 9.9937E-005 0.969984 9.9937E-005 9.9937E-005
0.022103 0.0341024 0.00197656 0.0274828 0.164315 0.112778 0.030592 0.404577 9.999E-005 0.201973
0.00663831 0.285112 9.9982E-005 0.268947 0.141405 0.101709 9.9982E-005 0.147408 0.00755093 0.0410299
9.9955E-005 9.9955E-005 9.9955E-005 9.9955E-005 0.00560904 0.0281281 9.9955E-005 0.95676 0.00192382 0.00707958
9.9964E-005 0.00816816 9.9964E-005 0.00401744 0.0171531 0.0239057 9.9964E-005 0.939942 9.9964E-005 0.0064138
0.0017529 9.9973E-005 0.00197775 0.000350415 0.00218689 0.00307651 9.9973E-005 0.971223 9.9973E-005 0.0191329
0.00518989 0.00301744 0.98981 0.00138268 9.9946E-005 9.9946E-005 9.9946E-005 9.9946E-005 9.9946E-005 9.9946E-005
9.9946E-005 9.9946E-005 9.9946E-005 9.9946E-005 0.0170344 0.00346927 9.9946E-005 0.958822 9.9946E-005 0.0200745
9.99201E-005 9.99201E-005 0.999101 9.99201E-005 9.99201E-005 9.99201E-005 9.99201E-005 9.99201E-005 9.99201E-005 9.99201E-005
9.9928E-005 9.9928E-005 9.9928E-005 9.9928E-005 9.9928E-005 0.000293509 9.9928E-005 0.998907 9.9928E-005 9.9928E-005
9.99201E-005 9.99201E-005 0.999101 9.99201E-005 9.99201E-005 9.99201E-005 9.99201E-005 9.99201E-005 9.99201E-005 9.99201E-005
9.9928E-005 9.9928E-005 0.00165115 0.997549 9.9928E-005 9.9928E-005 9.9928E-005 9.9928E-005 9.9928E-005 9.9928E-005
9.99201E-005 9.99201E-005 9.99201E-005 9.99201E-005 9.99201E-005 9.99201E-005 9.99201E-005 0.999101 9.99201E-005 9.99201E-005
0.00211395 0.0216905 9.9964E-005 0.949283 0.016176 0.00896103 9.9964E-005 0.0013752 9.9964E-005 9.9964E-005
0.00191889 9.9937E-005 9.9937E-005 9.9937E-005 9.9937E-005 9.9937E-005 9.9937E-005 0.996697 0.000684085 9.9937E-005
0.00124043 0.00295446 9.9937E-005 9.9937E-005 9.9937E-005 9.9937E-005 9.9937E-005 0.995106 9.9937E-005 9.9937E-005
9.99201E-005 9.99201E-005 9.99201E-005 9.99201E-005 9.99201E-005 9.99201E-005 9.99201E-005 0.999101 9.99201E-005 9.99201E-005
9.99201E-005 9.99201E-005 9.99201E-005 9.99201E-005 9.99201E-005 9.99201E-005 9.99201E-005 0.999101 9.99201E-005 9.99201E-005
9.99201E-005 9.99201E-005 0.999101 9.99201E-005 9.99201E-005 9.99201E-005 9.99201E-005 9.99201E-005 9.99201E-005 9.99201E-005
9.9955E-005 0.0203923 9.9955E-005 9.9955E-005 0.949549 0.0236972 9.9955E-005 0.00538106 9.9955E-005 0.000480174
9.9946E-005 0.0152789 9.9946E-005 9.9946E-005 0.968293 0.0145836 0.00124508 9.9946E-005 9.9946E-005 9.9946E-005
0.000606038 9.9964E-005 0.00195026 0.0119017 0.923496 0.0266696 9.9964E-005 0.0349763 9.9964E-005 9.9964E-005
9.9955E-005 0.00458523 0.00426676 9.9955E-005 0.00883123 0.977505 9.9955E-005 0.00431193 9.9955E-005 9.9955E-005
9.9946E-005 9.9946E-005 0.975049 0.00341117 0.011391 9.9946E-005 9.9946E-005 9.9946E-005 0.00954931 9.9946E-005
9.9946E-005 9.9946E-005 9.9946E-005 0.00540373 0.0167689 0.962857 9.9946E-005 0.0143711 9.9946E-005 9.9946E-005
9.99201E-005 9.99201E-005 9.99201E-005 9.99201E-005 9.99201E-005 0.999101 9.99201E-005 9.99201E-005 9.99201E-005 9.99201E-005
9.9964E-005 0.00635388 9.9964E-005 0.00666698 0.00905244 0.952272 9.9964E-005 0.0113639 9.9964E-005 0.0138912
9.99201E-005 9.99201E-005 9.99201E-005 9.99201E-005 9.99201E-005 0.999101 9.99201E-005 9.99201E-005 9.99201E-005 9.99201E-005
9.9946E-005 9.9946E-005 0.000528755 9.9946E-005 0.00121751 0.994283 9.9946E-005 0.00337155 9.9946E-005 9.9946E-005
9.99201E-005 9.99201E-005 9.99201E-005 0.999101 9.99201E-005 9.99201E-005 9.99201E-005 9.99201E-005 9.99201E-005 9.99201E-005
9.99201E-005 9.99201E-005 9.99201E-005 0.999101 9.99201E-005 9.99201E-005 9.99201E-005 9.99201E-005 9.99201E-005 9.99201E-005
9.99201E-005 9.99201E-005 9.99201E-005 0.999101 9.99201E-005 9.99201E-005 9.99201E-005 9.99201E-005 9.99201E-005 9.99201E-005
9.9928E-005 9.9928E-005 9.9928E-005 0.985053 9.9928E-005 9.9928E-005 9.9928E-005 9.9928E-005 9.9928E-005 0.0141474
9.9955E-005 9.9955E-005 0.0282622 0.0183458 9.9955E-005 0.939199 9.9955E-005 0.00602244 9.9955E-005 0.00767112
9.9955E-005 0.00101744 9.9955E-005 0.967814 0.0110577 0.00646443 9.9955E-005 0.0131466 9.9955E-005 9.9955E-005
9.9928E-005 9.9928E-005 9.9928E-005 9.9928E-005 9.9928E-005 0.997481 9.9928E-005 9.9928E-005 9.9928E-005 0.00171968
9.9946E-005 9.9946E-005 9.9946E-005 0.00479203 0.00920623 0.965577 9.9946E-005 0.0198254 9.9946E-005 9.9946E-005
9.9937E-005 9.9937E-005 9.9937E-005 9.9937E-005 0.0179776 0.959972 9.9937E-005 0.021351 9.9937E-005 9.9937E-005
9.9937E-005 9.9937E-005 9.9937E-005 9.9937E-005 0.0175196 0.968555 9.9937E-005 0.0132255 9.9937E-005 9.9937E-005
9.9946E-005 9.9946E-005 0.000622107 9.9946E-005 0.0265963 0.95961 9.9946E-005 0.0125721 9.9946E-005 9.9946E-005
0.00317066 0.00786869 9.9955E-005 0.000128788 9.9955E-005 0.985466 9.9955E-005 9.9955E-005 9.9955E-005 0.00286607
9.99699E-005 0.00115962 0.00131443 0.00505886 0.00914236 0.96966 9.99699E-005 0.0132644 9.99699E-005 9.99699E-005
9.9955E-005 9.9955E-005 9.9955E-005 0.000969424 0.0193126 0.961299 9.9955E-005 0.0156238 9.9955E-005 0.00229577
9.9955E-005 0.00950795 9.9955E-005 0.00374222 0.0171969 0.942534 9.9955E-005 9.9955E-005 9.9955E-005 0.0265193
9.9955E-005 0.00228089 9.9955E-005 0.00219788 0.00855717 0.961318 9.9955E-005 9.9955E-005 9.9955E-005 0.0251467
0.00332294 0.00666595 9.9955E-005 0.00402829 9.9955E-005 0.983731 0.00175215 9.9955E-005 9.9955E-005 9.9955E-005
0.000480529 0.0208267 9.9955E-005 0.00753252 0.0132677 0.957393 9.9955E-005 9.9955E-005 9.9955E-005 9.9955E-005
9.9946E-005 9.9946E-005 9.9946E-005 0.0055936 0.0209531 0.95374 9.9946E-005 0.0191136 9.9946E-005 9.9946E-005
9.9964E-005 0.00160009 9.9964E-005 0.000490976 0.0130841 0.957874 9.9964E-005 0.0101288 9.9964E-005 0.0164223
9.9955E-005 0.0047646 9.9955E-005 0.000776914 0.00855587 0.969313 9.9955E-005 0.0160897 9.9955E-005 9.9955E-005
0.00766649 9.9955E-005 0.00013142 9.9955E-005 9.9955E-005 0.945351 9.9955E-005 9.9955E-005 0.00911626 0.0372348
9.9946E-005 9.9946E-005 0.00809649 9.9946E-005 9.9946E-005 0.00299319 0.968789 9.9946E-005 0.0195212 9.9946E-005
0.00174116 9.9946E-005 9.9946E-005 9.9946E-005 9.9946E-005 9.9946E-005 0.990864 9.9946E-005 0.00507969 0.00171549
9.9928E-005 9.9928E-005 9.9928E-005 9.9928E-005 0.00157739 9.9928E-005 0.997623 9.9928E-005 9.9928E-005 9.9928E-005
0.00423857 0.00520985 0.00337444 9.99621E-005 9.99621E-005 0.954825 9.99621E-005 9.99621E-005 9.99621E-005 0.0318521
9.99551E-005 0.242136 9.99551E-005 0.2217 9.99551E-005 0.0616579 9.99551E-005 0.0149238 9.99551E-005 0.459082
0.996191 9.9937E-005 0.000712068 9.9937E-005 9.9937E-005 9.9937E-005 9.9937E-005 9.9937E-005 0.0023975 9.9937E-005
0.993205 9.9946E-005 0.00142304 0.00126933 9.9946E-005 9.9946E-005 0.00350253 9.9946E-005 9.9946E-005 9.9946E-005
0.999101 9.99201E-005 9.99201E-005 9.99201E-005 9.99201E-005 9.99201E-005 9.99201E-005 9.99201E-005 9.99201E-005 9.99201E-005
0.991152 9.9937E-005 0.00678893 9.9937E-005 9.9937E-005 9.9937E-005 9.9937E-005 9.9937E-005 0.00135933 9.9937E-005
0.996915 9.9937E-005 9.9937E-005 9.9937E-005 9.9937E-005 9.9937E-005 0.0017798 9.9937E-005 9.9937E-005 0.00060559
0.999101 9.99201E-005 9.99201E-005 9.99201E-005 9.99201E-005 9.99201E-005 9.99201E-005 9.99201E-005 9.99201E-005 9.99201E-005
9.9928E-005 9.9928E-005 9.9928E-005 9.9928E-005 9.9928E-005 9.9928E-005 0.0315766 9.9928E-005 0.967624 9.9928E-005
0.999101 9.99201E-005 9.99201E-005 9.99201E-005 9.99201E-005 9.99201E-005 9.99201E-005 9.99201E-005 9.99201E-005 9.99201E-005
9.9928E-005 9.9928E-005 9.9928E-005 9.9928E-005 9.9928E-005 9.9928E-005 0.998669 9.9928E-005 9.9928E-005 0.000531232
0.972724 9.9928E-005 9.9928E-005 9.9928E-005 9.9928E-005 9.9928E-005 9.9928E-005 9.9928E-005 9.9928E-005 0.0264769
0.987316 9.9946E-005 0.00371477 9.9946E-005 9.9946E-005 9.9946E-005 0.00624978 0.00211986 9.9946E-005 9.9946E-005
0.99808 9.9937E-005 9.9937E-005 0.000504882 9.9937E-005 9.9937E-005 0.000715088 9.9937E-005 9.9937E-005 9.9937E-005
0.9965 9.9937E-005 9.9937E-005 9.9937E-005 9.9937E-005 9.9937E-005 0.000860578 0.00193956 9.9937E-005 9.9937E-005
0.000212133 0.0137795 9.9973E-005 0.00130925 0.00948452 0.947026 9.9973E-005 0.0134539 9.9973E-005 0.0144348
0.998073 0.00112739 9.9928E-005 9.9928E-005 9.9928E-005 9.9928E-005 9.9928E-005 9.9928E-005 9.9928E-005 9.9928E-005
0.00242743 9.9928E-005 9.9928E-005 9.9928E-005 9.9928E-005 9.9928E-005 0.996773 9.9928E-005 9.9928E-005 9.9928E-005
9.9946E-005 9.9946E-005 9.9946E-005 9.9946E-005 9.9946E-005 0.979158 0.00495131 0.00101969 9.9946E-005 0.0142709
9.9928E-005 9.9928E-005 9.9928E-005 9.9928E-005 0.984644 0.0145567 9.9928E-005 9.9928E-005 9.9928E-005 9.9928E-005
0.998763 9.9928E-005 9.9928E-005 9.9928E-005 9.9928E-005 0.000437212 9.9928E-005 9.9928E-005 9.9928E-005 9.9928E-005
9.99201E-005 9.99201E-005 0.999101 9.99201E-005 9.99201E-005 9.99201E-005 9.99201E-005 9.99201E-005 9.99201E-005 9.99201E-005
0.00247427 9.9946E-005 0.992566 9.9946E-005 0.000374739 9.9946E-005 9.9946E-005 0.0039853 9.9946E-005 9.9946E-005
9.9928E-005 9.9928E-005 9.9928E-005 9.9928E-005 0.993681 9.9928E-005 9.9928E-005 9.9928E-005 9.9928E-005 0.00551915
9.99201E-005 9.99201E-005 0.999101 9.99201E-005 9.99201E-005 9.99201E-005 9.99201E-005 9.99201E-005 9.99201E-005 9.99201E-005
9.9937E-005 9.9937E-005 9.9937E-005 0.000916852 9.9937E-005 0.986448 9.9937E-005 0.0119356 9.9937E-005 9.9937E-005
9.9955E-005 9.9955E-005 0.000254103 0.00646519 0.00713834 0.975125 9.9955E-005 0.0105179 9.9955E-005 9.9955E-005
9.9964E-005 0.00547488 0.00312022 9.9964E-005 0.0232954 0.929974 9.9964E-005 0.0219014 9.9964E-005 0.0158345
9.9937E-005 9.9937E-005 9.9937E-005 9.9937E-005 0.00371188 0.985558 9.9937E-005 0.0100305 9.9937E-005 9.9937E-005
9.99589E-005 0.000342475 9.99589E-005 0.000963411 0.0233889 0.962929 9.99589E-005 0.0118767 9.99589E-005 9.99589E-005
0.000345761 9.9946E-005 9.9946E-005 9.9946E-005 9.9946E-005 0.952962 9.9946E-005 9.9946E-005 0.00268971 0.0434032
9.9937E-005 0.00124216 9.9937E-005 0.00114027 9.9937E-005 0.996918 9.9937E-005 9.9937E-005 9.9937E-005 9.9937E-005
9.9946E-005 0.00313474 9.9946E-005 9.9946E-005 0.987347 0.00407458 9.9946E-005 9.9946E-005 9.9946E-005 0.00484394
9.9937E-005 9.9937E-005 9.9937E-005 9.9937E-005 0.979943 9.9937E-005 9.9937E-005 9.9937E-005 0.00308626 0.0162711
9.99201E-005 9.99201E-005 9.99201E-005 9.99201E-005 9.99201E-005 0.999101 9.99201E-005 9.99201E-005 9.99201E-005 9.99201E-005
9.9946E-005 9.9946E-005 0.00678423 9.9946E-005 9.9946E-005 9.9946E-005 0.955036 9.9946E-005 0.0312261 0.00635436
9.9928E-005 9.9928E-005 9.9928E-005 9.9928E-005 9.9928E-005 9.9928E-005 0.00523777 9.9928E-005 0.993963 9.9928E-005
9.99201E-005 9.99201E-005 9.99201E-005 9.99201E-005 9.99201E-005 9.99201E-005 9.99201E-005 9.99201E-005 0.999101 9.99201E-005
0.0458763 0.0131576 0.00346525 0.0196359 0.0101725 0.0760429 9.9982E-005 9.9982E-005 0.723504 0.107946
9.9928E-005 9.9928E-005 9.9928E-005 9.9928E-005 9.9928E-005 9.9928E-005 0.0307636 9.9928E-005 0.968437 9.9928E-005
0.00483751 9.9964E-005 0.00595619 9.9964E-005 0.0105824 9.9964E-005 0.9713 0.00100881 0.00591566 9.9964E-005
9.9946E-005 9.9946E-005 0.00236855 9.9946E-005 9.9946E-005 0.00104551 0.994019 0.00196725 9.9946E-005 9.9946E-005
9.9928E-005 9.9928E-005 9.9928E-005 9.9928E-005 9.9928E-005 9.9928E-005 0.996205 9.9928E-005 9.9928E-005 0.00299564
9.9928E-005 9.9928E-005 9.9928E-005 9.9928E-005 9.9928E-005 9.9928E-005 0.0151811 9.9928E-005 0.984019 9.9928E-005
9.9937E-005 9.9937E-005 9.9937E-005 9.9937E-005 0.991579 0.00479979 9.9937E-005 9.9937E-005 9.9937E-005 0.00292133
9.99201E-005 9.99201E-005 0.999101 9.99201E-005 9.99201E-005 9.99201E-005 9.99201E-005 9.99201E-005 9.99201E-005 9.99201E-005
0.00175995 9.99369E-005 9.99369E-005 9.99369E-005 0.0150471 9.99369E-005 9.99369E-005 9.99369E-005 9.99369E-005 0.982493
9.9928E-005 9.9928E-005 9.9928E-005 9.9928E-005 0.981724 9.9928E-005 9.9928E-005 9.9928E-005 9.9928E-005 0.0174769
9.9946E-005 9.9946E-005 9.9946E-005 0.00266271 0.96039 0.0171597 9.9946E-005 9.9946E-005 9.9946E-005 0.0191876
9.9937E-005 9.9937E-005 0.994163 9.9937E-005 0.00158872 9.9937E-005 9.9937E-005 9.9937E-005 9.9937E-005 0.00354879
0.998855 9.99281E-005 9.99281E-005 9.99281E-005 9.99281E-005 9.99281E-005 9.99281E-005 9.99281E-005 0.000345881 9.99281E-005
9.9973E-005 0.0333312 9.9973E-005 0.024192 0.133898 0.641211 0.00322417 0.145598 9.9973E-005 0.0182458
9.99201E-005 9.99201E-005 9.99201E-005 9.99201E-005 0.999101 9.99201E-005 9.99201E-005 9.99201E-005 9.99201E-005 9.99201E-005
9.99201E-005 9.99201E-005 9.99201E-005 9.99201E-005 0.999101 9.99201E-005 9.99201E-005 9.99201E-005 9.99201E-005 9.99201E-005
9.99201E-005 9.99201E-005 9.99201E-005 9.99201E-005 0.999101 9.99201E-005 9.99201E-005 9.99201E-005 9.99201E-005 9.99201E-005
9.9937E-005 9.9937E-005 9.9937E-005 9.9937E-005 0.984205 9.9937E-005 9.9937E-005 9.9937E-005 0.000613751 0.0144813
9.99201E-005 9.99201E-005 9.99201E-005 9.99201E-005 0.999101 9.99201E-005 9.99201E-005 9.99201E-005 9.99201E-005 9.99201E-005
9.99201E-005 9.99201E-005 9.99201E-005 9.99201E-005 0.999101 9.99201E-005 9.99201E-005 9.99201E-005 9.99201E-005 9.99201E-005
