9.9937E-005 0.0351252 0.0236858 9.9937E-005 9.9937E-005 0.0235694 9.9937E-005 0.012643 9.9937E-005 9.9937E-005 0.904277 9.9937E-005
0.00239376 0.031283 0.0176524 9.9955E-005 9.9955E-005 0.0240596 9.9955E-005 0.0229207 0.000745898 9.9955E-005 0.900445 9.9955E-005
0.00165615 0.893445 0.0546859 9.9973E-005 0.000333579 0.0127294 9.9973E-005 0.0271776 0.00164359 0.00555597 0.00247314 9.9973E-005
9.9937E-005 0.887206 0.0569178 9.9937E-005 9.9937E-005 0.0131577 9.9937E-005 0.0335443 9.9937E-005 9.9937E-005 0.00847438 9.9937E-005
9.9937E-005 0.921884 0.0342976 9.9937E-005 9.9937E-005 9.9937E-005 0.00145653 0.036926 9.9937E-005 0.00473672 9.9937E-005 9.9937E-005
9.991E-005 0.991938 9.991E-005 9.991E-005 9.991E-005 9.991E-005 9.991E-005 9.991E-005 9.991E-005 9.991E-005 0.00706309 9.991E-005
9.99101E-005 0.998051 9.99101E-005 9.99101E-005 9.99101E-005 9.99101E-005 9.99101E-005 9.99101E-005 0.000950393 9.99101E-005 9.99101E-005 9.99101E-005
9.99101E-005 0.998534 9.99101E-005 9.99101E-005 9.99101E-005 9.99101E-005 9.99101E-005 9.99101E-005 0.000466686 9.99101E-005 9.99101E-005 9.99101E-005
9.9919E-005 9.9919E-005 9.9919E-005 9.9919E-005 9.9919E-005 9.9919E-005 0.00741756 9.9919E-005 0.0121919 0.979491 9.9919E-005 9.9919E-005
0.0020604 9.9937E-005 9.9937E-005 9.9937E-005 9.9937E-005 9.9937E-005 9.9937E-005 0.993189 0.00196063 0.00103532 0.00105542 9.9937E-005
9.9928E-005 9.9928E-005 9.9928E-005 0.00484506 9.9928E-005 9.9928E-005 0.000314373 0.992628 9.9928E-005 0.00141294 9.9928E-005 9.9928E-005
0.000566281 9.9919E-005 9.9919E-005 0.00475611 9.9919E-005 9.9919E-005 9.9919E-005 9.9919E-005 0.993778 9.9919E-005 9.9919E-005 9.9919E-005
0.00315531 9.99191E-005 9.99191E-005 0.001945 9.99191E-005 9.99191E-005 9.99191E-005 0.994 9.99191E-005 9.99191E-005 9.99191E-005 9.99191E-005
9.9928E-005 9.9928E-005 9.9928E-005 9.9928E-005 9.9928E-005 9.9928E-005 0.00096045 0.994831 0.000816478 9.9928E-005 0.0025925 9.9928E-005
9.9928E-005 9.9928E-005 9.9928E-005 0.00390854 9.9928E-005 9.9928E-005 0.000686193 0.993594 9.9928E-005 9.9928E-005 0.00101137 9.9928E-005
0.00336237 9.99191E-005 9.99191E-005 0.00193143 9.99191E-005 9.99191E-005 9.99191E-005 0.993807 9.99191E-005 9.99191E-005 9.99191E-005 9.99191E-005
9.99011E-005 9.99011E-005 9.99011E-005 9.99011E-005 9.99011E-005 9.99011E-005 9.99011E-005 9.99011E-005 0.998901 9.99011E-005 9.99011E-005 9.99011E-005
9.9928E-005 0.00939426 0.970309 9.9928E-005 9.9928E-005 9.9928E-005 9.9928E-005 0.0156553 9.9928E-005 9.9928E-005 0.00384223 9.9928E-005
9.9901E-005 9.9901E-005 9.9901E-005 9.9901E-005 9.9901E-005 9.9901E-005 9.9901E-005 9.9901E-005 9.9901E-005 9.9901E-005 0.998901 9.9901E-005
9.9928E-005 9.9928E-005 9.9928E-005 9.9928E-005 9.9928E-005 9.9928E-005 0.000225444 0.000543933 9.9928E-005 0.0026743 0.995757 9.9928E-005
9.99011E-005 9.99011E-005 9.99011E-005 9.99011E-005 9.99011E-005 9.99011E-005 9.99011E-005 9.99011E-005 9.99011E-005 9.99011E-005 0.998901 9.99011E-005
9.99011E-005 9.99011E-005 9.99011E-005 9.99011E-005 9.99011E-005 9.99011E-005 9.99011E-005 9.99011E-005 9.99011E-005 9.99011E-005 0.998901 9.99011E-005
9.99011E-005 9.99011E-005 9.99011E-005 9.99011E-005 9.99011E-005 9.99011E-005 9.99011E-005 9.99011E-005 9.99011E-005 9.99011E-005 0.998901 9.99011E-005
9.99011E-005 9.99011E-005 9.99011E-005 9.99011E-005 9.99011E-005 9.99011E-005 9.99011E-005 9.99011E-005 9.99011E-005 9.99011E-005 0.998901 9.99011E-005
9.99011E-005 9.99011E-005 9.99011E-005 9.99011E-005 9.99011E-005 9.99011E-005 9.99011E-005 9.99011E-005 9.99011E-005 9.99011E-005 0.998901 9.99011E-005
9.99101E-005 9.99101E-005 9.99101E-005 9.99101E-005 9.99101E-005 9.99101E-005 9.99101E-005 9.99101E-005 9.99101E-005 0.000793035 0.998208 9.99101E-005
9.99011E-005 9.99011E-005 9.99011E-005 9.99011E-005 9.99011E-005 9.99011E-005 9.99011E-005 9.99011E-005 9.99011E-005 9.99011E-005 0.998901 9.99011E-005
0.000618784 9.9919E-005 9.9919E-005 9.9919E-005 0.00222403 9.9919E-005 9.9919E-005 9.9919E-005 9.9919E-005 9.9919E-005 0.996258 9.9919E-005
9.99191E-005 9.99191E-005 9.99191E-005 9.99191E-005 9.99191E-005 0.9787 9.99191E-005 0.00964163 9.99191E-005 9.99191E-005 0.0107595 9.99191E-005
9.99191E-005 0.0194656 9.99191E-005 0.00181666 9.99191E-005 0.977818 9.99191E-005 9.99191E-005 9.99191E-005 9.99191E-005 9.99191E-005 9.99191E-005
9.9901E-005 9.9901E-005 9.9901E-005 9.9901E-005 9.9901E-005 0.998901 9.9901E-005 9.9901E-005 9.9901E-005 9.9901E-005 9.9901E-005 9.9901E-005
9.99011E-005 9.99011E-005 9.99011E-005 9.99011E-005 9.99011E-005 0.998901 9.99011E-005 9.99011E-005 9.99011E-005 9.99011E-005 9.99011E-005 9.99011E-005
9.99011E-005 9.99011E-005 9.99011E-005 9.99011E-005 9.99011E-005 0.998901 9.99011E-005 9.99011E-005 9.99011E-005 9.99011E-005 9.99011E-005 9.99011E-005
9.99011E-005 9.99011E-005 0.998901 9.99011E-005 9.99011E-005 9.99011E-005 9.99011E-005 9.99011E-005 9.99011E-005 9.99011E-005 9.99011E-005 9.99011E-005
9.99011E-005 9.99011E-005 0.998901 9.99011E-005 9.99011E-005 9.99011E-005 9.99011E-005 9.99011E-005 9.99011E-005 9.99011E-005 9.99011E-005 9.99011E-005
9.99011E-005 9.99011E-005 0.998901 9.99011E-005 9.99011E-005 9.99011E-005 9.99011E-005 9.99011E-005 9.99011E-005 9.99011E-005 9.99011E-005 9.99011E-005
9.99101E-005 9.99101E-005 0.997703 0.00129797 9.99101E-005 9.99101E-005 9.99101E-005 9.99101E-005 9.99101E-005 9.99101E-005 9.99101E-005 9.99101E-005
9.99101E-005 9.99101E-005 9.99101E-005 0.984878 9.99101E-005 9.99101E-005 9.99101E-005 9.99101E-005 0.0141224 9.99101E-005 9.99101E-005 9.99101E-005
9.99101E-005 9.99101E-005 9.99101E-005 0.000300176 9.99101E-005 0.998701 9.99101E-005 9.99101E-005 9.99101E-005 9.99101E-005 9.99101E-005 9.99101E-005
9.991E-005 9.991E-005 9.991E-005 9.991E-005 9.991E-005 0.9978 0.00120107 9.991E-005 9.991E-005 9.991E-005 9.991E-005 9.991E-005
0.000160575 9.99101E-005 9.99101E-005 9.99101E-005 9.99101E-005 0.99884 9.99101E-005 9.99101E-005 9.99101E-005 9.99101E-005 9.99101E-005 9.99101E-005
9.9928E-005 9.9928E-005 9.9928E-005 9.9928E-005 9.9928E-005 0.995732 0.00165405 9.9928E-005 0.000131625 0.001683 9.9928E-005 9.9928E-005
0.002566 9.9928E-005 9.9928E-005 9.9928E-005 9.9928E-005 9.9928E-005 9.9928E-005 9.9928E-005 0.0104588 0.984628 0.00154763 9.9928E-005
0.00190329 9.9955E-005 0.00507042 0.00742766 0.0548466 9.9955E-005 9.9955E-005 9.9955E-005 0.00449272 0.92135 0.00440977 9.9955E-005
9.9928E-005 9.9928E-005 9.9928E-005 9.9928E-005 9.9928E-005 9.9928E-005 0.00323769 9.9928E-005 0.00681785 0.984558 0.00458715 9.9928E-005
0.000785183 9.9948E-005 9.9948E-005 0.00524574 0.0175399 9.9948E-005 9.9948E-005 9.9948E-005 9.9948E-005 0.970674 0.00505572 9.9948E-005
9.99191E-005 9.99191E-005 9.99191E-005 0.00380081 9.99191E-005 9.99191E-005 9.99191E-005 0.00644097 9.99191E-005 0.988859 9.99191E-005 9.99191E-005
9.9937E-005 0.00199886 9.9937E-005 9.9937E-005 0.00113664 9.9937E-005 9.9937E-005 0.00374228 9.9937E-005 0.990142 0.00228096 9.9937E-005
9.99191E-005 9.99191E-005 9.99191E-005 9.99191E-005 9.99191E-005 9.99191E-005 0.00152552 9.99191E-005 0.0018063 0.995769 9.99191E-005 9.99191E-005
9.9928E-005 9.9928E-005 9.9928E-005 0.0116962 9.9928E-005 9.9928E-005 9.9928E-005 0.000973899 9.9928E-005 0.984931 0.00159985 9.9928E-005
9.99166E-005 9.99166E-005 9.99166E-005 9.99166E-005 9.99166E-005 9.99166E-005 9.99166E-005 0.971559 9.99166E-005 9.99166E-005 9.99166E-005 0.0274414
9.9955E-005 0.0151971 0.00567783 9.9955E-005 0.00116418 0.004886 0.00105701 0.962503 9.9955E-005 9.9955E-005 0.00901527 9.9955E-005
9.9928E-005 0.0109711 0.0210133 9.9928E-005 9.9928E-005 0.00632792 9.9928E-005 0.960888 9.9928E-005 9.9928E-005 9.9928E-005 9.9928E-005
9.9928E-005 9.9928E-005 0.0020791 9.9928E-005 9.9928E-005 0.000446472 9.9928E-005 0.995626 0.00104947 9.9928E-005 9.9928E-005 9.9928E-005
0.00589254 9.9937E-005 9.9937E-005 0.000585174 0.00405237 9.9937E-005 0.0011531 0.987617 9.9937E-005 9.9937E-005 9.9937E-005 9.9937E-005
9.99101E-005 9.99101E-005 0.00138512 9.99101E-005 9.99101E-005 9.99101E-005 9.99101E-005 0.997616 9.99101E-005 9.99101E-005 9.99101E-005 9.99101E-005
0.998901 9.99011E-005 9.99011E-005 9.99011E-005 9.99011E-005 9.99011E-005 9.99011E-005 9.99011E-005 9.99011E-005 9.99011E-005 9.99011E-005 9.99011E-005
9.99011E-005 9.99011E-005 9.99011E-005 9.99011E-005 9.99011E-005 9.99011E-005 9.99011E-005 9.99011E-005 9.99011E-005 0.998901 9.99011E-005 9.99011E-005
0.931832 9.9928E-005 9.9928E-005 9.9928E-005 9.9928E-005 9.9928E-005 0.0650304 9.9928E-005 9.9928E-005 0.00109478 0.00124348 9.9928E-005
9.99191E-005 9.99191E-005 9.99191E-005 0.000427241 9.99191E-005 0.00432011 9.99191E-005 9.99191E-005 9.99191E-005 0.994353 9.99191E-005 9.99191E-005
9.99011E-005 9.99011E-005 9.99011E-005 9.99011E-005 9.99011E-005 9.99011E-005 9.99011E-005 9.99011E-005 9.99011E-005 0.998901 9.99011E-005 9.99011E-005
0.0025668 0.899463 0.0399203 9.9955E-005 9.9955E-005 0.0218434 9.9955E-005 0.0204404 9.9955E-005 0.00327844 0.0119874 9.9955E-005
9.9928E-005 0.99542 9.9928E-005 9.9928E-005 9.9928E-005 9.9928E-005 0.0014314 9.9928E-005 0.00153305 9.9928E-005 9.9928E-005 0.00081631
9.9919E-005 0.985816 0.00943378 9.9919E-005 9.9919E-005 9.9919E-005 9.9919E-005 9.9919E-005 9.9919E-005 9.9919E-005 9.9919E-005 0.00385101
9.9964E-005 0.927115 0.0251627 0.000361805 9.9964E-005 0.000760445 0.00474306 0.0347366 9.9964E-005 0.0035594 0.00316071 9.9964E-005
0.000229342 0.948591 0.0128083 9.9946E-005 9.9946E-005 0.00640604 9.9946E-005 0.0244353 9.9946E-005 0.00693007 9.9946E-005 9.9946E-005
9.99101E-005 0.996084 9.99101E-005 9.99101E-005 9.99101E-005 9.99101E-005 9.99101E-005 9.99101E-005 0.0029165 9.99101E-005 9.99101E-005 9.99101E-005
9.9928E-005 9.9928E-005 9.9928E-005 9.9928E-005 0.00393827 0.00292517 9.9928E-005 9.9928E-005 0.00131811 0.991019 9.9928E-005 9.9928E-005
9.9937E-005 9.9937E-005 9.9937E-005 9.9937E-005 0.0503943 9.9937E-005 0.00674146 9.9937E-005 0.0257231 0.914778 0.00166322 9.9937E-005
9.9928E-005 0.00144739 9.9928E-005 0.00334461 9.9928E-005 9.9928E-005 9.9928E-005 9.9928E-005 9.9928E-005 0.993031 0.00137744 9.9928E-005
0.00214131 9.9937E-005 9.9937E-005 9.9937E-005 9.9937E-005 9.9937E-005 9.9937E-005 9.9937E-005 0.00502342 0.991066 0.000946994 0.000122474
9.9928E-005 9.9928E-005 9.9928E-005 9.9928E-005 9.9928E-005 9.9928E-005 0.000116124 9.9928E-005 0.0115507 0.986763 0.000770925 9.9928E-005
9.9928E-005 9.9928E-005 9.9928E-005 0.000751176 0.00801608 9.9928E-005 9.9928E-005 9.9928E-005 0.00174124 0.988692 9.9928E-005 9.9928E-005
9.99191E-005 9.99191E-005 9.99191E-005 0.00848585 0.05787 9.99191E-005 9.99191E-005 9.99191E-005 9.99191E-005 0.932745 9.99191E-005 9.99191E-005
9.99466E-005 0.00224836 9.99466E-005 0.0186436 0.0665417 9.99466E-005 0.00100704 0.00162538 9.99466E-005 0.909334 9.99466E-005 9.99466E-005
9.9955E-005 9.9955E-005 9.9955E-005 0.00519355 0.0605384 0.00263352 0.00156001 0.000736146 0.00820174 0.920637 9.9955E-005 9.9955E-005
9.99101E-005 9.99101E-005 9.99101E-005 9.99101E-005 9.99101E-005 9.99101E-005 9.99101E-005 9.99101E-005 9.99101E-005 0.9944 0.004601 9.99101E-005
9.99191E-005 9.99191E-005 9.99191E-005 0.0188922 0.0638204 9.99191E-005 9.99191E-005 9.99191E-005 9.99191E-005 0.916388 9.99191E-005 9.99191E-005
9.99281E-005 9.99281E-005 9.99281E-005 0.0147374 0.0814112 9.99281E-005 9.99281E-005 9.99281E-005 9.99281E-005 0.897644 9.99281E-005 0.00540831
0.0102301 9.9946E-005 9.9946E-005 9.9946E-005 0.0460469 0.00178324 0.00259268 9.9946E-005 0.0287594 0.909988 9.9946E-005 9.9946E-005
9.9946E-005 9.9946E-005 9.9946E-005 9.9946E-005 0.0649549 9.9946E-005 0.00355596 9.9946E-005 0.0129054 0.913317 0.00345756 0.00120902
9.99512E-005 0.910481 0.0392817 9.99512E-005 9.99512E-005 0.0124494 9.99512E-005 0.0188095 0.00217977 9.99512E-005 0.0161988 9.99512E-005
9.9928E-005 0.0387758 0.924479 9.9928E-005 9.9928E-005 0.00583942 9.9928E-005 0.030106 9.9928E-005 9.9928E-005 9.9928E-005 9.9928E-005
9.9928E-005 9.9928E-005 0.989691 9.9928E-005 9.9928E-005 9.9928E-005 9.9928E-005 0.00403072 9.9928E-005 9.9928E-005 0.00376929 0.00170908
9.9946E-005 9.9946E-005 0.000517388 0.98677 0.00211723 0.00200668 9.9946E-005 0.000205769 9.9946E-005 0.00778293 9.9946E-005 9.9946E-005
9.99101E-005 9.99101E-005 9.99101E-005 0.982016 9.99101E-005 9.99101E-005 9.99101E-005 9.99101E-005 0.0169847 9.99101E-005 9.99101E-005 9.99101E-005
9.9928E-005 9.9928E-005 0.986365 9.9928E-005 0.000379813 9.9928E-005 9.9928E-005 0.00978572 9.9928E-005 9.9928E-005 9.9928E-005 0.00266972
0.00469352 0.315308 0.449571 9.9964E-005 0.0075844 0.0423425 9.9964E-005 0.122094 9.9964E-005 9.9964E-005 0.0475613 0.0104447
0.0658849 0.223004 0.353779 0.0218437 0.012619 0.0508466 9.9991E-005 0.12942 0.0110354 0.0573341 0.0482636 0.0258699
0.000534078 0.0546939 0.0642294 9.9991E-005 0.00193998 0.750897 0.00091177 0.0240149 0.00289584 0.00472029 0.0939935 0.00106886
9.9955E-005 0.0594942 0.0702698 9.9955E-005 9.9955E-005 0.738298 9.9955E-005 0.0332396 0.000577443 0.00332244 0.0942983 9.9955E-005
9.99101E-005 9.99101E-005 9.99101E-005 0.995832 9.99101E-005 9.99101E-005 9.99101E-005 9.99101E-005 0.00316903 9.99101E-005 9.99101E-005 9.99101E-005
9.99011E-005 9.99011E-005 9.99011E-005 0.998901 9.99011E-005 9.99011E-005 9.99011E-005 9.99011E-005 9.99011E-005 9.99011E-005 9.99011E-005 9.99011E-005
9.9955E-005 0.0659875 0.0528482 9.9955E-005 9.9955E-005 0.749052 9.9955E-005 0.0276971 0.00699113 0.00157391 0.0953502 9.9955E-005
9.9937E-005 0.340738 0.440001 9.9937E-005 9.9937E-005 0.0458232 9.9937E-005 0.132056 9.9937E-005 9.9937E-005 0.0406827 9.9937E-005
9.99101E-005 9.99101E-005 9.99101E-005 0.997608 9.99101E-005 9.99101E-005 9.99101E-005 9.99101E-005 9.99101E-005 0.00139281 9.99101E-005 9.99101E-005
0.000440218 0.0567974 0.0593549 9.9973E-005 0.00369371 0.757726 9.9973E-005 0.0254791 0.00151164 9.9973E-005 0.0910973 0.00359929
0.001138 0.0136161 0.91838 9.9982E-005 0.00185811 0.00512607 9.9982E-005 0.0340245 0.00182914 0.00329932 0.00819877 0.0123296
9.9919E-005 0.0148645 0.975852 9.9919E-005 9.9919E-005 9.9919E-005 9.9919E-005 0.00838424 9.9919E-005 9.9919E-005 9.9919E-005 9.9919E-005
0.0400054 0.205302 0.455943 0.00601301 0.00647931 0.0398185 9.9991E-005 0.126183 0.01054 0.0228336 0.0459437 0.0408386
9.9973E-005 0.155674 0.146043 9.9973E-005 9.9973E-005 0.270334 0.00995191 0.109246 0.0141332 0.00450781 0.288682 0.00112828
9.9946E-005 0.0186098 0.962392 9.9946E-005 9.9946E-005 0.00477775 9.9946E-005 0.00854125 9.9946E-005 0.000927822 9.9946E-005 0.00415191
9.9946E-005 9.9946E-005 0.962169 0.00161232 9.9946E-005 0.00466832 9.9946E-005 0.0183497 0.000139924 9.9946E-005 0.0124611 9.9946E-005
9.9937E-005 0.00688995 0.956944 9.9937E-005 9.9937E-005 0.0113637 9.9937E-005 0.0128743 9.9937E-005 9.9937E-005 9.9937E-005 0.0112288
0.00111559 9.9937E-005 0.00731903 0.944563 9.9937E-005 9.9937E-005 0.00669802 9.9937E-005 0.0396049 9.9937E-005 9.9937E-005 9.9937E-005
9.9928E-005 0.0095595 0.98426 9.9928E-005 9.9928E-005 0.00501822 9.9928E-005 9.9928E-005 9.9928E-005 9.9928E-005 0.000362501 9.9928E-005
9.99191E-005 9.99191E-005 9.99191E-005 0.982026 0.0121165 9.99191E-005 9.99191E-005 9.99191E-005 0.00495799 9.99191E-005 9.99191E-005 9.99191E-005
9.99011E-005 9.99011E-005 0.998901 9.99011E-005 9.99011E-005 9.99011E-005 9.99011E-005 9.99011E-005 9.99011E-005 9.99011E-005 9.99011E-005 9.99011E-005
9.99101E-005 9.99101E-005 9.99101E-005 0.989659 0.00934224 9.99101E-005 9.99101E-005 9.99101E-005 9.99101E-005 9.99101E-005 9.99101E-005 9.99101E-005
9.99011E-005 9.99011E-005 9.99011E-005 9.99011E-005 9.99011E-005 0.998901 9.99011E-005 9.99011E-005 9.99011E-005 9.99011E-005 9.99011E-005 9.99011E-005
9.99011E-005 9.99011E-005 0.998901 9.99011E-005 9.99011E-005 9.99011E-005 9.99011E-005 9.99011E-005 9.99011E-005 9.99011E-005 9.99011E-005 9.99011E-005
9.9928E-005 0.0161135 9.9928E-005 9.9928E-005 9.9928E-005 0.94792 9.9928E-005 0.00728849 9.9928E-005 9.9928E-005 0.0278789 9.9928E-005
9.99011E-005 9.99011E-005 0.998901 9.99011E-005 9.99011E-005 9.99011E-005 9.99011E-005 9.99011E-005 9.99011E-005 9.99011E-005 9.99011E-005 9.99011E-005
9.9919E-005 9.9919E-005 0.993108 9.9919E-005 9.9919E-005 0.00389197 9.9919E-005 9.9919E-005 9.9919E-005 9.9919E-005 0.00210067 9.9919E-005
9.99011E-005 9.99011E-005 0.998901 9.99011E-005 9.99011E-005 9.99011E-005 9.99011E-005 9.99011E-005 9.99011E-005 9.99011E-005 9.99011E-005 9.99011E-005
9.99011E-005 9.99011E-005 0.998901 9.99011E-005 9.99011E-005 9.99011E-005 9.99011E-005 9.99011E-005 9.99011E-005 9.99011E-005 9.99011E-005 9.99011E-005
0.00125665 9.9937E-005 9.9937E-005 0.984692 9.9937E-005 0.000973571 9.9937E-005 9.9937E-005 0.0115765 0.000802064 9.9937E-005 9.9937E-005
9.9946E-005 0.961972 0.00480273 9.9946E-005 9.9946E-005 9.9946E-005 9.9946E-005 0.0164452 0.00114424 9.9946E-005 0.0137843 0.0012517
9.99387E-005 0.96551 9.99387E-005 9.99387E-005 9.99387E-005 9.99387E-005 9.99387E-005 0.0172851 0.00066789 9.99387E-005 0.0152477 0.000590203
9.9955E-005 0.91891 0.0423511 0.00189847 9.9955E-005 0.0128764 0.00130674 0.0166438 9.9955E-005 9.9955E-005 0.00551392 9.9955E-005
9.9928E-005 9.9928E-005 9.9928E-005 9.9928E-005 9.9928E-005 9.9928E-005 0.00264663 0.991305 0.00156863 9.9928E-005 0.00368061 9.9928E-005
0.00543237 0.0139186 9.9937E-005 0.965983 0.0120273 9.9937E-005 0.00193879 9.9937E-005 9.9937E-005 9.9937E-005 9.9937E-005 9.9937E-005
9.9928E-005 0.0243308 0.0063375 9.9928E-005 9.9928E-005 0.0048043 9.9928E-005 0.963728 9.9928E-005 9.9928E-005 9.9928E-005 9.9928E-005
9.99101E-005 9.99101E-005 9.99101E-005 9.99101E-005 9.99101E-005 0.000338154 9.99101E-005 0.998663 9.99101E-005 9.99101E-005 9.99101E-005 9.99101E-005
9.9946E-005 0.0207937 0.00768829 9.9946E-005 9.9946E-005 9.9946E-005 9.9946E-005 0.950148 0.000117203 9.9946E-005 0.00313749 0.0175154
9.99101E-005 9.99101E-005 9.99101E-005 9.99101E-005 9.99101E-005 9.99101E-005 9.99101E-005 0.996655 9.99101E-005 9.99101E-005 9.99101E-005 0.00234553
9.9928E-005 9.9928E-005 0.0149917 9.9928E-005 9.9928E-005 0.00444333 9.9928E-005 0.979205 0.000560191 9.9928E-005 9.9928E-005 9.9928E-005
9.99011E-005 9.99011E-005 9.99011E-005 9.99011E-005 9.99011E-005 0.998901 9.99011E-005 9.99011E-005 9.99011E-005 9.99011E-005 9.99011E-005 9.99011E-005
9.9901E-005 9.9901E-005 9.9901E-005 9.9901E-005 9.9901E-005 0.998901 9.9901E-005 9.9901E-005 9.9901E-005 9.9901E-005 9.9901E-005 9.9901E-005
9.99101E-005 9.99101E-005 9.99101E-005 9.99101E-005 9.99101E-005 0.990653 9.99101E-005 9.99101E-005 9.99101E-005 9.99101E-005 9.99101E-005 0.0083474
0.000180944 9.9928E-005 9.9928E-005 9.9928E-005 0.000425682 0.994743 9.9928E-005 9.9928E-005 9.9928E-005 9.9928E-005 9.9928E-005 0.00385115
9.9955E-005 0.0044281 0.000901853 0.0287663 9.9955E-005 0.0154732 0.000139933 0.947448 9.9955E-005 9.9955E-005 0.00234295 9.9955E-005
9.9928E-005 0.0168481 0.00546978 9.9928E-005 9.9928E-005 0.965383 9.9928E-005 0.0114995 9.9928E-005 9.9928E-005 9.9928E-005 9.9928E-005
9.99101E-005 9.99101E-005 9.99101E-005 9.99101E-005 9.99101E-005 9.99101E-005 9.99101E-005 0.989349 9.99101E-005 9.99101E-005 9.99101E-005 0.00965151
9.9928E-005 0.000803077 0.0209395 9.9928E-005 9.9928E-005 0.00444134 9.9928E-005 0.973017 9.9928E-005 9.9928E-005 9.9928E-005 9.9928E-005
9.9919E-005 9.9919E-005 0.0196387 9.9919E-005 9.9919E-005 0.00088053 9.9919E-005 0.978581 9.9919E-005 9.9919E-005 9.9919E-005 9.9919E-005
9.9937E-005 9.9937E-005 0.0097794 0.000100954 0.000737409 9.9937E-005 9.9937E-005 0.987506 0.00117639 9.9937E-005 9.9937E-005 9.9937E-005
9.9928E-005 0.0251723 0.00903131 0.000226671 9.9928E-005 9.9928E-005 9.9928E-005 0.96477 9.9928E-005 9.9928E-005 9.9928E-005 9.9928E-005
0.00235318 9.9928E-005 9.9928E-005 9.9928E-005 9.9928E-005 9.9928E-005 9.9928E-005 0.984167 9.9928E-005 9.9928E-005 0.00886581 0.00381449
9.9937E-005 9.9937E-005 0.0128213 9.9937E-005 9.9937E-005 9.9937E-005 9.9937E-005 0.977931 0.00193942 9.9937E-005 0.00486178 0.00174684
9.9919E-005 0.020883 0.0158604 9.9919E-005 9.9919E-005 9.9919E-005 9.9919E-005 0.962357 9.9919E-005 9.9919E-005 9.9919E-005 9.9919E-005
9.9964E-005 0.0224201 9.9964E-005 9.9964E-005 0.00392326 0.00391243 0.000346624 0.943618 9.9964E-005 0.000607431 0.0111317 0.0136407
9.9955E-005 0.00785046 0.00644028 0.0018505 0.000161854 0.000467898 9.9955E-005 0.961773 9.9955E-005 9.9955E-005 9.9955E-005 0.0209565
9.9937E-005 9.9937E-005 9.9937E-005 9.9937E-005 9.9937E-005 0.00594608 0.00259227 0.979249 9.9937E-005 0.00069342 0.0108193 9.9937E-005
0.000739424 0.000420518 0.000916047 9.9955E-005 9.9955E-005 0.00229928 9.9955E-005 0.981653 9.9955E-005 0.000450972 0.0130211 9.9955E-005
9.9928E-005 0.0107791 0.0230955 9.9928E-005 9.9928E-005 0.0100754 9.9928E-005 0.955251 9.9928E-005 9.9928E-005 9.9928E-005 9.9928E-005
9.9928E-005 0.0325381 9.9928E-005 9.9928E-005 9.9928E-005 9.9928E-005 9.9928E-005 0.958537 9.9928E-005 0.0020587 9.9928E-005 0.00606715
9.9937E-005 0.0104527 0.0104046 9.9937E-005 9.9937E-005 0.0018888 9.9937E-005 0.974857 9.9937E-005 9.9937E-005 0.00169734 9.9937E-005
0.010486 9.9955E-005 0.00154906 9.9955E-005 0.00740828 9.9955E-005 9.9955E-005 0.949548 9.9955E-005 0.00278379 0.00186505 0.0258603
9.99281E-005 0.00352248 9.99281E-005 0.0118088 0.0105191 9.99281E-005 9.99281E-005 9.99281E-005 9.99281E-005 0.97335 9.99281E-005 9.99281E-005
9.99191E-005 9.99191E-005 9.99191E-005 9.99191E-005 0.013146 9.99191E-005 9.99191E-005 9.99191E-005 9.99191E-005 0.983842 9.99191E-005 0.00211284
0.00365131 9.994E-005 0.00100009 9.994E-005 9.994E-005 0.00405218 9.994E-005 0.000807961 0.00118151 0.988707 9.994E-005 9.994E-005
0.000854029 9.9955E-005 0.000539302 0.000287974 0.00442975 9.9955E-005 0.00161978 0.967207 9.9955E-005 9.9955E-005 9.9955E-005 0.0245625
9.99551E-005 9.99551E-005 0.126263 9.99551E-005 0.00588951 0.235959 9.99551E-005 0.0897878 0.0183888 9.99551E-005 0.260923 0.26229
0.899823 9.99191E-005 9.99191E-005 0.00345257 9.99191E-005 9.99191E-005 0.0958256 9.99191E-005 9.99191E-005 9.99191E-005 9.99191E-005 9.99191E-005
0.958138 9.9928E-005 9.9928E-005 0.00379395 9.9928E-005 9.9928E-005 0.0322109 0.00505821 9.9928E-005 9.9928E-005 9.9928E-005 9.9928E-005
0.985643 9.99101E-005 9.99101E-005 9.99101E-005 9.99101E-005 9.99101E-005 0.0133577 9.99101E-005 9.99101E-005 9.99101E-005 9.99101E-005 9.99101E-005
9.99011E-005 9.99011E-005 9.99011E-005 9.99011E-005 9.99011E-005 9.99011E-005 0.998901 9.99011E-005 9.99011E-005 9.99011E-005 9.99011E-005 9.99011E-005
0.997211 9.99101E-005 9.99101E-005 9.99101E-005 9.99101E-005 9.99101E-005 9.99101E-005 9.99101E-005 9.99101E-005 0.00178972 9.99101E-005 9.99101E-005
0.998901 9.99011E-005 9.99011E-005 9.99011E-005 9.99011E-005 9.99011E-005 9.99011E-005 9.99011E-005 9.99011E-005 9.99011E-005 9.99011E-005 9.99011E-005
9.991E-005 9.991E-005 9.991E-005 9.991E-005 0.979478 9.991E-005 9.991E-005 9.991E-005 9.991E-005 0.0195234 9.991E-005 9.991E-005
0.998901 9.99011E-005 9.99011E-005 9.99011E-005 9.99011E-005 9.99011E-005 9.99011E-005 9.99011E-005 9.99011E-005 9.99011E-005 9.99011E-005 9.99011E-005
9.99101E-005 9.99101E-005 9.99101E-005 9.99101E-005 9.99101E-005 9.99101E-005 9.99101E-005 9.99101E-005 9.99101E-005 0.995724 9.99101E-005 0.00327677
0.9807 0.000516585 9.9946E-005 0.00503183 0.00186088 9.9946E-005 9.9946E-005 9.9946E-005 9.9946E-005 9.9946E-005 0.00285662 0.00843392
9.99011E-005 9.99011E-005 9.99011E-005 9.99011E-005 9.99011E-005 9.99011E-005 0.998901 9.99011E-005 9.99011E-005 9.99011E-005 9.99011E-005 9.99011E-005
0.998528 9.99101E-005 9.99101E-005 9.99101E-005 9.99101E-005 9.99101E-005 9.99101E-005 9.99101E-005 0.000473298 9.99101E-005 9.99101E-005 9.99101E-005
0.912206 9.9928E-005 9.9928E-005 9.9928E-005 9.9928E-005 9.9928E-005 0.0824162 0.00164038 0.00293752 9.9928E-005 9.9928E-005 9.9928E-005
0.000406278 0.0168666 0.0156218 0.00114197 0.00244308 0.00662084 9.99691E-005 0.948087 9.99691E-005 9.99691E-005 0.00841255 9.99691E-005
0.99462 9.99101E-005 9.99101E-005 9.99101E-005 9.99101E-005 9.99101E-005 0.00438129 9.99101E-005 9.99101E-005 9.99101E-005 9.99101E-005 9.99101E-005
9.99101E-005 9.99101E-005 9.99101E-005 9.99101E-005 9.99101E-005 9.99101E-005 0.00580374 9.99101E-005 9.99101E-005 0.993197 9.99101E-005 9.99101E-005
9.9946E-005 9.9946E-005 0.00226126 9.9946E-005 9.9946E-005 0.00752487 9.9946E-005 0.970618 0.00147688 0.00121983 9.9946E-005 0.0162999
9.9946E-005 0.962848 0.0059074 9.9946E-005 9.9946E-005 0.00237368 9.9946E-005 0.0127314 9.9946E-005 9.9946E-005 0.00715893 0.00838077
0.995056 9.99281E-005 9.99281E-005 0.00106474 9.99281E-005 9.99281E-005 9.99281E-005 9.99281E-005 9.99281E-005 0.00085929 9.99281E-005 0.00222091
9.99101E-005 9.99101E-005 0.000941063 0.99806 9.99101E-005 9.99101E-005 9.99101E-005 9.99101E-005 9.99101E-005 9.99101E-005 9.99101E-005 9.99101E-005
0.00560798 9.9919E-005 9.9919E-005 0.971283 9.9919E-005 9.9919E-005 9.9919E-005 9.9919E-005 0.0222099 9.9919E-005 9.9919E-005 9.9919E-005
9.9919E-005 0.992462 9.9919E-005 9.9919E-005 9.9919E-005 0.000771623 9.9919E-005 9.9919E-005 9.9919E-005 9.9919E-005 9.9919E-005 0.00586748
9.9928E-005 9.9928E-005 9.9928E-005 0.976201 9.9928E-005 9.9928E-005 0.00354881 9.9928E-005 0.017679 9.9928E-005 9.9928E-005 0.00177225
9.99191E-005 9.99191E-005 0.0146138 9.99191E-005 9.99191E-005 0.0019238 9.99191E-005 0.982563 9.99191E-005 9.99191E-005 9.99191E-005 9.99191E-005
9.9928E-005 9.9928E-005 0.00357958 9.9928E-005 9.9928E-005 0.00098512 9.9928E-005 0.990482 9.9928E-005 9.9928E-005 9.9928E-005 0.00415387
0.000318562 0.0269675 0.0367899 0.00148652 0.0042697 0.000506938 9.9955E-005 0.929161 9.9955E-005 9.9955E-005 9.9955E-005 9.9955E-005
9.9928E-005 9.9928E-005 0.0127692 9.9928E-005 9.9928E-005 0.00127263 9.9928E-005 0.98497 9.9928E-005 9.9928E-005 0.00018884 9.9928E-005
9.9919E-005 0.0247636 0.00909613 9.9919E-005 9.9919E-005 9.9919E-005 9.9919E-005 0.965241 9.9919E-005 9.9919E-005 9.9919E-005 9.9919E-005
9.99281E-005 0.00729358 9.99281E-005 9.99281E-005 0.00198509 9.99281E-005 9.99281E-005 0.958026 9.99281E-005 9.99281E-005 9.99281E-005 0.0318957
9.99191E-005 9.99191E-005 9.99191E-005 9.99191E-005 9.99191E-005 0.00306794 9.99191E-005 0.994708 9.99191E-005 9.99191E-005 0.00132438 9.99191E-005
9.99101E-005 0.986756 9.99101E-005 9.99101E-005 9.99101E-005 9.99101E-005 9.99101E-005 9.99101E-005 9.99101E-005 9.99101E-005 9.99101E-005 0.0122452
9.99101E-005 0.980341 9.99101E-005 9.99101E-005 9.99101E-005 9.99101E-005 9.99101E-005 9.99101E-005 9.99101E-005 9.99101E-005 9.99101E-005 0.0186599
9.99011E-005 9.99011E-005 9.99011E-005 9.99011E-005 9.99011E-005 9.99011E-005 9.99011E-005 0.998901 9.99011E-005 9.99011E-005 9.99011E-005 9.99011E-005
9.9937E-005 9.9937E-005 9.9937E-005 0.00532243 0.00782834 9.9937E-005 9.9937E-005 0.00805283 9.9937E-005 0.977188 9.9937E-005 0.000908482
9.991E-005 9.991E-005 9.991E-005 9.991E-005 0.998613 9.991E-005 9.991E-005 9.991E-005 9.991E-005 0.000387952 9.991E-005 9.991E-005
9.99011E-005 9.99011E-005 9.99011E-005 9.99011E-005 0.998901 9.99011E-005 9.99011E-005 9.99011E-005 9.99011E-005 9.99011E-005 9.99011E-005 9.99011E-005
0.0495569 0.0303147 0.0349874 0.00801033 0.728771 0.0264103 9.9973E-005 0.0844314 9.9973E-005 9.9973E-005 0.0224021 0.0148156
9.991E-005 9.991E-005 9.991E-005 9.991E-005 0.976157 9.991E-005 9.991E-005 9.991E-005 9.991E-005 0.0228437 9.991E-005 9.991E-005
0.00605151 0.00453139 9.9937E-005 0.0108137 9.9937E-005 9.9937E-005 9.9937E-005 9.9937E-005 9.9937E-005 0.976921 9.9937E-005 0.000982612
9.99101E-005 9.99101E-005 9.99101E-005 0.000136194 9.99101E-005 9.99101E-005 9.99101E-005 9.99101E-005 9.99101E-005 0.998865 9.99101E-005 9.99101E-005
9.99101E-005 9.99101E-005 9.99101E-005 9.99101E-005 9.99101E-005 9.99101E-005 9.99101E-005 9.99101E-005 9.99101E-005 0.997263 9.99101E-005 0.00173799
9.991E-005 9.991E-005 9.991E-005 9.991E-005 0.964338 9.991E-005 9.991E-005 9.991E-005 9.991E-005 0.0346627 9.991E-005 9.991E-005
9.99101E-005 0.984809 9.99101E-005 9.99101E-005 9.99101E-005 9.99101E-005 9.99101E-005 9.99101E-005 9.99101E-005 9.99101E-005 9.99101E-005 0.0141917
9.99191E-005 9.99191E-005 9.99191E-005 0.988741 9.99191E-005 9.99191E-005 9.99191E-005 9.99191E-005 0.00676129 9.99191E-005 9.99191E-005 0.00359848
9.99009E-005 9.99009E-005 9.99009E-005 9.99009E-005 9.99009E-005 9.99009E-005 9.99009E-005 9.99009E-005 9.99009E-005 9.99009E-005 9.99009E-005 0.998901
9.9919E-005 0.971924 9.9919E-005 9.9919E-005 9.9919E-005 9.9919E-005 9.9919E-005 0.00333543 9.9919E-005 9.9919E-005 9.9919E-005 0.0238415
9.9937E-005 0.969043 9.9937E-005 9.9937E-005 9.9937E-005 0.00517506 9.9937E-005 0.00707011 9.9937E-005 9.9937E-005 0.000962792 0.0170491
9.99191E-005 9.99191E-005 9.99191E-005 0.984813 0.00450506 9.99191E-005 9.99191E-005 9.99191E-005 9.99191E-005 9.99191E-005 9.99191E-005 0.00978304
0.998158 9.99101E-005 9.99101E-005 9.99101E-005 9.99101E-005 9.99101E-005 9.99101E-005 9.99101E-005 9.99101E-005 9.99101E-005 9.99101E-005 0.000842701
9.9955E-005 0.141888 0.138573 9.9955E-005 9.9955E-005 0.0379523 9.9955E-005 0.639915 0.00422709 0.00071132 0.0362331 9.9955E-005
9.99011E-005 0.998901 9.99011E-005 9.99011E-005 9.99011E-005 9.99011E-005 9.99011E-005 9.99011E-005 9.99011E-005 9.99011E-005 9.99011E-005 9.99011E-005
9.99011E-005 0.998901 9.99011E-005 9.99011E-005 9.99011E-005 9.99011E-005 9.99011E-005 9.99011E-005 9.99011E-005 9.99011E-005 9.99011E-005 9.99011E-005
9.99011E-005 0.998901 9.99011E-005 9.99011E-005 9.99011E-005 9.99011E-005 9.99011E-005 9.99011E-005 9.99011E-005 9.99011E-005 9.99011E-005 9.99011E-005
0.000991554 0.980514 9.99281E-005 9.99281E-005 9.99281E-005 9.99281E-005 0.000887345 9.99281E-005 9.99281E-005 9.99281E-005 9.99281E-005 0.0168077
9.99011E-005 0.998901 9.99011E-005 9.99011E-005 9.99011E-005 9.99011E-005 9.99011E-005 9.99011E-005 9.99011E-005 9.99011E-005 9.99011E-005 9.99011E-005
9.99101E-005 0.996928 9.99101E-005 9.99101E-005 9.99101E-005 9.99101E-005 9.99101E-005 9.99101E-005 9.99101E-005 9.99101E-005 9.99101E-005 0.00207326
