0.667102 0.0917861 0.00466726 0.00921269 0.220451 0.00678131
0.658149 0.110693 0.00866673 0.00447139 0.213656 0.00436457
9.9973E-005 0.00175628 0.00612239 9.9973E-005 0.991821 9.9973E-005
9.996E-005 9.996E-005 9.996E-005 9.996E-005 0.9995 9.996E-005
9.9982E-005 9.9982E-005 0.00291604 0.00236037 0.993129 0.0013943
9.996E-005 9.996E-005 9.996E-005 9.996E-005 0.9995 9.996E-005
9.996E-005 9.996E-005 9.996E-005 9.996E-005 0.9995 9.996E-005
9.996E-005 9.996E-005 9.996E-005 9.996E-005 0.9995 9.996E-005
9.9973E-005 0.00332146 0.990346 9.9973E-005 9.9973E-005 0.00603276
9.9973E-005 0.993077 0.00289898 9.9973E-005 9.9973E-005 0.00372419
9.9982E-005 0.994325 0.000779813 0.00221742 9.9982E-005 0.00247748
0.0319237 0.00776616 0.11467 0.790616 0.00299101 0.0520336
9.9964E-005 0.993912 9.9964E-005 0.00568791 9.9964E-005 9.9964E-005
9.9982E-005 0.996398 0.000733128 0.00223794 9.9982E-005 0.000431027
9.9973E-005 0.996673 9.9973E-005 0.0018301 9.9973E-005 0.00119662
9.9973E-005 0.995073 9.9973E-005 0.00155602 9.9973E-005 0.00307068
0.0158598 9.9991E-005 0.119345 0.791343 0.0230872 0.0502652
0.043496 0.0906979 0.00153987 9.9991E-005 0.863406 0.000760111
0.725711 0.0934997 0.00776206 0.00728037 0.15928 0.00646635
0.694901 0.105812 0.0123187 0.00135438 0.175896 0.00971768
0.706752 0.0875605 0.00790083 0.00188079 0.190899 0.00500656
0.716659 0.0860978 0.00156793 0.0100616 0.177986 0.00762769
0.70854 0.0996299 0.00482109 0.0086436 0.172348 0.00601731
0.723802 0.0863664 0.00588862 0.00390569 0.172355 0.00768205
0.714773 0.10531 0.00619276 0.00490003 0.162669 0.00615447
0.710582 0.0852067 0.00790676 0.00523367 0.183525 0.00754496
0.697142 0.0890206 0.00241188 0.00819348 0.196748 0.00648354
0.710788 0.0985097 0.0134801 0.00374592 0.161257 0.0122191
0.9995 9.996E-005 9.996E-005 9.996E-005 9.996E-005 9.996E-005
0.9995 9.996E-005 9.996E-005 9.996E-005 9.996E-005 9.996E-005
0.9995 9.996E-005 9.996E-005 9.996E-005 9.996E-005 9.996E-005
0.9995 9.996E-005 9.996E-005 9.996E-005 9.996E-005 9.996E-005
0.9995 9.996E-005 9.996E-005 9.996E-005 9.996E-005 9.996E-005
0.0335094 0.0668976 9.9982E-005 0.00360926 0.895784 9.9982E-005
0.0315169 0.072721 0.00159693 0.00286328 0.891202 9.9991E-005
0.0312484 0.0633959 9.9991E-005 0.00464321 0.900278 0.000334236
0.0373512 0.0793362 0.00269339 0.00390998 0.876556 0.000152956
9.996E-005 9.996E-005 9.996E-005 0.9995 9.996E-005 9.996E-005
0.9995 9.996E-005 9.996E-005 9.996E-005 9.996E-005 9.996E-005
0.9995 9.996E-005 9.996E-005 9.996E-005 9.996E-005 9.996E-005
0.9995 9.996E-005 9.996E-005 9.996E-005 9.996E-005 9.996E-005
0.9995 9.996E-005 9.996E-005 9.996E-005 9.996E-005 9.996E-005
0.00216082 0.00110356 0.993062 9.9982E-005 9.9982E-005 0.00347319
0.00794602 9.9982E-005 0.982421 0.00646544 9.9982E-005 0.00296788
0.000581904 9.9973E-005 0.9987 9.9973E-005 9.9973E-005 0.000417998
0.00534543 9.9973E-005 0.990403 9.9973E-005 0.0039517 9.9973E-005
9.9973E-005 0.000626488 0.99692 0.00215396 9.9973E-005 9.9973E-005
9.9964E-005 0.000411244 0.999189 9.9964E-005 9.9964E-005 9.9964E-005
9.99619E-005 9.99619E-005 0.9995 9.99619E-005 9.99619E-005 9.99619E-005
9.9973E-005 0.00204084 0.994478 0.0031811 9.9973E-005 9.9973E-005
9.9973E-005 0.977154 9.9973E-005 0.00029145 0.0222545 9.9973E-005
0.0037893 0.974404 9.9982E-005 9.9982E-005 0.0192204 0.00238617
9.9964E-005 0.981731 9.9964E-005 9.9964E-005 0.0178691 9.9964E-005
9.9973E-005 0.995301 9.9973E-005 0.00349473 9.9973E-005 0.000904079
9.9982E-005 0.987719 0.000759032 0.00649611 9.9982E-005 0.00482636
9.996E-005 0.9995 9.996E-005 9.996E-005 9.996E-005 9.996E-005
9.9964E-005 9.9964E-005 9.9964E-005 9.9964E-005 0.000358824 0.999241
9.996E-005 9.996E-005 0.9995 9.996E-005 9.996E-005 9.996E-005
0.000962469 0.0052806 0.000951922 9.9991E-005 0.000898411 0.991807
9.996E-005 9.996E-005 0.9995 9.996E-005 9.996E-005 9.996E-005
9.996E-005 9.996E-005 0.9995 9.996E-005 9.996E-005 9.996E-005
0.0113439 9.9982E-005 0.00197779 9.9982E-005 0.982297 0.00418098
9.996E-005 9.996E-005 9.996E-005 9.996E-005 0.9995 9.996E-005
9.996E-005 9.996E-005 9.996E-005 9.996E-005 0.9995 9.996E-005
9.9982E-005 0.0121485 0.00334584 9.9982E-005 0.981264 0.00304169
9.99748E-005 9.99748E-005 0.00181312 0.00251025 0.995377 9.99748E-005
9.996E-005 9.996E-005 9.996E-005 9.996E-005 0.9995 9.996E-005
9.996E-005 9.996E-005 0.9995 9.996E-005 9.996E-005 9.996E-005
0.00823839 9.9973E-005 0.980428 9.9973E-005 9.9973E-005 0.0110335
9.996E-005 9.996E-005 0.9995 9.996E-005 9.996E-005 9.996E-005
0.00239305 9.9964E-005 0.997207 9.9964E-005 9.9964E-005 9.9964E-005
0.00134295 9.9964E-005 0.998257 9.9964E-005 9.9964E-005 9.9964E-005
9.996E-005 9.996E-005 0.9995 9.996E-005 9.996E-005 9.996E-005
9.9964E-005 9.9964E-005 0.99035 0.00924996 9.9964E-005 9.9964E-005
9.9982E-005 9.9982E-005 0.977104 0.0155834 0.00587098 0.00124138
0.00195149 0.0032964 0.979357 0.0103477 9.9991E-005 0.00494698
0.0026126 9.9964E-005 0.996988 9.9964E-005 9.9964E-005 9.9964E-005
9.9964E-005 9.9964E-005 0.980709 0.0188913 9.9964E-005 9.9964E-005
9.9973E-005 0.00379794 0.983867 0.0120356 9.9973E-005 9.9973E-005
0.00268698 0.000392467 0.982638 0.00238013 9.9991E-005 0.0118023
0.000238073 9.9982E-005 0.987166 0.010128 9.9982E-005 0.00226841
9.9973E-005 0.00411626 9.9973E-005 0.00238407 0.9932 9.9973E-005
0.041185 0.0988047 9.9982E-005 0.00345339 0.856357 9.9982E-005
0.0323183 0.0840492 0.00362682 9.9991E-005 0.879239 0.000666316
9.9964E-005 0.00110643 9.9964E-005 0.998494 9.9964E-005 9.9964E-005
9.996E-005 9.996E-005 9.996E-005 0.9995 9.996E-005 9.996E-005
0.0274737 0.0949564 0.00535121 0.00584399 0.866275 9.9991E-005
0.0843039 0.156183 0.0114285 9.9991E-005 0.738163 0.00982236
0.0972807 0.160143 0.0749126 0.0342593 0.561419 0.0719849
0.863675 0.0232691 0.00167841 0.000267212 0.10609 0.0050203
0.851158 0.0274264 0.0036557 9.9991E-005 0.114787 0.00287283
9.996E-005 9.996E-005 9.996E-005 0.9995 9.996E-005 9.996E-005
9.996E-005 9.996E-005 9.996E-005 0.9995 9.996E-005 9.996E-005
0.851677 0.0235426 0.0037699 0.00304797 0.117614 0.000348704
0.0782782 0.144777 0.000175374 0.00368606 0.770563 0.00252098
9.996E-005 9.996E-005 9.996E-005 0.9995 9.996E-005 9.996E-005
0.867287 0.0202836 0.0067804 9.9982E-005 0.105449 9.9982E-005
0.047511 0.107749 0.0104587 0.0032025 0.82606 0.00501817
0.0297101 0.0931693 0.000584983 9.9991E-005 0.876011 0.000424356
0.0904529 0.161391 0.0347975 0.019503 0.648662 0.0451941
0.488193 0.141771 0.0160959 0.00324631 0.339764 0.0109299
0.0374062 0.095209 0.00498718 0.00363211 0.858666 9.9991E-005
0.0427157 0.103081 0.000949281 0.00476274 0.848391 9.9991E-005
0.045898 0.0858658 9.9991E-005 0.00718807 0.859602 0.00134628
0.000749307 9.9973E-005 9.9973E-005 0.994681 9.9973E-005 0.00426929
0.0463119 0.0848572 0.00174836 0.00292789 0.864055 9.9991E-005
9.996E-005 9.996E-005 9.996E-005 0.9995 9.996E-005 9.996E-005
0.0294386 0.0737937 9.9982E-005 0.000563449 0.896004 9.9982E-005
9.996E-005 9.996E-005 9.996E-005 0.9995 9.996E-005 9.996E-005
0.9995 9.996E-005 9.996E-005 9.996E-005 9.996E-005 9.996E-005
0.0388215 0.0683297 0.00354638 0.00157145 0.887631 9.99953E-005
0.9995 9.996E-005 9.996E-005 9.996E-005 9.996E-005 9.996E-005
0.0351713 0.0774401 0.00225532 0.00450637 0.879657 0.000970345
0.0427226 0.0726632 0.00423065 9.9991E-005 0.8799 0.000383526
0.0323627 0.0652024 0.00422223 9.9982E-005 0.898013 9.9982E-005
0.0324349 0.0786742 0.00224197 9.9991E-005 0.885239 0.0013104
9.996E-005 9.996E-005 9.996E-005 0.9995 9.996E-005 9.996E-005
9.996E-005 9.996E-005 9.996E-005 9.996E-005 0.9995 9.996E-005
9.996E-005 9.996E-005 9.996E-005 9.996E-005 0.9995 9.996E-005
9.9964E-005 9.9964E-005 9.9964E-005 0.00138886 0.998211 9.9964E-005
9.9964E-005 0.998157 0.00144268 9.9964E-005 9.9964E-005 9.9964E-005
9.9991E-005 0.00460494 0.00656353 0.978161 0.00905103 0.00151972
0.00151092 0.970479 9.9973E-005 9.9973E-005 0.0277097 9.9973E-005
9.996E-005 0.9995 9.996E-005 9.996E-005 9.996E-005 9.996E-005
0.00474294 0.962955 9.9982E-005 0.00149481 0.0306076 9.9982E-005
9.996E-005 0.9995 9.996E-005 9.996E-005 9.996E-005 9.996E-005
9.996E-005 0.9995 9.996E-005 9.996E-005 9.996E-005 9.996E-005
0.9995 9.996E-005 9.996E-005 9.996E-005 9.996E-005 9.996E-005
0.9995 9.996E-005 9.996E-005 9.996E-005 9.996E-005 9.996E-005
0.9995 9.996E-005 9.996E-005 9.996E-005 9.996E-005 9.996E-005
0.9995 9.996E-005 9.996E-005 9.996E-005 9.996E-005 9.996E-005
0.0205982 0.944999 9.9982E-005 0.0290789 0.00512418 9.9982E-005
0.9995 9.996E-005 9.996E-005 9.996E-005 9.996E-005 9.996E-005
9.996E-005 0.9995 9.996E-005 9.996E-005 9.996E-005 9.996E-005
0.00162336 0.982534 9.9973E-005 9.9973E-005 0.0155427 9.9973E-005
9.9964E-005 0.972908 9.9964E-005 9.9964E-005 0.0266922 9.9964E-005
9.9973E-005 0.986205 0.000421089 9.9973E-005 0.0130737 9.9973E-005
9.9973E-005 0.975919 9.9973E-005 9.9973E-005 0.0229352 0.00084592
0.00386288 0.992233 0.000436874 9.9982E-005 9.9982E-005 0.00326752
9.9982E-005 0.980565 0.00293639 9.9982E-005 0.0160765 0.000222442
9.9973E-005 0.968342 0.000681247 9.9973E-005 0.0306764 9.9973E-005
0.00446569 0.973676 0.000203155 9.9991E-005 0.020216 0.00133872
9.9973E-005 0.977245 9.9973E-005 9.9973E-005 0.0222866 0.00016804
0.0055369 0.991679 0.000211224 9.9982E-005 9.9982E-005 0.00237317
0.00445987 0.995014 9.9973E-005 9.9973E-005 9.9973E-005 0.000226593
0.00966485 0.974088 0.000370588 9.9982E-005 0.015677 9.9982E-005
9.9982E-005 0.972248 0.00276921 9.9982E-005 0.0239529 0.000830201
0.00400715 0.988891 9.9973E-005 9.9973E-005 0.00680149 9.9973E-005
9.9991E-005 0.948223 0.0105072 0.00622 0.0238109 0.0111388
9.9973E-005 9.9973E-005 0.993656 0.00586093 0.000183426 9.9973E-005
9.9973E-005 0.000204644 0.997065 9.9973E-005 0.00243087 9.9973E-005
0.00134047 0.00195548 0.996404 9.9973E-005 9.9973E-005 9.9973E-005
0.00787236 0.97157 0.00319993 0.00277605 0.0081494 0.00643253
0.47537 0.155991 0.0336406 0.0192452 0.288781 0.0269716
9.9964E-005 9.9964E-005 0.00120194 9.9964E-005 9.9964E-005 0.998398
0.000499793 9.9973E-005 9.9973E-005 9.9973E-005 0.000461644 0.998739
9.996E-005 9.996E-005 9.996E-005 9.996E-005 9.996E-005 0.9995
9.9973E-005 9.9973E-005 0.00686485 0.00340927 9.9973E-005 0.989426
9.996E-005 9.996E-005 9.996E-005 9.996E-005 9.996E-005 0.9995
9.996E-005 9.996E-005 9.996E-005 9.996E-005 9.996E-005 0.9995
9.9982E-005 9.9982E-005 0.916523 0.0651809 0.00465899 0.0134375
9.9964E-005 9.9964E-005 9.9964E-005 0.00102249 9.9964E-005 0.998578
9.996E-005 9.996E-005 0.9995 9.996E-005 9.996E-005 9.996E-005
0.00671492 0.0059348 0.00590174 0.00123507 0.00202185 0.978192
9.9964E-005 9.9964E-005 0.0065719 9.9964E-005 9.9964E-005 0.993028
9.996E-005 9.996E-005 9.996E-005 9.996E-005 9.996E-005 0.9995
9.9973E-005 0.00192279 9.9973E-005 0.000974936 9.9973E-005 0.996802
0.0109381 0.959007 9.9991E-005 0.00120288 0.027639 0.00111298
9.996E-005 9.996E-005 9.996E-005 9.996E-005 9.996E-005 0.9995
9.9964E-005 9.9964E-005 0.995406 9.9964E-005 9.9964E-005 0.00419366
9.9982E-005 0.9839 0.00575324 9.9982E-005 0.00852491 0.00162177
9.996E-005 9.996E-005 9.996E-005 9.996E-005 0.9995 9.996E-005
0.0026255 0.00255339 0.00103997 9.9982E-005 9.9982E-005 0.993581
9.996E-005 9.996E-005 9.996E-005 0.9995 9.996E-005 9.996E-005
9.9973E-005 9.9973E-005 9.9973E-005 0.99882 0.000548312 0.000331795
9.996E-005 9.996E-005 9.996E-005 9.996E-005 0.9995 9.996E-005
9.996E-005 9.996E-005 9.996E-005 0.9995 9.996E-005 9.996E-005
9.9964E-005 0.987957 9.9964E-005 9.9964E-005 0.0116427 9.9964E-005
9.9964E-005 0.990598 9.9964E-005 9.9964E-005 0.00900219 9.9964E-005
9.9991E-005 0.9405 0.00203653 0.00318471 0.0515768 0.00260189
0.0084477 0.991152 9.9964E-005 9.9964E-005 9.9964E-005 9.9964E-005
9.9964E-005 0.968613 9.9964E-005 9.9964E-005 0.030987 9.9964E-005
0.000192477 0.973982 0.0104756 0.000833761 0.0102957 0.00422052
0.00392277 0.995677 9.9964E-005 9.9964E-005 9.9964E-005 9.9964E-005
9.996E-005 9.996E-005 9.996E-005 9.996E-005 0.9995 9.996E-005
9.9964E-005 9.9964E-005 0.00012776 9.9964E-005 0.999472 9.9964E-005
9.996E-005 0.9995 9.996E-005 9.996E-005 9.996E-005 9.996E-005
9.9964E-005 0.00346671 0.996133 9.9964E-005 9.9964E-005 9.9964E-005
0.0016222 0.00420489 0.909086 0.0554498 0.00903859 0.0205987
0.000473319 0.0172922 0.903997 0.069341 9.9991E-005 0.0087964
0.0403399 0.104473 0.592898 0.0965119 0.0949125 0.0708643
0.00376901 9.9982E-005 0.923251 0.0623916 9.9982E-005 0.0103884
9.9982E-005 0.00653882 0.986015 9.9982E-005 0.0059525 0.00129383
9.996E-005 9.996E-005 0.9995 9.996E-005 9.996E-005 9.996E-005
9.996E-005 9.996E-005 0.9995 9.996E-005 9.996E-005 9.996E-005
0.00698706 9.9982E-005 0.918827 0.0592348 9.9982E-005 0.0147517
9.996E-005 9.996E-005 9.996E-005 9.996E-005 0.9995 9.996E-005
9.996E-005 9.996E-005 9.996E-005 0.9995 9.996E-005 9.996E-005
0.0645064 0.114696 0.0838297 0.036426 0.621283 0.0792594
9.996E-005 9.996E-005 9.996E-005 9.996E-005 0.9995 9.996E-005
9.9964E-005 9.9964E-005 9.9964E-005 0.0003867 0.999213 9.9964E-005
9.9964E-005 0.00103295 9.9964E-005 0.998567 9.9964E-005 9.9964E-005
0.000981314 9.9973E-005 9.9973E-005 0.00107413 9.9973E-005 0.997645
0.0547665 0.660892 0.000857915 0.00179268 0.281468 0.000223018
9.996E-005 9.996E-005 9.996E-005 9.996E-005 0.9995 9.996E-005
9.996E-005 9.996E-005 9.996E-005 9.996E-005 0.9995 9.996E-005
9.996E-005 9.996E-005 9.996E-005 9.996E-005 0.9995 9.996E-005
9.9964E-005 9.9964E-005 9.9964E-005 9.9964E-005 0.998441 0.00115935
9.996E-005 9.996E-005 9.996E-005 9.996E-005 0.9995 9.996E-005
9.996E-005 9.996E-005 9.996E-005 9.996E-005 0.9995 9.996E-005
