0.0472244 0.0179406 0.0203962 0.000950504 9.9982E-005 9.9982E-005 0.911298 0.00199048
0.0506367 0.0215239 0.0246098 0.00227967 0.000312345 0.001456 0.899082 9.9991E-005
0.982836 0.01001 9.9973E-005 0.00203631 9.9973E-005 0.002417 9.9973E-005 0.0024004
0.992056 0.0068549 9.9964E-005 0.000499471 0.000190035 9.9964E-005 9.9964E-005 9.9964E-005
0.99228 9.9955E-005 9.9955E-005 9.9955E-005 0.00603027 0.00118975 9.9955E-005 9.9955E-005
0.9993 9.994E-005 9.994E-005 9.994E-005 9.994E-005 9.994E-005 9.994E-005 9.994E-005
0.9993 9.994E-005 9.994E-005 9.994E-005 9.994E-005 9.994E-005 9.994E-005 9.994E-005
0.9993 9.994E-005 9.994E-005 9.994E-005 9.994E-005 9.994E-005 9.994E-005 9.994E-005
0.000244174 9.9964E-005 0.00503757 9.9964E-005 0.985797 0.00852157 9.9964E-005 9.9964E-005
9.9973E-005 9.9973E-005 0.988579 9.9973E-005 0.0028053 0.00304877 0.00233959 0.00292772
9.9964E-005 9.9964E-005 0.993275 0.00359627 9.9964E-005 0.00237785 9.9964E-005 0.000351267
9.9982E-005 0.0214632 9.9982E-005 0.784657 0.0839027 0.0529809 0.0165124 0.0402834
9.9955E-005 9.9955E-005 0.992891 0.00384446 9.9955E-005 0.00276494 9.9955E-005 9.9955E-005
9.9955E-005 9.9955E-005 0.993835 0.00273273 9.9955E-005 0.00293226 9.9955E-005 9.9955E-005
9.9946E-005 9.9946E-005 0.995111 0.00428915 9.9946E-005 9.9946E-005 9.9946E-005 9.9946E-005
9.9964E-005 9.9964E-005 0.994428 0.00218018 0.0021752 0.000816317 9.9964E-005 9.9964E-005
0.0181423 0.0169204 9.9991E-005 0.790689 0.0887883 0.0453326 0.00950198 0.030526
0.843811 0.0248639 0.0881394 9.9964E-005 9.9964E-005 9.9964E-005 0.0427859 9.9964E-005
9.994E-005 9.994E-005 9.994E-005 9.994E-005 9.994E-005 9.994E-005 0.9993 9.994E-005
9.9955E-005 9.9955E-005 0.00813167 9.9955E-005 9.9955E-005 0.00037879 0.99099 9.9955E-005
9.994E-005 9.994E-005 9.994E-005 9.994E-005 9.994E-005 9.994E-005 0.9993 9.994E-005
9.994E-005 9.994E-005 9.994E-005 9.994E-005 9.994E-005 9.994E-005 0.9993 9.994E-005
9.9955E-005 9.9955E-005 9.9955E-005 0.00117109 0.00175962 9.9955E-005 0.99657 9.9955E-005
9.994E-005 9.994E-005 9.994E-005 9.994E-005 9.994E-005 9.994E-005 0.9993 9.994E-005
9.994E-005 9.994E-005 9.994E-005 9.994E-005 9.994E-005 9.994E-005 0.9993 9.994E-005
9.994E-005 9.994E-005 9.994E-005 9.994E-005 9.994E-005 9.994E-005 0.9993 9.994E-005
9.994E-005 9.994E-005 9.994E-005 9.994E-005 9.994E-005 9.994E-005 0.9993 9.994E-005
9.9946E-005 9.9946E-005 9.9946E-005 9.9946E-005 0.00110867 9.9946E-005 0.998292 9.9946E-005
0.0016707 0.977508 0.000454732 0.00116706 9.9982E-005 0.000396701 0.018603 9.9982E-005
0.0165752 0.98115 9.9955E-005 9.9955E-005 9.9955E-005 9.9955E-005 0.00177529 9.9955E-005
9.994E-005 0.9993 9.994E-005 9.994E-005 9.994E-005 9.994E-005 9.994E-005 9.994E-005
9.994E-005 0.9993 9.994E-005 9.994E-005 9.994E-005 9.994E-005 9.994E-005 9.994E-005
9.994E-005 0.9993 9.994E-005 9.994E-005 9.994E-005 9.994E-005 9.994E-005 9.994E-005
0.866851 0.0231508 0.0716916 9.9964E-005 9.9964E-005 9.9964E-005 0.0379072 9.9964E-005
0.865173 0.0175715 0.0783571 0.00375491 9.9973E-005 9.9973E-005 0.0348435 9.9973E-005
0.877377 0.0173221 0.0730606 9.9982E-005 9.9982E-005 0.000709123 0.0310442 0.000287017
0.851032 0.0220533 0.086332 0.0026148 9.9973E-005 9.9973E-005 0.0376684 9.9973E-005
9.994E-005 9.994E-005 9.994E-005 0.9993 9.994E-005 9.994E-005 9.994E-005 9.994E-005
9.9946E-005 0.99874 0.000660559 9.9946E-005 9.9946E-005 9.9946E-005 9.9946E-005 9.9946E-005
9.9946E-005 0.996966 9.9946E-005 9.9946E-005 9.9946E-005 0.00243432 9.9946E-005 9.9946E-005
9.9955E-005 0.997278 9.9955E-005 0.00140074 9.9955E-005 0.000821802 9.9955E-005 9.9955E-005
9.9955E-005 0.996591 9.9955E-005 9.9955E-005 9.9955E-005 0.000105513 9.9955E-005 0.00280382
9.9955E-005 9.9955E-005 9.9955E-005 9.9955E-005 0.993543 0.00488321 0.001074 9.9955E-005
9.9982E-005 0.00364305 9.9982E-005 0.0107307 0.927995 0.000494889 0.00382022 0.0531166
9.9955E-005 9.9955E-005 9.9955E-005 9.9955E-005 0.997354 0.0016888 0.000457365 9.9955E-005
0.0121505 9.9964E-005 9.9964E-005 0.000576946 0.982206 9.9964E-005 9.9964E-005 0.00466657
0.00145615 9.9982E-005 0.00211343 0.00211045 0.98861 0.00350035 9.9982E-005 0.00200997
9.9955E-005 0.0039252 9.9955E-005 9.9955E-005 0.991264 9.9955E-005 9.9955E-005 0.00431122
9.9964E-005 9.9964E-005 9.9964E-005 0.00171167 0.995982 0.00169605 9.9964E-005 0.000210498
9.9964E-005 9.9964E-005 0.0026578 0.00632246 0.979795 9.9964E-005 9.9964E-005 0.0108245
9.9955E-005 9.9955E-005 0.995902 9.9955E-005 0.00315563 9.9955E-005 9.9955E-005 0.000442773
0.0228701 0.00949041 0.952432 9.9991E-005 0.000277375 0.00321932 0.0104282 0.00118282
0.0434611 0.00348988 0.946367 9.9973E-005 9.9973E-005 9.9973E-005 0.00596745 0.000414717
9.994E-005 9.994E-005 0.9993 9.994E-005 9.994E-005 9.994E-005 9.994E-005 9.994E-005
9.9973E-005 9.9973E-005 0.989687 0.00304135 0.00315041 0.00338188 9.9973E-005 0.000439646
9.994E-005 9.994E-005 0.9993 9.994E-005 9.994E-005 9.994E-005 9.994E-005 9.994E-005
9.994E-005 9.994E-005 9.994E-005 9.994E-005 9.994E-005 0.9993 9.994E-005 9.994E-005
9.994E-005 9.994E-005 9.994E-005 9.994E-005 0.9993 9.994E-005 9.994E-005 9.994E-005
0.0043865 9.9955E-005 0.00347602 9.9955E-005 9.9955E-005 0.991638 9.9955E-005 9.9955E-005
9.994E-005 9.994E-005 9.994E-005 9.994E-005 0.9993 9.994E-005 9.994E-005 9.994E-005
9.994E-005 9.994E-005 9.994E-005 9.994E-005 0.9993 9.994E-005 9.994E-005 9.994E-005
0.984374 0.0129548 9.9955E-005 9.9955E-005 0.00217118 9.9955E-005 9.9955E-005 9.9955E-005
0.9993 9.994E-005 9.994E-005 9.994E-005 9.994E-005 9.994E-005 9.994E-005 9.994E-005
0.9993 9.994E-005 9.994E-005 9.994E-005 9.994E-005 9.994E-005 9.994E-005 9.994E-005
0.991705 0.000442214 9.9964E-005 9.9964E-005 0.00444315 0.00300947 9.9964E-005 9.9964E-005
0.995407 9.9964E-005 9.9964E-005 9.9964E-005 0.00094271 0.00165757 9.9964E-005 0.00159251
0.9993 9.994E-005 9.994E-005 9.994E-005 9.994E-005 9.994E-005 9.994E-005 9.994E-005
9.9955E-005 0.00281587 0.000502164 9.9955E-005 0.996182 9.9955E-005 9.9955E-005 9.9955E-005
9.9973E-005 9.9973E-005 9.9973E-005 0.00476861 0.935256 0.00726401 0.00567355 0.0467379
9.994E-005 9.994E-005 9.994E-005 9.994E-005 0.9993 9.994E-005 9.994E-005 9.994E-005
9.9955E-005 9.9955E-005 9.9955E-005 9.9955E-005 0.994728 0.0024704 0.00230173 9.9955E-005
9.9946E-005 9.9946E-005 9.9946E-005 9.9946E-005 0.998577 9.9946E-005 0.000823077 9.9946E-005
9.9946E-005 9.9946E-005 9.9946E-005 9.9946E-005 0.995393 9.9946E-005 9.9946E-005 0.00400722
9.9955E-005 9.9955E-005 9.9955E-005 0.00560085 0.92109 9.9955E-005 9.9955E-005 0.0728097
9.9964E-005 9.9964E-005 9.9964E-005 0.0163013 0.900292 9.9964E-005 0.0043669 0.07864
9.9982E-005 0.00048397 9.9982E-005 0.00619037 0.932652 0.000361212 0.00188727 0.0582247
9.9946E-005 9.9946E-005 9.9946E-005 9.9946E-005 0.989715 9.9946E-005 0.00968541 9.9946E-005
9.99653E-005 9.99653E-005 9.99653E-005 0.0152182 0.904113 9.99653E-005 0.00157516 0.0786943
9.9964E-005 9.9964E-005 0.00125633 0.00721671 0.90361 9.9964E-005 9.9964E-005 0.0875169
9.9973E-005 0.00532152 9.9973E-005 0.00574619 0.925629 0.0111254 9.9973E-005 0.0518781
0.00192098 9.9982E-005 9.9982E-005 0.000709483 0.9221 0.000980348 0.00195144 0.0721373
0.98186 0.00241034 0.0138732 0.000748996 9.9973E-005 9.9973E-005 0.000807742 9.9973E-005
0.828464 0.0318882 0.101442 0.00246763 9.9973E-005 9.9973E-005 0.0354385 9.9973E-005
0.859262 0.0164772 0.0828522 0.00258946 0.00420683 9.9982E-005 0.0344123 9.9982E-005
9.9955E-005 9.9955E-005 0.00118573 0.991779 9.9955E-005 9.9955E-005 9.9955E-005 0.00653533
9.994E-005 9.994E-005 9.994E-005 0.9993 9.994E-005 9.994E-005 9.994E-005 9.994E-005
0.834187 0.0236462 0.106472 9.9991E-005 0.00369613 0.000692203 0.0289051 0.00230075
0.720629 0.0461671 0.162547 0.00338913 0.00571122 0.00747659 0.0537297 0.000350615
0.540769 0.0679488 0.169016 0.0369189 0.0660766 0.0695693 0.0448641 0.00483767
0.122685 0.751605 0.0198679 0.000674322 0.00448633 9.9991E-005 0.096481 0.00410025
0.108697 0.742396 0.0348803 0.000455428 0.00103942 0.0013257 0.110973 0.000232437
9.994E-005 9.994E-005 9.994E-005 0.9993 9.994E-005 9.994E-005 9.994E-005 9.994E-005
9.994E-005 9.994E-005 9.994E-005 0.9993 9.994E-005 9.994E-005 9.994E-005 9.994E-005
0.108389 0.746728 0.0299465 9.9991E-005 0.00376023 0.00301467 0.105759 0.00230289
0.734597 0.0483788 0.156688 0.00476289 9.9982E-005 0.000622567 0.0547509 9.9982E-005
9.994E-005 9.994E-005 9.994E-005 0.9993 9.994E-005 9.994E-005 9.994E-005 9.994E-005
0.110684 0.748092 0.0330105 9.9982E-005 9.9982E-005 0.00315605 0.100395 0.00446155
0.805146 0.0373609 0.104128 0.00450066 0.0069587 0.00486614 0.0369389 9.9991E-005
0.838786 0.0212821 0.100714 0.000605174 9.9973E-005 9.9973E-005 0.038313 9.9973E-005
0.629114 0.0426328 0.176198 0.00931986 0.0313341 0.0418435 0.0526072 0.016951
0.27974 0.278099 0.125844 9.9982E-005 0.0145033 0.00897368 0.29264 9.9982E-005
0.835928 0.030924 0.0928521 0.000684859 0.00223798 9.9982E-005 0.037173 9.9982E-005
0.817608 0.0296329 0.109513 0.00380166 0.00162057 9.9982E-005 0.0376244 9.9982E-005
0.844858 0.0212033 0.0917815 0.00258534 0.0071701 0.00233094 0.0299713 9.9991E-005
9.9955E-005 0.00567988 9.9955E-005 0.987035 9.9955E-005 0.00678578 9.9955E-005 9.9955E-005
0.843628 0.0348694 0.0826002 0.00235128 0.00213184 9.9982E-005 0.0342197 9.9982E-005
9.994E-005 9.994E-005 9.994E-005 0.9993 9.994E-005 9.994E-005 9.994E-005 9.994E-005
0.858916 0.0239816 0.0838443 9.9964E-005 9.9964E-005 9.9964E-005 0.0328588 9.9964E-005
9.9946E-005 9.9946E-005 9.9946E-005 0.998975 9.9946E-005 9.9946E-005 9.9946E-005 0.000425812
9.994E-005 0.9993 9.994E-005 9.994E-005 9.994E-005 9.994E-005 9.994E-005 9.994E-005
0.856374 0.019688 0.0837895 0.000306911 0.00269114 9.9982E-005 0.0369503 9.9982E-005
0.0249019 0.936131 0.015176 9.9964E-005 9.9964E-005 9.9964E-005 0.0233909 9.9964E-005
0.849791 0.0216207 0.0821694 0.000154825 0.0047982 0.0017362 0.0396293 9.9991E-005
0.836756 0.0236197 0.0800694 9.9982E-005 9.9982E-005 0.0043724 0.050522 0.00446041
0.868852 0.0205189 0.0697463 9.9973E-005 0.00226534 9.9973E-005 0.0383173 9.9973E-005
0.872919 0.0191386 0.0757004 0.00015231 0.0010241 9.9982E-005 0.0308652 9.9982E-005
9.994E-005 9.994E-005 9.994E-005 0.9993 9.994E-005 9.994E-005 9.994E-005 9.994E-005
0.9993 9.994E-005 9.994E-005 9.994E-005 9.994E-005 9.994E-005 9.994E-005 9.994E-005
0.999212 9.9946E-005 9.9946E-005 9.9946E-005 9.9946E-005 9.9946E-005 9.9946E-005 0.000188192
0.995671 0.00129957 9.9964E-005 0.000337118 9.9964E-005 0.00229247 9.9964E-005 9.9964E-005
9.99562E-005 9.99562E-005 0.998436 0.000885193 9.99562E-005 0.000179508 9.99562E-005 9.99562E-005
0.00274127 0.00251331 0.00380513 0.977283 9.9991E-005 0.00284122 0.002922 0.0077942
0.0239481 0.00232512 0.973227 9.9955E-005 9.9955E-005 9.9955E-005 9.9955E-005 9.9955E-005
9.9955E-005 0.00643293 0.99239 0.000677686 9.9955E-005 9.9955E-005 9.9955E-005 9.9955E-005
0.0137793 0.00228478 0.972853 9.9982E-005 9.9982E-005 0.000580363 0.00886992 0.00143286
9.994E-005 9.994E-005 0.9993 9.994E-005 9.994E-005 9.994E-005 9.994E-005 9.994E-005
0.00896601 0.00577708 0.984757 9.9955E-005 9.9955E-005 9.9955E-005 9.9955E-005 9.9955E-005
9.994E-005 0.9993 9.994E-005 9.994E-005 9.994E-005 9.994E-005 9.994E-005 9.994E-005
9.994E-005 0.9993 9.994E-005 9.994E-005 9.994E-005 9.994E-005 9.994E-005 9.994E-005
9.994E-005 0.9993 9.994E-005 9.994E-005 9.994E-005 9.994E-005 9.994E-005 9.994E-005
9.9946E-005 0.995013 9.9946E-005 9.9946E-005 9.9946E-005 9.9946E-005 9.9946E-005 0.00438692
9.9964E-005 0.0130571 0.948244 0.0336644 9.9964E-005 9.9964E-005 0.00463499 9.9964E-005
0.00880273 0.973819 0.0107736 9.9964E-005 9.9964E-005 9.9964E-005 0.00620488 9.9964E-005
9.994E-005 9.994E-005 0.9993 9.994E-005 9.994E-005 9.994E-005 9.994E-005 9.994E-005
0.0247689 9.9946E-005 0.974631 9.9946E-005 9.9946E-005 9.9946E-005 9.9946E-005 9.9946E-005
0.0277107 9.9955E-005 0.971614 0.000175227 9.9955E-005 9.9955E-005 9.9955E-005 9.9955E-005
0.0145737 0.000978616 0.983948 9.9955E-005 9.9955E-005 9.9955E-005 9.9955E-005 9.9955E-005
0.0296566 9.9955E-005 0.968896 0.000947501 9.9955E-005 9.9955E-005 9.9955E-005 9.9955E-005
9.9964E-005 0.00459316 0.984524 9.9964E-005 9.9964E-005 0.00164352 0.0088397 9.9964E-005
0.0245364 0.00306786 0.965557 0.000810711 9.9973E-005 9.9973E-005 0.0057276 9.9973E-005
0.0191768 0.000730512 0.979593 9.9955E-005 9.9955E-005 9.9955E-005 9.9955E-005 9.9955E-005
0.0237626 0.00684235 0.948447 9.9973E-005 9.9973E-005 9.9973E-005 0.0200812 0.000567487
0.0221386 0.0115635 0.962705 9.9982E-005 0.000948272 0.00202804 0.000416851 9.9982E-005
9.9973E-005 0.00223826 0.983048 9.9973E-005 0.00221348 0.000327731 0.011873 9.9973E-005
9.9964E-005 0.00490387 0.982905 9.9964E-005 9.9964E-005 9.9964E-005 0.0113725 0.000418395
0.0143021 0.00624048 0.978733 9.9964E-005 9.9964E-005 0.000324442 9.9964E-005 9.9964E-005
0.0370654 0.00355892 0.954453 9.9973E-005 9.9973E-005 9.9973E-005 0.00392369 0.000699478
0.00984422 0.000794395 0.982139 9.9964E-005 9.9964E-005 9.9964E-005 0.00682302 9.9964E-005
0.0248612 0.00488415 0.945789 9.9973E-005 9.9973E-005 0.0125571 9.9973E-005 0.0116084
0.000456865 9.9964E-005 9.9964E-005 0.016045 0.972836 9.9964E-005 9.9964E-005 0.0102619
0.00041248 0.00296534 0.000485765 0.00414045 0.989769 9.9982E-005 9.9982E-005 0.00202746
9.9955E-005 0.00219157 0.00307372 9.9955E-005 0.994235 9.9955E-005 9.9955E-005 9.9955E-005
9.9973E-005 0.0107632 0.977572 9.9973E-005 0.000790363 0.00556819 9.9973E-005 0.00500633
0.246429 0.264231 0.133699 0.0107766 0.0223144 0.0262078 0.285283 0.0110584
9.994E-005 9.994E-005 9.994E-005 9.994E-005 9.994E-005 0.9993 9.994E-005 9.994E-005
9.99603E-005 9.99603E-005 0.00289433 0.00420176 9.99603E-005 0.992404 9.99603E-005 9.99603E-005
9.994E-005 9.994E-005 9.994E-005 9.994E-005 9.994E-005 0.9993 9.994E-005 9.994E-005
9.9964E-005 9.9964E-005 9.9964E-005 0.00802008 0.00069144 0.989025 9.9964E-005 0.00186337
0.00329272 9.9946E-005 9.9946E-005 9.9946E-005 9.9946E-005 0.996108 9.9946E-005 9.9946E-005
9.994E-005 9.994E-005 9.994E-005 9.994E-005 9.994E-005 0.9993 9.994E-005 9.994E-005
9.9946E-005 9.9946E-005 9.9946E-005 9.9946E-005 0.0329684 9.9946E-005 9.9946E-005 0.966432
9.9946E-005 9.9946E-005 9.9946E-005 9.9946E-005 9.9946E-005 0.997402 0.00199833 9.9946E-005
9.994E-005 9.994E-005 9.994E-005 9.994E-005 0.9993 9.994E-005 9.994E-005 9.994E-005
0.003951 9.9973E-005 9.9973E-005 9.9973E-005 0.00459659 0.978595 0.0119361 0.000621759
9.9955E-005 9.9955E-005 9.9955E-005 0.00645949 0.000825543 0.992215 9.9955E-005 9.9955E-005
9.994E-005 9.994E-005 9.994E-005 9.994E-005 9.994E-005 0.9993 9.994E-005 9.994E-005
9.9955E-005 0.00126937 9.9955E-005 0.00493441 9.9955E-005 0.993296 9.9955E-005 9.9955E-005
0.0213319 0.00515076 0.962184 9.9973E-005 0.00192434 9.9973E-005 0.00910947 9.9973E-005
9.994E-005 9.994E-005 9.994E-005 9.994E-005 9.994E-005 0.9993 9.994E-005 9.994E-005
9.9946E-005 9.9946E-005 9.9946E-005 9.9946E-005 0.997377 0.00202373 9.9946E-005 9.9946E-005
0.00154752 0.00424854 0.986819 0.00698468 9.9964E-005 9.9964E-005 9.9964E-005 9.9964E-005
0.998219 9.9946E-005 9.9946E-005 9.9946E-005 9.9946E-005 9.9946E-005 9.9946E-005 0.0011818
9.9955E-005 9.9955E-005 0.00210363 9.9955E-005 0.00554657 0.99185 9.9955E-005 9.9955E-005
9.994E-005 9.994E-005 9.994E-005 0.9993 9.994E-005 9.994E-005 9.994E-005 9.994E-005
0.00435848 9.9964E-005 0.000417346 0.99299 9.9964E-005 0.00183429 9.9964E-005 9.9964E-005
0.9993 9.994E-005 9.994E-005 9.994E-005 9.994E-005 9.994E-005 9.994E-005 9.994E-005
9.99422E-005 9.99422E-005 9.99422E-005 0.9993 9.99422E-005 9.99422E-005 9.99422E-005 9.99422E-005
9.994E-005 9.994E-005 0.9993 9.994E-005 9.994E-005 9.994E-005 9.994E-005 9.994E-005
9.9952E-005 0.00108348 0.998317 9.9952E-005 9.9952E-005 9.9952E-005 9.9952E-005 9.9952E-005
0.0320507 0.00708196 0.952519 0.00198298 9.9991E-005 0.00213162 0.00301236 0.00112142
0.00249907 0.00506191 0.991524 9.9964E-005 9.9964E-005 9.9964E-005 0.000514908 9.9964E-005
0.024709 9.9955E-005 0.974503 9.9955E-005 9.9955E-005 9.9955E-005 0.000288658 9.9955E-005
0.0137677 9.99756E-005 0.970293 9.99756E-005 9.99756E-005 0.00670701 0.00455537 0.00437658
9.9946E-005 0.00662787 0.992772 9.9946E-005 9.9946E-005 9.9946E-005 9.9946E-005 9.9946E-005
0.9993 9.994E-005 9.994E-005 9.994E-005 9.994E-005 9.994E-005 9.994E-005 9.994E-005
0.9993 9.994E-005 9.994E-005 9.994E-005 9.994E-005 9.994E-005 9.994E-005 9.994E-005
9.994E-005 9.994E-005 0.9993 9.994E-005 9.994E-005 9.994E-005 9.994E-005 9.994E-005
0.0012168 9.9973E-005 0.00335923 0.002725 0.973942 9.9973E-005 9.9973E-005 0.018457
9.9946E-005 9.9946E-005 9.9946E-005 9.9946E-005 0.00504482 9.9946E-005 9.9946E-005 0.994356
9.994E-005 9.994E-005 9.994E-005 9.994E-005 9.994E-005 9.994E-005 9.994E-005 0.9993
0.0789213 0.0145237 0.0915052 0.00446283 9.9991E-005 0.0505968 0.0218164 0.738074
9.9946E-005 9.9946E-005 9.9946E-005 9.9946E-005 0.0197397 9.9946E-005 9.9946E-005 0.979661
0.00751669 9.9973E-005 0.00405505 0.00547973 0.979635 0.00301342 9.9973E-005 9.9973E-005
9.99496E-005 9.99496E-005 0.00178584 9.99496E-005 0.997614 9.99496E-005 9.99496E-005 9.99496E-005
9.994E-005 9.994E-005 9.994E-005 9.994E-005 0.9993 9.994E-005 9.994E-005 9.994E-005
9.9946E-005 9.9946E-005 9.9946E-005 9.9946E-005 0.0326007 9.9946E-005 9.9946E-005 0.9668
0.9993 9.994E-005 9.994E-005 9.994E-005 9.994E-005 9.994E-005 9.994E-005 9.994E-005
9.994E-005 9.994E-005 9.994E-005 0.9993 9.994E-005 9.994E-005 9.994E-005 9.994E-005
0.627586 0.0402666 0.0841 0.0334421 0.0815641 0.083248 0.0422043 0.00758841
0.9993 9.994E-005 9.994E-005 9.994E-005 9.994E-005 9.994E-005 9.994E-005 9.994E-005
0.9993 9.994E-005 9.994E-005 9.994E-005 9.994E-005 9.994E-005 9.994E-005 9.994E-005
9.9955E-005 9.9955E-005 0.00404148 0.994121 9.9955E-005 9.9955E-005 9.9955E-005 0.00133767
9.9946E-005 9.9946E-005 9.9946E-005 9.9946E-005 9.9946E-005 0.999042 9.9946E-005 0.000358738
0.272285 0.0425825 0.648189 0.00315848 9.9973E-005 9.9973E-005 0.0334848 9.9973E-005
0.9993 9.994E-005 9.994E-005 9.994E-005 9.994E-005 9.994E-005 9.994E-005 9.994E-005
0.9993 9.994E-005 9.994E-005 9.994E-005 9.994E-005 9.994E-005 9.994E-005 9.994E-005
0.9993 9.994E-005 9.994E-005 9.994E-005 9.994E-005 9.994E-005 9.994E-005 9.994E-005
0.998892 9.9946E-005 9.9946E-005 9.9946E-005 9.9946E-005 0.000508329 9.9946E-005 9.9946E-005
0.9993 9.994E-005 9.994E-005 9.994E-005 9.994E-005 9.994E-005 9.994E-005 9.994E-005
0.9993 9.994E-005 9.994E-005 9.994E-005 9.994E-005 9.994E-005 9.994E-005 9.994E-005
