0.0533967 9.9993E-005 0.901006 0.0157894 0.0288996 0.000424377 0.000383889
0.0433317 0.000812415 0.913419 0.0226998 0.0168457 0.00178141 0.00110964
0.986833 0.00248203 9.9973E-005 9.9973E-005 0.00763907 0.00274625 9.9973E-005
0.987506 9.9982E-005 9.9982E-005 0.00503709 0.00587342 0.000352058 0.00103195
0.994072 0.00130204 9.9982E-005 0.00229758 9.9982E-005 0.000826204 0.00130261
0.9994 9.995E-005 9.995E-005 9.995E-005 9.995E-005 9.995E-005 9.995E-005
0.9994 9.995E-005 9.995E-005 9.995E-005 9.995E-005 9.995E-005 9.995E-005
0.9994 9.995E-005 9.995E-005 9.995E-005 9.995E-005 9.995E-005 9.995E-005
0.000301287 0.995481 9.9964E-005 9.9964E-005 9.9964E-005 0.00381741 9.9964E-005
9.9973E-005 0.00450669 0.00046091 0.989893 9.9973E-005 0.00483962 9.9973E-005
9.9964E-005 0.00184512 9.9964E-005 0.993359 9.9964E-005 9.9964E-005 0.004396
9.9982E-005 0.118426 0.0134521 9.9982E-005 0.0248363 0.0532515 0.789834
9.99681E-005 9.99681E-005 9.99681E-005 0.992428 9.99681E-005 0.00369245 0.00348011
9.9964E-005 0.00153937 9.9964E-005 0.996644 9.9964E-005 0.00141668 9.9964E-005
9.9964E-005 9.9964E-005 9.9964E-005 0.995832 9.9964E-005 0.00202781 0.00173994
9.9973E-005 0.00304401 9.9973E-005 0.993142 9.9973E-005 0.00308355 0.000430309
0.00922769 0.125915 0.0123865 0.00363451 0.0161914 0.04779 0.784855
0.843231 0.00298093 0.0418956 0.0895743 0.0217515 0.000466449 9.9991E-005
9.995E-005 9.995E-005 0.9994 9.995E-005 9.995E-005 9.995E-005 9.995E-005
9.9964E-005 0.00185725 0.997164 9.9964E-005 9.9964E-005 0.000578727 9.9964E-005
9.995E-005 9.995E-005 0.9994 9.995E-005 9.995E-005 9.995E-005 9.995E-005
9.995E-005 9.995E-005 0.9994 9.995E-005 9.995E-005 9.995E-005 9.995E-005
9.99558E-005 9.99558E-005 0.998517 0.000983455 9.99558E-005 9.99558E-005 9.99558E-005
9.995E-005 9.995E-005 0.9994 9.995E-005 9.995E-005 9.995E-005 9.995E-005
9.995E-005 9.995E-005 0.9994 9.995E-005 9.995E-005 9.995E-005 9.995E-005
9.995E-005 9.995E-005 0.9994 9.995E-005 9.995E-005 9.995E-005 9.995E-005
9.995E-005 9.995E-005 0.9994 9.995E-005 9.995E-005 9.995E-005 9.995E-005
9.9964E-005 9.9964E-005 0.993442 9.9964E-005 9.9964E-005 0.00284867 0.00330949
9.9964E-005 9.9964E-005 0.0193059 9.9964E-005 0.979438 9.9964E-005 0.000856727
0.0252912 9.9964E-005 9.9964E-005 0.000603087 0.973706 9.9964E-005 9.9964E-005
9.995E-005 9.995E-005 9.995E-005 9.995E-005 0.9994 9.995E-005 9.995E-005
9.995E-005 9.995E-005 9.995E-005 9.995E-005 0.9994 9.995E-005 9.995E-005
9.995E-005 9.995E-005 9.995E-005 9.995E-005 0.9994 9.995E-005 9.995E-005
0.869476 9.9982E-005 0.0336725 0.0781527 0.016898 9.9982E-005 0.00160077
0.867986 9.9982E-005 0.0311597 0.0816633 0.0160846 9.9982E-005 0.00290692
0.866464 9.9982E-005 0.0379629 0.0820625 0.0130807 9.9982E-005 0.000230145
0.853916 9.9982E-005 0.0369791 0.0762988 0.0258084 9.9982E-005 0.00679772
9.995E-005 9.995E-005 9.995E-005 9.995E-005 9.995E-005 9.995E-005 0.9994
9.9955E-005 0.00207973 9.9955E-005 9.9955E-005 0.99742 9.9955E-005 9.9955E-005
9.9973E-005 0.000430568 9.9973E-005 0.0024043 0.99489 0.00197545 9.9973E-005
9.995E-005 9.995E-005 9.995E-005 9.995E-005 0.9994 9.995E-005 9.995E-005
9.9955E-005 9.9955E-005 9.9955E-005 9.9955E-005 0.998256 0.0012443 9.9955E-005
9.9955E-005 0.996699 9.9955E-005 9.9955E-005 9.9955E-005 0.00280152 9.9955E-005
9.999E-005 0.978164 0.00402885 0.000790221 0.005756 0.00218286 0.0089779
9.9955E-005 0.996395 0.00310551 9.9955E-005 9.9955E-005 9.9955E-005 9.9955E-005
0.00135475 0.989085 0.00448796 0.00477237 9.9973E-005 9.9973E-005 9.9973E-005
9.9964E-005 0.992505 0.00385774 0.00323783 9.9964E-005 9.9964E-005 9.9964E-005
9.9964E-005 0.996931 0.0016389 0.00103036 9.9964E-005 9.9964E-005 9.9964E-005
0.00136701 0.998133 9.9955E-005 9.9955E-005 9.9955E-005 9.9955E-005 9.9955E-005
9.9964E-005 0.996811 9.9964E-005 0.00181595 9.9964E-005 9.9964E-005 0.000973139
9.9955E-005 0.00444009 9.9955E-005 0.99506 9.9955E-005 9.9955E-005 9.9955E-005
0.0107931 9.9982E-005 0.011215 0.971935 0.00528085 0.000576368 9.9982E-005
0.0277052 9.9964E-005 0.00539243 0.966503 9.9964E-005 9.9964E-005 9.9964E-005
9.9955E-005 9.9955E-005 9.9955E-005 0.99742 9.9955E-005 9.9955E-005 0.00208009
9.9973E-005 0.00187119 9.9973E-005 0.98774 9.9973E-005 0.00769126 0.0023978
9.995E-005 9.995E-005 9.995E-005 0.9994 9.995E-005 9.995E-005 9.995E-005
9.995E-005 9.995E-005 9.995E-005 9.995E-005 9.995E-005 0.9994 9.995E-005
9.995E-005 0.9994 9.995E-005 9.995E-005 9.995E-005 9.995E-005 9.995E-005
9.9973E-005 0.00175672 9.9973E-005 9.9973E-005 0.00302356 0.992882 0.00203786
9.995E-005 0.9994 9.995E-005 9.995E-005 9.995E-005 9.995E-005 9.995E-005
9.9955E-005 0.998144 0.00135616 9.9955E-005 9.9955E-005 9.9955E-005 9.9955E-005
0.983753 0.00149589 9.9973E-005 9.9973E-005 0.0116777 0.00277358 9.9973E-005
0.9994 9.995E-005 9.995E-005 9.995E-005 9.995E-005 9.995E-005 9.995E-005
0.9994 9.995E-005 9.995E-005 9.995E-005 9.995E-005 9.995E-005 9.995E-005
0.99134 0.00341572 9.9982E-005 0.00295659 9.9982E-005 0.00163015 0.000457856
0.988019 0.000587227 9.9982E-005 9.9982E-005 0.00621431 0.00361783 0.00136205
0.9994 9.995E-005 9.995E-005 9.995E-005 9.995E-005 9.995E-005 9.995E-005
9.9955E-005 0.998261 0.00123893 9.9955E-005 9.9955E-005 9.9955E-005 9.9955E-005
9.9964E-005 0.98701 0.00612184 9.9964E-005 9.9964E-005 0.0064679 9.9964E-005
9.995E-005 0.9994 9.995E-005 9.995E-005 9.995E-005 9.995E-005 9.995E-005
9.995E-005 0.9994 9.995E-005 9.995E-005 9.995E-005 9.995E-005 9.995E-005
9.9964E-005 0.997758 0.00157027 9.9964E-005 9.9964E-005 0.000271922 9.9964E-005
9.995E-005 0.9994 9.995E-005 9.995E-005 9.995E-005 9.995E-005 9.995E-005
9.9955E-005 0.989433 9.9955E-005 9.9955E-005 9.9955E-005 9.9955E-005 0.0100671
0.00458151 0.97568 0.000720126 9.9982E-005 0.00301787 9.9982E-005 0.0158
0.00289734 0.984614 9.9991E-005 0.000263736 0.00283765 0.00173968 0.00754773
9.9955E-005 0.9948 0.00470032 9.9955E-005 9.9955E-005 9.9955E-005 9.9955E-005
9.9955E-005 0.982299 9.9955E-005 9.9955E-005 9.9955E-005 9.9955E-005 0.017201
9.9955E-005 0.987004 9.9955E-005 9.9955E-005 9.9955E-005 9.9955E-005 0.0124958
0.0044515 0.974007 9.9982E-005 9.9982E-005 0.00324107 0.00819859 0.00990207
9.9973E-005 0.989289 9.9973E-005 9.9973E-005 0.00166803 0.000652397 0.00809096
0.976244 9.9991E-005 0.00374182 0.0107986 0.0063861 0.0019282 0.000801806
0.829507 0.00365237 0.0376534 0.103924 0.0250513 9.9991E-005 0.000111922
0.853344 0.0044933 0.0407892 0.0838729 0.0173002 9.9982E-005 9.9982E-005
9.9955E-005 0.00149095 9.9955E-005 9.9955E-005 9.9955E-005 9.9955E-005 0.998009
9.995E-005 9.995E-005 9.995E-005 9.995E-005 9.995E-005 9.995E-005 0.9994
0.845136 0.00398141 0.0392877 0.0957655 0.013358 9.9991E-005 0.0023713
0.722846 0.00518849 0.0532698 0.15853 0.0487481 0.00622689 0.00519036
0.513761 0.0774017 0.0464342 0.178037 0.0767308 0.0723419 0.0352929
0.123064 0.00599655 0.0962988 0.0391229 0.735208 0.000209285 9.9991E-005
0.132482 0.00480966 0.10064 0.0208361 0.740718 0.000413611 9.9991E-005
9.995E-005 9.995E-005 9.995E-005 9.995E-005 9.995E-005 9.995E-005 0.9994
9.995E-005 9.995E-005 9.995E-005 9.995E-005 9.995E-005 9.995E-005 0.9994
0.121572 0.00583772 0.100882 0.0328291 0.737823 0.000467628 0.000589473
0.743345 0.000941564 0.0487623 0.156699 0.0454454 9.9991E-005 0.00470664
9.995E-005 9.995E-005 9.995E-005 9.995E-005 9.995E-005 9.995E-005 0.9994
0.122623 0.00260842 0.098458 0.0302309 0.745685 0.000294209 9.9991E-005
0.806598 0.00857999 0.0407238 0.106901 0.0308165 0.00577023 0.000610173
0.855091 9.9973E-005 0.0328807 0.0888992 0.0228292 9.9973E-005 9.9973E-005
0.628462 0.0434167 0.0548742 0.170957 0.0496354 0.0377865 0.0148683
0.281801 0.0133836 0.297409 0.126429 0.271983 0.0088945 9.9991E-005
0.84054 0.00386282 0.0383217 0.0926258 0.024446 9.99967E-005 0.000103166
0.823117 9.9991E-005 0.0487507 0.102279 0.0207137 0.00183906 0.00320111
0.829589 0.00195545 0.0312984 0.0977561 0.0335577 0.00275426 0.00308877
9.9973E-005 9.9973E-005 0.000861858 9.9973E-005 0.00182907 0.00568245 0.991327
0.858972 0.00385158 0.0301163 0.0763227 0.0289995 9.9991E-005 0.00163766
9.995E-005 9.995E-005 9.995E-005 9.995E-005 9.995E-005 9.995E-005 0.9994
0.870544 9.9973E-005 0.0304999 0.0777291 0.020927 9.9973E-005 9.9973E-005
9.995E-005 9.995E-005 9.995E-005 9.995E-005 9.995E-005 9.995E-005 0.9994
9.995E-005 9.995E-005 9.995E-005 9.995E-005 0.9994 9.995E-005 9.995E-005
0.873986 0.00371517 0.0351171 0.0719733 0.0146669 9.9991E-005 0.000441313
0.034656 9.9973E-005 0.0262934 0.002969 0.935782 9.9973E-005 9.9973E-005
0.865212 0.00483074 0.0298326 0.076707 0.0219607 0.00135689 9.9991E-005
0.861778 0.00375495 0.0393586 0.0718347 0.0225301 0.000643792 9.9991E-005
0.873572 0.000340613 0.0389954 0.0724151 0.0126019 9.9991E-005 0.00197504
0.88135 9.9973E-005 0.026293 0.0787118 0.0133454 9.9973E-005 9.9973E-005
9.995E-005 9.995E-005 9.995E-005 9.995E-005 9.995E-005 9.995E-005 0.9994
0.9994 9.995E-005 9.995E-005 9.995E-005 9.995E-005 9.995E-005 9.995E-005
0.998928 9.9955E-005 9.9955E-005 9.9955E-005 9.9955E-005 0.000572522 9.9955E-005
0.997749 9.99657E-005 9.99657E-005 9.99657E-005 0.00125707 0.0005936 9.99657E-005
9.9973E-005 9.9973E-005 0.004139 0.993249 9.9973E-005 0.000204718 0.00210736
0.000163862 0.00489571 9.9991E-005 0.00911585 0.00181989 0.00557689 0.978328
0.0295765 9.9955E-005 9.9955E-005 0.969924 9.9955E-005 9.9955E-005 9.9955E-005
9.9955E-005 9.9955E-005 9.9955E-005 0.997743 0.0017574 9.9955E-005 9.9955E-005
0.01395 9.9991E-005 0.00855694 0.974419 0.0014646 0.000526668 0.00098233
9.9955E-005 9.9955E-005 9.9955E-005 0.997947 0.00155313 9.9955E-005 9.9955E-005
0.00547573 9.9964E-005 9.9964E-005 0.992341 0.00178367 9.9964E-005 9.9964E-005
9.995E-005 9.995E-005 9.995E-005 9.995E-005 0.9994 9.995E-005 9.995E-005
9.995E-005 9.995E-005 9.995E-005 9.995E-005 0.9994 9.995E-005 9.995E-005
9.995E-005 9.995E-005 9.995E-005 9.995E-005 0.9994 9.995E-005 9.995E-005
9.9964E-005 0.00204616 9.9964E-005 9.9964E-005 0.99531 0.00224413 9.9964E-005
9.9964E-005 9.9964E-005 9.9964E-005 0.953865 0.0150676 9.9964E-005 0.0306674
0.0257633 9.9955E-005 9.9955E-005 9.9955E-005 0.973737 9.9955E-005 9.9955E-005
9.995E-005 9.995E-005 9.995E-005 0.9994 9.995E-005 9.995E-005 9.995E-005
0.0133512 0.000467169 0.000774403 0.981177 0.00403002 9.99846E-005 9.99846E-005
0.0348177 9.9955E-005 9.9955E-005 0.964683 9.9955E-005 9.9955E-005 9.9955E-005
9.995E-005 9.995E-005 9.995E-005 0.9994 9.995E-005 9.995E-005 9.995E-005
0.0260163 9.9964E-005 0.00145015 0.972134 9.9964E-005 9.9964E-005 9.9964E-005
9.9964E-005 9.9964E-005 0.00474468 0.994239 9.9964E-005 0.000616632 9.9964E-005
0.0210923 9.9982E-005 0.00648027 0.965043 0.00659611 0.000587975 9.9982E-005
0.0381096 9.9964E-005 9.9964E-005 0.957256 0.00423409 9.9964E-005 9.9964E-005
0.0272759 9.9973E-005 0.0135297 0.947107 0.011787 9.9973E-005 9.9973E-005
0.0137137 9.9991E-005 0.00146073 0.968002 0.0120474 0.000187737 0.00448831
9.9973E-005 9.9973E-005 0.00498239 0.985351 0.00563232 0.00373428 9.9973E-005
9.9964E-005 9.9964E-005 0.0163046 0.981719 0.0015761 9.9964E-005 9.9964E-005
0.0235508 9.9964E-005 9.9964E-005 0.96816 0.00788946 9.9964E-005 9.9964E-005
0.0341831 9.9973E-005 9.9973E-005 0.963124 0.000741135 0.00165142 9.9973E-005
0.00491897 9.9982E-005 0.00434146 0.986977 0.00340304 9.9982E-005 0.000159193
0.0113539 0.00613009 0.00405467 0.949884 0.00764062 0.0134585 0.00747865
9.9955E-005 0.995202 9.9955E-005 9.9955E-005 9.9955E-005 9.9955E-005 0.00429825
9.9955E-005 0.998327 9.9955E-005 0.0011733 9.9955E-005 9.9955E-005 9.9955E-005
9.9955E-005 0.996755 9.9955E-005 0.00274499 9.9955E-005 9.9955E-005 9.9955E-005
0.00654689 0.00473304 0.00418207 0.966234 0.0081065 0.00703553 0.00316178
0.239953 0.0311691 0.288327 0.137362 0.261814 0.0242256 0.0171502
9.9964E-005 9.9964E-005 9.9964E-005 9.9964E-005 0.00104952 0.997377 0.0011737
9.9982E-005 0.00133867 0.000594398 9.9982E-005 0.00150908 0.993778 0.00257994
9.995E-005 9.995E-005 9.995E-005 9.995E-005 9.995E-005 0.9994 9.995E-005
9.9973E-005 0.00246498 0.00205117 9.9973E-005 9.9973E-005 0.991665 0.00351876
9.9955E-005 9.9955E-005 9.9955E-005 9.9955E-005 9.9955E-005 0.997715 0.00178555
9.995E-005 9.995E-005 9.995E-005 9.995E-005 9.995E-005 0.9994 9.995E-005
9.9982E-005 0.922937 0.00329289 9.9982E-005 0.0040939 0.0115966 0.0578798
9.995E-005 9.995E-005 9.995E-005 9.995E-005 9.995E-005 0.9994 9.995E-005
9.995E-005 0.9994 9.995E-005 9.995E-005 9.995E-005 9.995E-005 9.995E-005
9.9973E-005 0.00527984 0.00599629 0.00778177 9.9973E-005 0.980642 9.9973E-005
9.9964E-005 0.00340164 9.9964E-005 9.9964E-005 9.9964E-005 0.99101 0.00518884
9.995E-005 9.995E-005 9.995E-005 9.995E-005 9.995E-005 0.9994 9.995E-005
0.00263488 9.9964E-005 9.9964E-005 9.9964E-005 9.9964E-005 0.99457 0.00239484
0.0297761 0.000160565 0.0100291 0.949096 0.00830133 9.9991E-005 0.00253644
9.995E-005 9.995E-005 9.995E-005 9.995E-005 9.995E-005 0.9994 9.995E-005
0.0011886 0.995621 9.9964E-005 9.9964E-005 9.9964E-005 0.00279096 9.9964E-005
0.00628162 0.00383371 9.9982E-005 0.985689 0.00145131 9.9982E-005 0.00254404
0.9994 9.995E-005 9.995E-005 9.995E-005 9.995E-005 9.995E-005 9.995E-005
9.9955E-005 9.9955E-005 9.9955E-005 0.00180147 9.9955E-005 0.997699 9.9955E-005
9.995E-005 9.995E-005 9.995E-005 9.995E-005 9.995E-005 9.995E-005 0.9994
0.00131834 9.9964E-005 9.9964E-005 9.9964E-005 9.9964E-005 0.00203096 0.996251
0.9994 9.995E-005 9.995E-005 9.995E-005 9.995E-005 9.995E-005 9.995E-005
0.000292157 9.9964E-005 9.9964E-005 0.00021967 9.9964E-005 9.9964E-005 0.999088
0.00219365 9.9964E-005 9.9964E-005 0.994868 0.00253878 9.9964E-005 9.9964E-005
0.000466409 9.9964E-005 9.9964E-005 0.996732 0.0024016 9.9964E-005 9.9964E-005
0.0484061 9.9982E-005 9.9982E-005 0.935588 0.0062369 0.00298758 0.00658153
9.9964E-005 9.9964E-005 0.00586593 0.991396 0.00233784 9.9964E-005 9.9964E-005
0.0360074 0.000505481 9.9973E-005 0.95753 0.00565752 9.9973E-005 9.9973E-005
0.0155813 0.00344994 9.9982E-005 0.967051 0.00809143 0.00562681 9.9982E-005
9.9955E-005 9.9955E-005 9.9955E-005 0.999198 0.00030173 9.9955E-005 9.9955E-005
0.9994 9.995E-005 9.995E-005 9.995E-005 9.995E-005 9.995E-005 9.995E-005
0.9994 9.995E-005 9.995E-005 9.995E-005 9.995E-005 9.995E-005 9.995E-005
9.995E-005 9.995E-005 9.995E-005 0.9994 9.995E-005 9.995E-005 9.995E-005
0.00580594 0.993694 9.9955E-005 9.9955E-005 9.9955E-005 9.9955E-005 9.9955E-005
0.0164637 0.912836 9.9973E-005 9.9973E-005 9.9973E-005 0.014739 0.0556615
9.9982E-005 0.896528 9.9982E-005 0.0195553 0.00514625 0.0097864 0.0687844
0.0783523 0.6019 0.0174003 0.105604 0.0334968 0.0690369 0.094209
9.9982E-005 0.92295 0.00510871 9.9982E-005 0.0025507 0.0125064 0.0566841
0.0100718 0.98368 9.9973E-005 9.9973E-005 9.9973E-005 0.00577705 0.000171014
9.9955E-005 0.999233 9.9955E-005 0.000267256 9.9955E-005 9.9955E-005 9.9955E-005
9.995E-005 0.9994 9.995E-005 9.995E-005 9.995E-005 9.995E-005 9.995E-005
0.000746252 0.920009 0.00433159 9.9982E-005 9.9982E-005 0.0177206 0.056993
0.9994 9.995E-005 9.995E-005 9.995E-005 9.995E-005 9.995E-005 9.995E-005
9.995E-005 9.995E-005 9.995E-005 9.995E-005 9.995E-005 9.995E-005 0.9994
0.640767 0.0803133 0.0351925 0.0725305 0.0528084 0.0843101 0.0340784
0.997746 9.9955E-005 9.9955E-005 9.9955E-005 9.9955E-005 9.9955E-005 0.0017544
0.9994 9.995E-005 9.995E-005 9.995E-005 9.995E-005 9.995E-005 9.995E-005
9.9964E-005 0.00275888 9.9964E-005 0.00507164 9.9964E-005 9.9964E-005 0.99177
9.9955E-005 9.9955E-005 9.9955E-005 9.9955E-005 9.9955E-005 0.998158 0.00134195
0.26156 0.00371878 0.0477579 0.649102 0.0375448 9.9991E-005 0.000216944
0.9994 9.995E-005 9.995E-005 9.995E-005 9.995E-005 9.995E-005 9.995E-005
0.9994 9.995E-005 9.995E-005 9.995E-005 9.995E-005 9.995E-005 9.995E-005
0.9994 9.995E-005 9.995E-005 9.995E-005 9.995E-005 9.995E-005 9.995E-005
0.99883 9.9955E-005 9.9955E-005 9.9955E-005 9.9955E-005 0.000669982 9.9955E-005
0.9994 9.995E-005 9.995E-005 9.995E-005 9.995E-005 9.995E-005 9.995E-005
0.9994 9.995E-005 9.995E-005 9.995E-005 9.995E-005 9.995E-005 9.995E-005
