0.00440509 0.106234 0.00149988 0.671665 0.000557257 0.0102224 0.205416
0.00790595 0.108256 0.00809759 0.665471 0.0038546 0.000721358 0.205694
0.00217853 9.99813E-005 9.99813E-005 9.99813E-005 0.000795884 0.0048568 0.991869
9.995E-005 9.995E-005 9.995E-005 9.995E-005 9.995E-005 9.995E-005 0.9994
0.00125043 0.00102081 0.000857128 9.9991E-005 0.00289479 0.00131672 0.99256
9.995E-005 9.995E-005 9.995E-005 9.995E-005 9.995E-005 9.995E-005 0.9994
9.995E-005 9.995E-005 9.995E-005 9.995E-005 9.995E-005 9.995E-005 0.9994
9.995E-005 9.995E-005 9.995E-005 9.995E-005 9.995E-005 9.995E-005 0.9994
0.00631719 9.9973E-005 9.9973E-005 0.00130328 0.988111 9.9973E-005 0.00396849
0.00176279 0.996978 9.9964E-005 9.9964E-005 0.000859831 9.9964E-005 9.9964E-005
0.00386559 0.991984 0.00100022 9.9973E-005 0.00285022 9.9973E-005 9.9973E-005
0.0534218 9.9982E-005 0.782915 0.0405485 0.0782975 0.0446175 9.9982E-005
0.00348771 0.993197 0.00198034 9.9973E-005 0.00103514 9.9973E-005 9.9973E-005
0.00389912 0.988655 0.00704564 9.9964E-005 9.9964E-005 9.9964E-005 9.9964E-005
0.00151021 0.996162 0.00192747 9.9964E-005 9.9964E-005 9.9964E-005 9.9964E-005
0.0043021 0.991396 0.00388277 9.9973E-005 0.000119551 9.9973E-005 9.9973E-005
0.0515027 9.9991E-005 0.785061 0.027219 0.0650434 0.0584497 0.0126242
0.00199004 0.0902368 0.00227282 0.0404749 9.9991E-005 0.00261981 0.862306
0.00327126 0.0875492 0.00989159 0.712727 0.00503708 0.00144955 0.180075
0.00674525 0.105669 0.00537686 0.68897 0.0134849 9.9991E-005 0.179654
0.00682642 0.0901834 0.00331917 0.710641 0.00188867 0.0018591 0.185282
0.00696575 0.0993778 0.00380701 0.714241 0.00936822 9.9991E-005 0.16614
0.00840467 0.101166 0.00457191 0.708613 0.00773485 9.9991E-005 0.16941
0.00500453 0.090216 0.0037353 0.70275 0.0105907 9.9991E-005 0.187603
0.0058357 0.104869 0.00490419 0.715826 0.00394473 0.00775514 0.156866
0.00936786 0.103331 0.00200161 0.701763 0.00899117 9.9991E-005 0.174445
0.00641131 0.099663 0.00548569 0.705973 0.00386352 0.00243003 0.176174
0.00952928 0.0939474 0.00403688 0.704296 0.0136846 9.9991E-005 0.174406
9.995E-005 9.995E-005 9.995E-005 0.9994 9.995E-005 9.995E-005 9.995E-005
9.995E-005 9.995E-005 9.995E-005 0.9994 9.995E-005 9.995E-005 9.995E-005
9.995E-005 9.995E-005 9.995E-005 0.9994 9.995E-005 9.995E-005 9.995E-005
9.995E-005 9.995E-005 9.995E-005 0.9994 9.995E-005 9.995E-005 9.995E-005
9.995E-005 9.995E-005 9.995E-005 0.9994 9.995E-005 9.995E-005 9.995E-005
9.9982E-005 0.0667443 0.00391051 0.0340973 0.00074045 9.9982E-005 0.894308
9.9973E-005 0.0789452 0.00633927 0.0297556 9.9973E-005 9.9973E-005 0.88466
0.00116324 0.0822574 9.9973E-005 0.0289552 9.9973E-005 9.9973E-005 0.887324
9.9982E-005 0.0843842 0.00648929 0.0377979 0.000369016 9.9982E-005 0.87076
9.995E-005 9.995E-005 0.9994 9.995E-005 9.995E-005 9.995E-005 9.995E-005
9.995E-005 9.995E-005 9.995E-005 0.9994 9.995E-005 9.995E-005 9.995E-005
9.995E-005 9.995E-005 9.995E-005 0.9994 9.995E-005 9.995E-005 9.995E-005
9.995E-005 9.995E-005 9.995E-005 0.9994 9.995E-005 9.995E-005 9.995E-005
9.995E-005 9.995E-005 9.995E-005 0.9994 9.995E-005 9.995E-005 9.995E-005
0.00173315 9.9964E-005 9.9964E-005 0.00363808 0.994229 9.9964E-005 9.9964E-005
0.00161794 0.00121724 0.0147014 0.00515819 0.928018 0.0491871 9.9991E-005
0.00191858 9.9964E-005 9.9964E-005 0.00496752 0.992714 9.9964E-005 9.9964E-005
9.9973E-005 9.9973E-005 0.00197013 9.9973E-005 0.975544 0.0171155 0.00507049
0.000739117 0.00395883 9.9964E-005 9.9964E-005 0.994902 9.9964E-005 9.9964E-005
9.9955E-005 9.9955E-005 9.9955E-005 9.9955E-005 0.991448 0.0080521 9.9955E-005
0.000488167 9.9964E-005 0.0101118 9.9964E-005 0.989 9.9964E-005 9.9964E-005
9.9964E-005 9.9964E-005 0.0110552 9.9964E-005 0.985032 0.00351263 9.9964E-005
9.99716E-005 0.994867 0.000818059 9.99716E-005 9.99716E-005 0.0039153 9.99716E-005
0.00288295 0.970794 9.9982E-005 0.0145343 0.000864443 9.9982E-005 0.0107244
9.9964E-005 0.979643 0.000311865 9.9964E-005 9.9964E-005 9.9964E-005 0.0196453
9.9955E-005 0.997482 9.9955E-005 9.9955E-005 9.9955E-005 9.9955E-005 0.0020182
0.00470179 0.9898 9.9964E-005 9.9964E-005 0.00509884 9.9964E-005 9.9964E-005
9.995E-005 0.9994 9.995E-005 9.995E-005 9.995E-005 9.995E-005 9.995E-005
0.9994 9.995E-005 9.995E-005 9.995E-005 9.995E-005 9.995E-005 9.995E-005
9.995E-005 9.995E-005 9.995E-005 9.995E-005 0.9994 9.995E-005 9.995E-005
0.993584 0.00490627 0.000254708 9.9973E-005 0.00095502 9.9973E-005 9.9973E-005
9.995E-005 9.995E-005 9.995E-005 9.995E-005 0.9994 9.995E-005 9.995E-005
9.995E-005 9.995E-005 9.995E-005 9.995E-005 0.9994 9.995E-005 9.995E-005
9.9964E-005 9.9964E-005 9.9964E-005 0.00598612 0.00360883 9.9964E-005 0.990005
9.995E-005 9.995E-005 9.995E-005 9.995E-005 9.995E-005 9.995E-005 0.9994
9.995E-005 9.995E-005 9.995E-005 9.995E-005 9.995E-005 9.995E-005 0.9994
0.000687671 0.0011531 0.00175175 9.9991E-005 0.000223722 0.00236227 0.993721
0.00355969 9.9973E-005 0.000188629 9.9973E-005 0.00171916 9.9973E-005 0.994233
9.995E-005 9.995E-005 9.995E-005 9.995E-005 9.995E-005 9.995E-005 0.9994
9.9955E-005 0.00129579 9.9955E-005 9.9955E-005 0.998204 9.9955E-005 9.9955E-005
0.00883898 0.00613873 0.00546421 9.9982E-005 0.937454 0.0419044 9.9982E-005
0.000519119 9.9955E-005 9.9955E-005 9.9955E-005 0.998981 9.9955E-005 9.9955E-005
0.0026198 9.9964E-005 9.9964E-005 0.000561532 0.996419 9.9964E-005 9.9964E-005
0.00482289 9.99629E-005 9.99629E-005 9.99629E-005 0.994677 9.99629E-005 9.99629E-005
9.9955E-005 9.9955E-005 9.9955E-005 9.9955E-005 0.995773 0.00372707 9.9955E-005
9.9964E-005 9.9964E-005 0.00564954 9.9964E-005 0.933467 0.0604832 9.9964E-005
0.00134641 9.9973E-005 0.0170572 9.9973E-005 0.916269 0.0650276 9.9973E-005
0.0055792 0.000211341 0.00659679 9.9991E-005 0.923731 0.0618651 0.00191666
9.9955E-005 9.9955E-005 9.9955E-005 0.00591201 0.993588 9.9955E-005 9.9955E-005
0.00044977 0.00117286 0.0164434 9.9982E-005 0.920811 0.0609227 9.9982E-005
9.9973E-005 0.00141411 0.0135715 9.9973E-005 0.88944 0.0952746 9.9973E-005
0.00969354 9.9991E-005 0.00893208 0.00286358 0.915331 0.0565156 0.00656416
9.9973E-005 0.00468983 0.00513412 9.9973E-005 0.929511 0.0603647 9.9973E-005
9.9955E-005 0.00682134 9.9955E-005 9.9955E-005 9.9955E-005 9.9955E-005 0.992679
9.9973E-005 0.112692 0.00468511 0.0385383 9.9973E-005 9.9973E-005 0.843785
0.00127575 0.089334 0.00119366 0.0317378 0.00369598 9.9991E-005 0.872663
9.9964E-005 9.9964E-005 0.997065 9.9964E-005 9.9964E-005 0.00121446 0.00132075
9.995E-005 9.995E-005 0.9994 9.995E-005 9.995E-005 9.995E-005 9.995E-005
9.9982E-005 0.0962289 0.00134509 0.028875 0.00581915 9.9982E-005 0.867532
0.0079242 0.166151 0.00251378 0.0800489 0.0032343 0.00336696 0.736761
0.0701836 0.180802 0.0332621 0.0937653 0.0704335 0.00389202 0.547662
9.9973E-005 0.0233726 9.9973E-005 0.863863 9.9973E-005 0.00609188 0.106373
9.9991E-005 0.0266663 0.00198534 0.860538 0.000213575 0.00474458 0.105753
9.995E-005 9.995E-005 0.9994 9.995E-005 9.995E-005 9.995E-005 9.995E-005
9.995E-005 9.995E-005 0.9994 9.995E-005 9.995E-005 9.995E-005 9.995E-005
0.000990577 0.03709 9.9982E-005 0.865744 0.00434344 9.9982E-005 0.0916325
0.00146913 0.152045 0.00201788 0.0787054 9.9991E-005 0.00202582 0.763637
9.995E-005 9.995E-005 0.9994 9.995E-005 9.995E-005 9.995E-005 9.995E-005
0.00132557 0.0263941 9.9991E-005 0.873694 0.00232048 0.00652844 0.0896376
0.00586807 0.113132 0.0020234 0.0475327 0.000823763 0.00973221 0.820888
9.9973E-005 0.0947864 0.00191456 0.0331255 9.9973E-005 9.9973E-005 0.869874
0.0424073 0.163471 0.0181593 0.0878298 0.0294402 0.0117005 0.646992
0.0101855 0.14868 0.00567698 0.491472 0.00985856 0.00222012 0.331906
9.9991E-005 0.0814163 0.00463102 0.0338766 0.00132249 0.00217956 0.876474
0.000851922 0.0911307 0.00581128 0.0463347 9.9991E-005 0.000162372 0.855609
0.00333683 0.0897369 0.00302867 0.0398597 0.00328209 0.00384647 0.856909
0.00240469 9.9964E-005 0.992908 9.9964E-005 9.9964E-005 9.9964E-005 0.00428791
9.9982E-005 0.0911789 0.00376513 0.0410661 0.00290196 9.9982E-005 0.860888
9.9973E-005 0.000345607 0.990019 9.9973E-005 0.00139347 0.00794204 9.9973E-005
9.9973E-005 0.0764252 0.00259134 0.0332828 9.9973E-005 9.9973E-005 0.887401
9.9955E-005 9.9955E-005 0.995339 9.9955E-005 9.9955E-005 0.00416155 9.9955E-005
9.995E-005 9.995E-005 9.995E-005 0.9994 9.995E-005 9.995E-005 9.995E-005
9.9982E-005 0.0732707 0.00279794 0.0261119 0.00180045 9.9982E-005 0.895819
9.995E-005 9.995E-005 9.995E-005 0.9994 9.995E-005 9.995E-005 9.995E-005
0.000539404 0.0936624 0.0074213 0.0371245 0.000764686 9.9991E-005 0.860388
0.0025065 0.0829639 9.9982E-005 0.0478351 0.00178774 9.9982E-005 0.864707
9.9973E-005 0.0683178 0.0034149 0.0340074 9.9973E-005 9.9973E-005 0.89396
0.00196469 0.0705114 0.00201334 0.0276534 9.9982E-005 9.9982E-005 0.897657
9.995E-005 9.995E-005 0.9994 9.995E-005 9.995E-005 9.995E-005 9.995E-005
9.995E-005 9.995E-005 9.995E-005 9.995E-005 9.995E-005 9.995E-005 0.9994
9.995E-005 9.995E-005 9.995E-005 9.995E-005 9.995E-005 9.995E-005 0.9994
0.000608686 9.9973E-005 0.000215219 9.9973E-005 0.000117128 9.9973E-005 0.998759
0.0014716 0.99735 0.000778607 9.9964E-005 9.9964E-005 9.9964E-005 9.9964E-005
0.00165389 0.0119603 0.978457 9.9973E-005 9.9973E-005 0.00762848 9.9973E-005
9.9964E-005 0.967613 9.9964E-005 0.00308124 9.9964E-005 9.9964E-005 0.0289063
9.995E-005 0.9994 9.995E-005 9.995E-005 9.995E-005 9.995E-005 9.995E-005
9.9973E-005 0.975038 0.000506984 0.00170005 9.9973E-005 9.9973E-005 0.0224551
9.995E-005 0.9994 9.995E-005 9.995E-005 9.995E-005 9.995E-005 9.995E-005
9.995E-005 0.9994 9.995E-005 9.995E-005 9.995E-005 9.995E-005 9.995E-005
9.995E-005 9.995E-005 9.995E-005 0.9994 9.995E-005 9.995E-005 9.995E-005
9.995E-005 9.995E-005 9.995E-005 0.9994 9.995E-005 9.995E-005 9.995E-005
9.995E-005 9.995E-005 9.995E-005 0.9994 9.995E-005 9.995E-005 9.995E-005
9.99618E-005 9.99618E-005 9.99618E-005 0.999083 9.99618E-005 0.000416778 9.99618E-005
9.9964E-005 0.957211 0.0314906 0.0108986 9.9964E-005 9.9964E-005 9.9964E-005
9.995E-005 9.995E-005 9.995E-005 0.9994 9.995E-005 9.995E-005 9.995E-005
9.995E-005 0.9994 9.995E-005 9.995E-005 9.995E-005 9.995E-005 9.995E-005
9.9964E-005 0.965125 9.9964E-005 9.9964E-005 0.00083638 9.9964E-005 0.0336384
9.9955E-005 0.974304 9.9955E-005 9.9955E-005 9.9955E-005 9.9955E-005 0.0251966
9.9964E-005 0.989573 0.000415721 9.9964E-005 9.9964E-005 9.9964E-005 0.00961162
9.9964E-005 0.957371 0.000707455 9.9964E-005 9.9964E-005 9.9964E-005 0.0415216
0.00168705 0.997161 9.9964E-005 9.9964E-005 9.9964E-005 0.000751959 9.9964E-005
9.9973E-005 0.961041 9.9973E-005 0.00873432 0.000544647 9.9973E-005 0.0293798
9.9955E-005 0.967902 9.9955E-005 9.9955E-005 9.9955E-005 9.9955E-005 0.0315978
9.9982E-005 0.960741 9.9982E-005 0.0125994 0.00277995 0.000979675 0.0227004
0.000801578 0.961109 0.00350291 0.00587465 9.9991E-005 0.00192862 0.0266828
0.0041935 0.989599 9.9973E-005 0.00362749 0.00227972 9.9973E-005 9.9973E-005
0.00114218 0.981857 9.9973E-005 0.0142705 0.00243061 9.9973E-005 9.9973E-005
9.9973E-005 0.970121 0.000129276 0.00444016 9.9973E-005 9.9973E-005 0.02501
0.00182989 0.975838 9.9973E-005 9.9973E-005 0.000612033 9.9973E-005 0.0214197
0.000523966 0.992343 9.9982E-005 0.00266705 0.00143052 9.9982E-005 0.00283541
0.0104084 0.947353 9.9982E-005 0.00144679 9.9982E-005 0.016265 0.0243268
9.9964E-005 9.9964E-005 0.0121841 9.9964E-005 0.974976 0.0124397 9.9964E-005
9.9964E-005 9.9964E-005 9.9964E-005 9.9964E-005 0.981622 0.0164818 0.00149664
0.00267266 9.9955E-005 9.9955E-005 9.9955E-005 0.996828 9.9955E-005 9.9955E-005
0.00771062 0.971779 0.000179385 0.00478827 0.00500249 0.0031911 0.00734898
0.0270001 0.15744 0.0167834 0.460305 0.0209127 0.0133025 0.304256
0.992269 9.99727E-005 0.000919005 0.00641176 9.99727E-005 9.99727E-005 9.99727E-005
0.994334 9.9973E-005 0.000452493 0.00355056 0.00136284 9.9973E-005 9.9973E-005
0.9994 9.995E-005 9.995E-005 9.995E-005 9.995E-005 9.995E-005 9.995E-005
0.989497 9.9964E-005 0.00783983 9.9964E-005 9.9964E-005 0.00226358 9.9964E-005
0.999118 9.9955E-005 0.000381751 9.9955E-005 9.9955E-005 9.9955E-005 9.9955E-005
0.9994 9.995E-005 9.995E-005 9.995E-005 9.995E-005 9.995E-005 9.995E-005
9.9955E-005 9.9955E-005 9.9955E-005 9.9955E-005 0.0143701 0.98513 9.9955E-005
0.9994 9.995E-005 9.995E-005 9.995E-005 9.995E-005 9.995E-005 9.995E-005
9.995E-005 9.995E-005 9.995E-005 9.995E-005 0.9994 9.995E-005 9.995E-005
0.976545 0.00369078 0.00221805 0.00191286 0.000936287 0.00345376 0.0112437
0.993365 9.9964E-005 9.9964E-005 9.9964E-005 0.00404612 0.00218861 9.9964E-005
0.9994 9.995E-005 9.995E-005 9.995E-005 9.995E-005 9.995E-005 9.995E-005
0.998621 9.9964E-005 0.00024117 9.9964E-005 0.000738428 9.9964E-005 9.9964E-005
9.9973E-005 0.964207 9.9973E-005 0.00878294 0.0022925 9.9973E-005 0.0244174
0.996612 9.9955E-005 9.9955E-005 9.9955E-005 9.9955E-005 9.9955E-005 0.00288868
0.00066595 0.00030033 9.9964E-005 9.9964E-005 0.998634 9.9964E-005 9.9964E-005
9.9982E-005 0.989913 0.000252637 0.00102301 9.9982E-005 0.00503314 0.003578
9.995E-005 9.995E-005 9.995E-005 9.995E-005 9.995E-005 9.995E-005 0.9994
0.998759 0.000741465 9.9955E-005 9.9955E-005 9.9955E-005 9.9955E-005 9.9955E-005
9.995E-005 9.995E-005 0.9994 9.995E-005 9.995E-005 9.995E-005 9.995E-005
0.00346524 9.9955E-005 0.996035 9.9955E-005 9.9955E-005 9.9955E-005 9.9955E-005
9.995E-005 9.995E-005 9.995E-005 9.995E-005 9.995E-005 9.995E-005 0.9994
9.995E-005 9.995E-005 0.9994 9.995E-005 9.995E-005 9.995E-005 9.995E-005
9.9955E-005 0.996776 9.9955E-005 9.9955E-005 9.9955E-005 9.9955E-005 0.00272404
9.9964E-005 0.993144 0.000139691 9.9964E-005 9.9964E-005 9.9964E-005 0.0063161
0.000840096 0.945391 9.9973E-005 9.9973E-005 9.9973E-005 0.00313395 0.0503353
9.995E-005 0.9994 9.995E-005 9.995E-005 9.995E-005 9.995E-005 9.995E-005
9.9964E-005 0.94359 9.9964E-005 0.004639 9.9964E-005 9.9964E-005 0.0513713
0.003601 0.970308 9.9982E-005 0.00516403 9.9982E-005 0.00629322 0.014434
9.9955E-005 0.996446 9.9955E-005 0.00305425 9.9955E-005 9.9955E-005 9.9955E-005
9.9955E-005 9.9955E-005 9.9955E-005 9.9955E-005 0.00287729 9.9955E-005 0.996623
9.995E-005 9.995E-005 9.995E-005 9.995E-005 9.995E-005 9.995E-005 0.9994
9.995E-005 0.9994 9.995E-005 9.995E-005 9.995E-005 9.995E-005 9.995E-005
9.9973E-005 0.00707894 0.00909894 9.9973E-005 0.960942 0.02258 9.9973E-005
9.9955E-005 9.9955E-005 9.9955E-005 9.9955E-005 0.00317519 0.996325 9.9955E-005
9.995E-005 9.995E-005 9.995E-005 9.995E-005 9.995E-005 0.9994 9.995E-005
0.0511181 0.0647835 0.0136332 0.042263 9.9991E-005 0.725431 0.102671
9.9955E-005 9.9955E-005 9.9955E-005 9.9955E-005 0.0277589 0.971741 9.9955E-005
0.00184564 0.00657611 0.00122999 9.9982E-005 0.982122 9.9982E-005 0.00802593
9.9955E-005 9.9955E-005 9.9955E-005 9.9955E-005 0.995561 9.9955E-005 0.00393878
9.995E-005 9.995E-005 9.995E-005 9.995E-005 0.9994 9.995E-005 9.995E-005
9.9955E-005 9.9955E-005 9.9955E-005 9.9955E-005 0.0278278 0.971672 9.9955E-005
9.995E-005 9.995E-005 9.995E-005 9.995E-005 9.995E-005 9.995E-005 0.9994
9.995E-005 9.995E-005 0.9994 9.995E-005 9.995E-005 9.995E-005 9.995E-005
0.080875 0.0893059 0.0426343 0.0665112 0.066599 0.0218392 0.632236
9.995E-005 9.995E-005 9.995E-005 9.995E-005 9.995E-005 9.995E-005 0.9994
9.995E-005 9.995E-005 9.995E-005 9.995E-005 9.995E-005 9.995E-005 0.9994
9.99695E-005 9.99695E-005 0.988872 9.99695E-005 9.99695E-005 0.00933093 0.00139708
0.995426 9.9955E-005 9.9955E-005 0.00407408 9.9955E-005 9.9955E-005 9.9955E-005
9.9973E-005 0.662114 0.00408995 0.058194 9.9973E-005 9.9973E-005 0.275302
9.995E-005 9.995E-005 9.995E-005 9.995E-005 9.995E-005 9.995E-005 0.9994
9.995E-005 9.995E-005 9.995E-005 9.995E-005 9.995E-005 9.995E-005 0.9994
9.995E-005 9.995E-005 9.995E-005 9.995E-005 9.995E-005 9.995E-005 0.9994
0.000580165 9.9973E-005 0.000346263 9.9973E-005 9.9973E-005 0.00165097 0.997123
9.995E-005 9.995E-005 9.995E-005 9.995E-005 9.995E-005 9.995E-005 0.9994
9.995E-005 9.995E-005 9.995E-005 9.995E-005 9.995E-005 9.995E-005 0.9994
