0.0257165 9.9982E-005 0.0251089 0.045115 9.9982E-005 0.902725 0.001135
0.0232562 0.00204459 0.0264347 0.0416327 0.00143697 0.904245 0.000949889
0.00180131 0.000130101 0.00396935 0.989161 0.00473848 9.9982E-005 9.9982E-005
0.00344601 9.9955E-005 9.9955E-005 0.996054 9.9955E-005 9.9955E-005 9.9955E-005
9.9964E-005 0.00432617 9.9964E-005 0.994829 0.000444808 9.9964E-005 9.9964E-005
9.995E-005 9.995E-005 9.995E-005 0.9994 9.995E-005 9.995E-005 9.995E-005
9.995E-005 9.995E-005 9.995E-005 0.9994 9.995E-005 9.995E-005 9.995E-005
9.995E-005 9.995E-005 9.995E-005 0.9994 9.995E-005 9.995E-005 9.995E-005
0.00125469 0.989387 9.9973E-005 0.00390529 0.00515329 9.9973E-005 9.9973E-005
9.9973E-005 0.00354768 0.990768 9.9973E-005 0.00132079 0.00406318 9.9973E-005
9.9973E-005 0.00121057 0.993372 9.9973E-005 0.00216736 9.9973E-005 0.00295039
0.0225168 0.113731 9.9991E-005 0.00139506 0.051513 0.01928 0.791464
9.9973E-005 0.00325531 0.991996 9.9973E-005 0.00276816 9.9973E-005 0.00168079
9.9955E-005 9.9955E-005 0.996481 9.9955E-005 9.9955E-005 9.9955E-005 0.00301945
9.9964E-005 9.9964E-005 0.993755 9.9964E-005 0.000924103 9.9964E-005 0.00492129
9.9964E-005 9.9964E-005 0.993111 9.9964E-005 0.00192606 9.9964E-005 0.00456306
0.0129342 0.111502 0.00683359 0.0116416 0.0505859 0.0137779 0.792725
0.0199806 9.9982E-005 0.0844174 0.847442 9.9982E-005 0.0463916 0.00156895
9.995E-005 9.995E-005 9.995E-005 9.995E-005 9.995E-005 0.9994 9.995E-005
9.9964E-005 0.00151861 0.00653443 9.9964E-005 9.9964E-005 0.991547 9.9964E-005
9.995E-005 9.995E-005 9.995E-005 9.995E-005 9.995E-005 0.9994 9.995E-005
9.995E-005 9.995E-005 9.995E-005 9.995E-005 9.995E-005 0.9994 9.995E-005
9.9964E-005 0.0043702 9.9964E-005 9.9964E-005 0.000436858 0.994793 9.9964E-005
9.99518E-005 9.99518E-005 9.99518E-005 9.99518E-005 9.99518E-005 0.9994 9.99518E-005
9.995E-005 9.995E-005 9.995E-005 9.995E-005 9.995E-005 0.9994 9.995E-005
9.995E-005 9.995E-005 9.995E-005 9.995E-005 9.995E-005 0.9994 9.995E-005
9.995E-005 9.995E-005 9.995E-005 9.995E-005 9.995E-005 0.9994 9.995E-005
9.9955E-005 0.000367785 9.9955E-005 9.9955E-005 9.9955E-005 0.999132 9.9955E-005
0.973378 0.00200397 0.005327 9.9973E-005 9.9973E-005 0.0189913 9.9973E-005
0.983082 9.9973E-005 0.00110805 0.0129002 9.9973E-005 0.00260961 9.9973E-005
0.9994 9.995E-005 9.995E-005 9.995E-005 9.995E-005 9.995E-005 9.995E-005
0.9994 9.995E-005 9.995E-005 9.995E-005 9.995E-005 9.995E-005 9.995E-005
0.9994 9.995E-005 9.995E-005 9.995E-005 9.995E-005 9.995E-005 9.995E-005
0.0140723 0.000439036 0.0696593 0.874479 0.000876347 0.0403115 0.000162936
0.0190133 9.9982E-005 0.0706216 0.86511 9.9982E-005 0.0428277 0.00222747
0.0205355 9.9982E-005 0.0675197 0.87464 0.000750955 0.0363535 9.9982E-005
0.0217619 9.9982E-005 0.069272 0.858794 9.9982E-005 0.0452082 0.00476373
9.995E-005 9.995E-005 9.995E-005 9.995E-005 9.995E-005 9.995E-005 0.9994
0.9994 9.995E-005 9.995E-005 9.995E-005 9.995E-005 9.995E-005 9.995E-005
0.998731 9.9955E-005 9.9955E-005 9.9955E-005 0.000768957 9.9955E-005 9.9955E-005
0.9994 9.995E-005 9.995E-005 9.995E-005 9.995E-005 9.995E-005 9.995E-005
0.998928 9.9955E-005 9.9955E-005 9.9955E-005 0.000572554 9.9955E-005 9.9955E-005
9.9964E-005 0.992957 9.9964E-005 9.9964E-005 0.00315464 0.0034882 9.9964E-005
9.9964E-005 0.98173 9.9964E-005 9.9964E-005 9.9964E-005 0.0084419 0.00942844
9.9955E-005 0.996445 9.9955E-005 9.9955E-005 9.9955E-005 0.00305511 9.9955E-005
9.9964E-005 0.987275 0.0108343 9.9964E-005 9.9964E-005 0.00149115 9.9964E-005
0.00602445 0.99175 9.9982E-005 0.000678452 0.00119522 0.00015241 9.9982E-005
0.000203613 0.996777 9.9964E-005 0.00261951 9.9964E-005 9.9964E-005 9.9964E-005
9.995E-005 0.9994 9.995E-005 9.995E-005 9.995E-005 9.995E-005 9.995E-005
9.9964E-005 0.993303 9.9964E-005 0.00027981 9.9964E-005 9.9964E-005 0.00601687
9.9964E-005 0.00253387 0.994983 9.9964E-005 0.0020835 9.9964E-005 9.9964E-005
0.0101513 9.9973E-005 0.950483 0.0288875 9.9973E-005 0.0101784 9.9973E-005
0.00156492 9.9973E-005 0.958698 0.0290609 9.9973E-005 0.0103764 9.9973E-005
9.9964E-005 9.9964E-005 0.998978 9.9964E-005 0.000219617 9.9964E-005 0.000403006
9.9973E-005 0.00151738 0.990077 9.9973E-005 0.00579864 9.9973E-005 0.00230665
9.995E-005 9.995E-005 0.9994 9.995E-005 9.995E-005 9.995E-005 9.995E-005
9.995E-005 9.995E-005 9.995E-005 9.995E-005 0.9994 9.995E-005 9.995E-005
9.995E-005 0.9994 9.995E-005 9.995E-005 9.995E-005 9.995E-005 9.995E-005
9.9973E-005 9.9973E-005 9.9973E-005 0.00361525 0.989793 0.00521836 0.00107308
9.995E-005 0.9994 9.995E-005 9.995E-005 9.995E-005 9.995E-005 9.995E-005
9.995E-005 0.9994 9.995E-005 9.995E-005 9.995E-005 9.995E-005 9.995E-005
0.0111472 0.00204209 9.9973E-005 0.983569 9.9973E-005 0.00294149 9.9973E-005
9.995E-005 9.995E-005 9.995E-005 0.9994 9.995E-005 9.995E-005 9.995E-005
9.995E-005 9.995E-005 9.995E-005 0.9994 9.995E-005 9.995E-005 9.995E-005
9.9973E-005 0.00593348 9.9973E-005 0.991238 0.00196781 9.9973E-005 0.000560321
9.9973E-005 0.00132022 9.9973E-005 0.995874 0.000695444 9.9973E-005 0.00181023
9.995E-005 9.995E-005 9.995E-005 0.9994 9.995E-005 9.995E-005 9.995E-005
9.995E-005 0.9994 9.995E-005 9.995E-005 9.995E-005 9.995E-005 9.995E-005
0.00146616 0.98345 9.9982E-005 9.9982E-005 0.0071309 0.00585294 0.00190036
9.995E-005 0.9994 9.995E-005 9.995E-005 9.995E-005 9.995E-005 9.995E-005
9.9955E-005 0.996962 9.9955E-005 9.9955E-005 0.00253838 9.9955E-005 9.9955E-005
9.9964E-005 0.998324 9.9964E-005 9.9964E-005 0.000706821 0.000569499 9.9964E-005
9.995E-005 0.9994 9.995E-005 9.995E-005 9.995E-005 9.995E-005 9.995E-005
9.9955E-005 0.994404 9.9955E-005 9.9955E-005 9.9955E-005 9.9955E-005 0.00509604
0.00390578 0.979901 0.00102676 9.9991E-005 0.00188462 0.000582303 0.0125997
9.9973E-005 0.989417 9.9973E-005 9.9973E-005 0.000929206 0.00254844 0.00680494
0.00204495 0.994125 9.9964E-005 9.9964E-005 9.9964E-005 0.00342984 9.9964E-005
0.000437906 0.981189 9.99905E-005 0.00131749 9.99905E-005 0.00116523 0.0156906
9.9964E-005 0.983539 0.00189688 9.9964E-005 9.9964E-005 9.9964E-005 0.0141641
0.00775473 0.977693 9.9982E-005 0.0022927 0.00937218 9.9982E-005 0.00268696
0.00090575 0.994549 9.9982E-005 0.00118754 0.00145408 9.9982E-005 0.00170402
0.00105428 9.9982E-005 0.0189698 0.97753 9.9982E-005 0.000894771 0.00135104
0.0281923 9.9982E-005 0.102903 0.82779 0.000443915 0.0404709 9.9982E-005
0.0192779 0.00358069 0.0795142 0.857871 0.00142446 0.0377375 0.00059438
9.9964E-005 0.000263603 0.00444869 9.9964E-005 9.9964E-005 9.9964E-005 0.994888
9.995E-005 9.995E-005 9.995E-005 9.995E-005 9.995E-005 9.995E-005 0.9994
0.0264954 0.00136554 0.108503 0.81992 0.0012745 0.0387559 0.00368607
0.0482112 0.0080653 0.155303 0.732773 0.0079355 0.0467277 0.000984852
0.0687981 0.0744305 0.147655 0.551659 0.0734343 0.0500695 0.0339537
0.751324 0.00483167 0.0254337 0.114071 9.9982E-005 0.104139 9.9982E-005
0.739324 0.00273734 0.0298966 0.121364 0.0017886 0.104351 0.000539151
9.995E-005 9.995E-005 9.995E-005 9.995E-005 9.995E-005 9.995E-005 0.9994
9.995E-005 9.995E-005 9.995E-005 9.995E-005 9.995E-005 9.995E-005 0.9994
0.743029 0.0048379 0.0275873 0.120471 0.00360105 0.100374 9.9991E-005
0.0552915 9.9982E-005 0.155033 0.735327 9.9982E-005 0.0498104 0.0043387
9.995E-005 9.995E-005 9.995E-005 9.995E-005 9.995E-005 9.995E-005 0.9994
0.752043 0.00278016 0.0304445 0.114625 0.000793294 0.0992149 9.9991E-005
0.0263919 0.0105916 0.12252 0.787328 0.00503975 0.0469372 0.00119142
0.0183799 9.9973E-005 0.0898721 0.859342 9.9973E-005 0.0321061 9.9973E-005
0.0518532 0.0379273 0.190054 0.600346 0.0389946 0.0617449 0.0190805
0.280632 0.0125975 0.128116 0.278643 0.0106091 0.289302 9.9991E-005
0.0280978 0.00153726 0.0933923 0.839146 9.9991E-005 0.0335982 0.00412794
0.0315005 0.00138289 0.0992509 0.816547 9.9991E-005 0.0480225 0.00319665
0.0265147 0.00443941 0.102889 0.826332 0.000904977 0.0347405 0.00417855
0.0116056 9.9964E-005 9.9964E-005 9.9964E-005 0.00546501 9.9964E-005 0.98253
0.0312579 9.9982E-005 0.0850417 0.838323 9.9982E-005 0.0401011 0.00507665
9.995E-005 9.995E-005 9.995E-005 9.995E-005 9.995E-005 9.995E-005 0.9994
0.0202452 9.9973E-005 0.0808723 0.862966 9.9973E-005 0.035617 9.9973E-005
9.995E-005 9.995E-005 9.995E-005 9.995E-005 9.995E-005 9.995E-005 0.9994
0.9994 9.995E-005 9.995E-005 9.995E-005 9.995E-005 9.995E-005 9.995E-005
0.0148134 9.9973E-005 0.0769387 0.868719 9.9973E-005 0.0392291 9.9973E-005
0.941406 9.9973E-005 0.0110824 0.0200789 9.9973E-005 0.0271327 9.9973E-005
0.0174702 0.00200602 0.0849177 0.856344 0.00030205 0.035586 0.00337442
0.0235991 0.00196977 0.0897917 0.834799 0.00301414 0.0467266 9.9991E-005
0.0151803 9.9982E-005 0.068694 0.868555 9.9982E-005 0.042409 0.00496145
0.0184413 0.0016105 0.0678815 0.870422 9.9982E-005 0.0414449 9.9982E-005
9.995E-005 9.995E-005 9.995E-005 9.995E-005 9.995E-005 9.995E-005 0.9994
9.995E-005 9.995E-005 9.995E-005 0.9994 9.995E-005 9.995E-005 9.995E-005
9.995E-005 9.995E-005 9.995E-005 0.9994 9.995E-005 9.995E-005 9.995E-005
0.00941521 9.9964E-005 0.00103959 0.989145 9.9964E-005 9.9964E-005 9.9964E-005
0.00160209 9.9973E-005 0.994958 9.9973E-005 0.00063234 9.9973E-005 0.00250727
0.000414455 0.00507434 0.00556085 0.00314384 0.00166243 0.00368066 0.980463
0.000236344 9.9973E-005 0.97405 0.0208764 9.9973E-005 0.00453744 9.9973E-005
0.000366891 9.9973E-005 0.998724 9.9973E-005 0.000420251 9.9973E-005 0.000188626
0.00776004 9.9973E-005 0.962724 0.0233092 9.9973E-005 0.0059073 9.9973E-005
9.995E-005 9.995E-005 0.9994 9.995E-005 9.995E-005 9.995E-005 9.995E-005
0.00165787 9.9964E-005 0.984894 0.0130482 9.9964E-005 9.9964E-005 9.9964E-005
0.9994 9.995E-005 9.995E-005 9.995E-005 9.995E-005 9.995E-005 9.995E-005
0.9994 9.995E-005 9.995E-005 9.995E-005 9.995E-005 9.995E-005 9.995E-005
0.9994 9.995E-005 9.995E-005 9.995E-005 9.995E-005 9.995E-005 9.995E-005
0.995866 0.000889056 9.9973E-005 9.9973E-005 0.00222216 9.9973E-005 0.00072329
0.0117084 9.9982E-005 0.952477 0.00124379 9.9982E-005 0.00409204 0.0302785
0.97198 9.9973E-005 0.00527458 0.0211354 9.9973E-005 0.00131047 9.9973E-005
9.995E-005 9.995E-005 0.9994 9.995E-005 9.995E-005 9.995E-005 9.995E-005
0.00222318 9.9964E-005 0.971005 0.0263723 9.9964E-005 9.9964E-005 9.9964E-005
9.9955E-005 9.9955E-005 0.974369 0.0251308 9.9955E-005 9.9955E-005 9.9955E-005
0.00127199 9.9964E-005 0.98218 0.0161477 9.9964E-005 9.9964E-005 9.9964E-005
0.00023035 9.9973E-005 0.977321 0.0215189 9.9973E-005 9.9973E-005 0.000630295
0.00186091 9.9973E-005 0.984275 9.9973E-005 0.00246456 0.0110997 9.9973E-005
0.0047465 0.000967245 0.964504 0.0238748 9.9991E-005 0.00355023 0.00225756
9.9955E-005 9.9955E-005 0.968241 0.0312593 9.9955E-005 9.9955E-005 9.9955E-005
0.00386964 9.9982E-005 0.963955 0.0205906 0.00349991 0.00788466 9.9982E-005
0.0189191 0.000301651 0.956474 0.0169052 0.00117125 0.00435637 0.00187192
0.00281217 0.00125053 0.98805 9.9982E-005 0.00253309 0.00515469 9.9982E-005
0.00394162 0.000732747 0.98022 9.9973E-005 9.9973E-005 0.0148059 9.9973E-005
0.000642862 9.9964E-005 0.972749 0.0262083 9.9964E-005 9.9964E-005 9.9964E-005
9.9973E-005 9.9973E-005 0.957748 0.0373046 0.0018307 0.00281671 9.9973E-005
0.00340029 9.9982E-005 0.973951 0.0149198 9.9982E-005 0.00727291 0.000256539
0.00622208 0.00765175 0.96355 0.00627323 0.0121924 9.9991E-005 0.00401103
9.9964E-005 0.99091 9.9964E-005 0.00335609 9.9964E-005 9.9964E-005 0.00533397
0.0017791 0.996495 9.9964E-005 0.0013262 9.9964E-005 9.9964E-005 9.9964E-005
0.00349512 0.996005 9.9955E-005 9.9955E-005 9.9955E-005 9.9955E-005 9.9955E-005
0.00721094 0.00537454 0.978972 9.9982E-005 0.00668655 9.9982E-005 0.00155614
0.2684 0.0348092 0.142859 0.238321 0.0240032 0.277119 0.0144889
9.9955E-005 9.9955E-005 9.9955E-005 0.00218442 0.997316 9.9955E-005 9.9955E-005
0.00289983 0.000387147 9.9982E-005 9.9982E-005 0.992137 0.00222524 0.00215069
9.995E-005 9.995E-005 9.995E-005 9.995E-005 0.9994 9.995E-005 9.995E-005
9.9964E-005 0.00427982 9.9964E-005 9.9964E-005 0.990158 9.9964E-005 0.00516233
0.000217672 9.9973E-005 0.0022702 0.000364077 0.996848 9.9973E-005 9.9973E-005
9.995E-005 9.995E-005 9.995E-005 9.995E-005 0.9994 9.995E-005 9.995E-005
0.00373365 0.920171 9.99879E-005 9.99879E-005 0.0129401 0.00292052 0.0600344
9.9955E-005 0.00071358 9.9955E-005 9.9955E-005 0.998787 9.9955E-005 9.9955E-005
9.995E-005 0.9994 9.995E-005 9.995E-005 9.995E-005 9.995E-005 9.995E-005
9.99781E-005 0.0065458 9.99781E-005 0.00746017 0.977365 0.00832884 9.99781E-005
9.9964E-005 0.003826 9.9964E-005 9.9964E-005 0.994886 9.9964E-005 0.000888473
9.995E-005 9.995E-005 9.995E-005 9.995E-005 0.9994 9.995E-005 9.995E-005
0.000992805 9.9964E-005 9.9964E-005 9.9964E-005 0.994579 9.9964E-005 0.00402788
0.00186704 0.00053059 0.96745 0.0208677 9.9991E-005 0.00682171 0.00236286
9.995E-005 9.995E-005 9.995E-005 9.995E-005 0.9994 9.995E-005 9.995E-005
9.9955E-005 0.997625 9.9955E-005 9.9955E-005 0.00187567 9.9955E-005 9.9955E-005
9.9973E-005 0.0017107 0.990671 9.9973E-005 0.00261277 9.9973E-005 0.00470588
9.995E-005 9.995E-005 9.995E-005 0.9994 9.995E-005 9.995E-005 9.995E-005
9.9973E-005 0.00428079 0.00199337 9.9973E-005 0.992024 9.9973E-005 0.00140233
9.995E-005 9.995E-005 9.995E-005 9.995E-005 9.995E-005 9.995E-005 0.9994
9.9964E-005 9.9964E-005 9.9964E-005 0.00505008 0.000928477 9.9964E-005 0.993622
9.995E-005 9.995E-005 9.995E-005 0.9994 9.995E-005 9.995E-005 9.995E-005
9.9955E-005 9.9955E-005 9.9955E-005 9.9955E-005 0.00298219 9.9955E-005 0.996518
9.995E-005 9.995E-005 0.9994 9.995E-005 9.995E-005 9.995E-005 9.995E-005
9.9964E-005 9.9964E-005 0.989147 0.00997251 9.9964E-005 9.9964E-005 0.00048036
0.00482565 0.00227365 0.942861 0.0471054 0.00236178 9.9991E-005 0.000472817
0.010093 9.9964E-005 0.988071 9.9964E-005 9.9964E-005 0.00143567 9.9964E-005
0.000694523 9.9973E-005 0.967286 0.0289592 9.9973E-005 0.00276034 9.9973E-005
0.00148128 0.00563171 0.96752 0.0193401 0.00384297 0.00208381 9.9991E-005
0.00241636 9.9964E-005 0.996709 9.9964E-005 0.000475017 9.9964E-005 9.9964E-005
9.995E-005 9.995E-005 9.995E-005 0.9994 9.995E-005 9.995E-005 9.995E-005
9.995E-005 9.995E-005 9.995E-005 0.9994 9.995E-005 9.995E-005 9.995E-005
9.995E-005 9.995E-005 0.9994 9.995E-005 9.995E-005 9.995E-005 9.995E-005
9.9964E-005 0.996165 0.0026972 9.9964E-005 9.9964E-005 9.9964E-005 0.000738063
9.9982E-005 0.910857 0.00183623 0.0148823 0.0163354 9.9982E-005 0.0558893
0.0045275 0.890425 0.00658844 0.0111825 0.0115213 9.9991E-005 0.0756553
0.0300396 0.599723 0.0694741 0.107615 0.0678184 0.0327877 0.0925418
0.00218673 0.917575 9.9982E-005 9.9982E-005 0.0111495 0.00252389 0.066365
9.9973E-005 0.985025 0.000470774 0.0117714 0.00243291 9.9973E-005 9.9973E-005
9.9955E-005 0.998615 0.000884871 9.9955E-005 9.9955E-005 9.9955E-005 9.9955E-005
9.995E-005 0.9994 9.995E-005 9.995E-005 9.995E-005 9.995E-005 9.995E-005
0.00174461 0.918067 9.9991E-005 0.0014636 0.0154495 0.00868988 0.0544852
9.995E-005 9.995E-005 9.995E-005 0.9994 9.995E-005 9.995E-005 9.995E-005
9.995E-005 9.995E-005 9.995E-005 9.995E-005 9.995E-005 9.995E-005 0.9994
0.0554836 0.086785 0.0704544 0.63052 0.0757017 0.0403196 0.0407353
9.995E-005 9.995E-005 9.995E-005 0.9994 9.995E-005 9.995E-005 9.995E-005
9.9955E-005 0.000515106 9.9955E-005 0.998985 9.9955E-005 9.9955E-005 9.9955E-005
9.9955E-005 9.9955E-005 0.00538825 9.9955E-005 9.9955E-005 9.9955E-005 0.994112
9.995E-005 9.995E-005 9.995E-005 9.995E-005 0.9994 9.995E-005 9.995E-005
0.0359725 9.9982E-005 0.650302 0.269776 9.9982E-005 0.0411112 0.00263858
9.995E-005 9.995E-005 9.995E-005 0.9994 9.995E-005 9.995E-005 9.995E-005
9.995E-005 9.995E-005 9.995E-005 0.9994 9.995E-005 9.995E-005 9.995E-005
9.995E-005 9.995E-005 9.995E-005 0.9994 9.995E-005 9.995E-005 9.995E-005
9.9964E-005 9.9964E-005 9.9964E-005 0.997767 0.00163694 9.9964E-005 0.000195945
9.995E-005 9.995E-005 9.995E-005 0.9994 9.995E-005 9.995E-005 9.995E-005
9.995E-005 9.995E-005 9.995E-005 0.9994 9.995E-005 9.995E-005 9.995E-005
