0.00343557 0.673051 0.00349956 0.00774794 0.203198 0.109067
0.00618608 0.662767 0.0102031 0.00545475 0.215245 0.100144
9.9973E-005 9.9973E-005 9.9973E-005 0.00756572 0.988359 0.00377577
9.996E-005 9.996E-005 9.996E-005 9.996E-005 0.9995 9.996E-005
0.00384366 9.9973E-005 9.9973E-005 0.000202588 0.995654 9.9973E-005
9.996E-005 9.996E-005 9.996E-005 9.996E-005 0.9995 9.996E-005
9.996E-005 9.996E-005 9.996E-005 9.996E-005 0.9995 9.996E-005
9.996E-005 9.996E-005 9.996E-005 9.996E-005 0.9995 9.996E-005
0.989156 9.9982E-005 0.00610829 9.9982E-005 0.00316311 0.00137246
0.00638251 9.9973E-005 0.000778237 9.9973E-005 9.9973E-005 0.992539
9.99812E-005 9.99812E-005 0.00326504 0.00257203 9.99812E-005 0.993863
0.120986 0.0288171 0.0546976 0.787424 0.00797562 9.99915E-005
0.00109998 9.9982E-005 0.00304732 0.00281637 9.9982E-005 0.992836
9.9973E-005 9.9973E-005 0.00234982 0.00313374 9.9973E-005 0.994217
0.000699169 9.9982E-005 0.00169826 0.0018786 9.9982E-005 0.995524
0.00393318 9.9973E-005 0.000729187 9.9973E-005 9.9973E-005 0.995038
0.129727 0.0162555 0.0517565 0.775382 0.0198195 0.00705897
0.00352678 0.0467654 9.9982E-005 9.9982E-005 0.855144 0.0943641
0.00430857 0.726332 0.00610342 0.00856339 0.162297 0.0923953
0.00227889 0.697854 0.00836804 0.00988115 0.179674 0.101943
0.00435858 0.708885 0.0073541 0.00634293 0.178054 0.0950062
0.00729015 0.727321 0.00503316 0.00418292 0.17023 0.0859428
0.0030898 0.715643 0.00697519 0.00823107 0.169408 0.0966535
0.00711353 0.71791 0.00822517 0.00126636 0.170253 0.095232
0.0043727 0.73252 0.00578675 0.00419573 0.160123 0.093002
0.00541863 0.72252 0.00634684 0.00591267 0.1616 0.0982023
0.00584372 0.712619 0.00368882 0.00579115 0.178248 0.0938095
0.0109356 0.717116 0.0128647 0.00292823 0.16232 0.0938357
9.996E-005 0.9995 9.996E-005 9.996E-005 9.996E-005 9.996E-005
9.996E-005 0.9995 9.996E-005 9.996E-005 9.996E-005 9.996E-005
9.996E-005 0.9995 9.996E-005 9.996E-005 9.996E-005 9.996E-005
9.996E-005 0.9995 9.996E-005 9.996E-005 9.996E-005 9.996E-005
9.996E-005 0.9995 9.996E-005 9.996E-005 9.996E-005 9.996E-005
0.000934785 0.0397595 9.9991E-005 0.00160835 0.882317 0.0752802
9.9982E-005 0.0295539 9.9982E-005 0.00476911 0.884644 0.0808331
0.00284891 0.0302564 0.00237782 9.9991E-005 0.897397 0.0670202
9.9982E-005 0.0425118 9.9982E-005 0.0074015 0.871563 0.0783238
9.996E-005 9.996E-005 9.996E-005 0.9995 9.996E-005 9.996E-005
9.996E-005 0.9995 9.996E-005 9.996E-005 9.996E-005 9.996E-005
9.996E-005 0.9995 9.996E-005 9.996E-005 9.996E-005 9.996E-005
9.996E-005 0.9995 9.996E-005 9.996E-005 9.996E-005 9.996E-005
9.996E-005 0.9995 9.996E-005 9.996E-005 9.996E-005 9.996E-005
0.991828 0.00615136 0.00172047 9.9973E-005 9.9973E-005 9.9973E-005
0.985598 0.00289623 0.00059975 0.00683133 9.9991E-005 0.00397449
0.996019 0.00300951 0.000671951 9.9973E-005 9.9973E-005 9.9973E-005
0.989239 0.00551303 9.9982E-005 9.9982E-005 0.00250477 0.00254313
0.993165 9.9973E-005 9.9973E-005 9.9973E-005 0.00128108 0.00525373
0.995073 9.9964E-005 9.9964E-005 9.9964E-005 9.9964E-005 0.00452762
0.9995 9.996E-005 9.996E-005 9.996E-005 9.996E-005 9.996E-005
0.998208 9.9973E-005 9.9973E-005 0.000654881 0.000837499 9.9973E-005
0.00411955 9.9982E-005 0.00129823 9.9982E-005 0.0107072 0.983675
0.000942111 0.0147621 0.00107434 9.9991E-005 0.0085844 0.974537
9.9964E-005 9.9964E-005 9.9964E-005 9.9964E-005 0.0197092 0.979891
9.996E-005 9.996E-005 9.996E-005 9.996E-005 9.996E-005 0.9995
9.9973E-005 9.9973E-005 0.00410354 0.0056168 9.9973E-005 0.98998
9.996E-005 9.996E-005 9.996E-005 9.996E-005 9.996E-005 0.9995
0.000345115 9.9964E-005 0.999255 9.9964E-005 9.9964E-005 9.9964E-005
0.9995 9.996E-005 9.996E-005 9.996E-005 9.996E-005 9.996E-005
9.9973E-005 0.00472473 0.99102 9.9973E-005 0.0039552 9.9973E-005
0.9995 9.996E-005 9.996E-005 9.996E-005 9.996E-005 9.996E-005
0.9995 9.996E-005 9.996E-005 9.996E-005 9.996E-005 9.996E-005
0.00225295 0.00976023 0.000633975 9.9982E-005 0.987153 9.9982E-005
9.996E-005 9.996E-005 9.996E-005 9.996E-005 0.9995 9.996E-005
9.996E-005 9.996E-005 9.996E-005 9.996E-005 0.9995 9.996E-005
0.00435282 9.9982E-005 0.00230834 9.9982E-005 0.991609 0.0015297
0.00167586 9.9973E-005 0.00484592 9.9973E-005 0.993178 9.9973E-005
9.996E-005 9.996E-005 9.996E-005 9.996E-005 0.9995 9.996E-005
0.9995 9.996E-005 9.996E-005 9.996E-005 9.996E-005 9.996E-005
0.981078 0.00177365 0.0104213 0.00218878 0.00443835 9.9991E-005
0.9995 9.996E-005 9.996E-005 9.996E-005 9.996E-005 9.996E-005
0.996703 0.00289712 9.99686E-005 9.99686E-005 9.99686E-005 9.99686E-005
0.99907 0.000529993 9.9964E-005 9.9964E-005 9.9964E-005 9.9964E-005
0.9995 9.996E-005 9.996E-005 9.996E-005 9.996E-005 9.996E-005
0.986945 9.9964E-005 9.9964E-005 0.0126556 9.9964E-005 9.9964E-005
0.977219 0.00669382 9.9973E-005 0.0157877 9.9973E-005 9.9973E-005
0.991631 0.00160368 0.0026789 0.00271428 0.00127252 9.9991E-005
0.993389 0.00621158 9.9964E-005 9.9964E-005 9.9964E-005 9.9964E-005
0.979631 9.9964E-005 9.9964E-005 0.0199689 9.9964E-005 9.9964E-005
0.980149 9.9973E-005 9.9973E-005 0.0102505 9.9973E-005 0.00930089
0.97295 0.00103422 0.0119665 0.0108791 9.9991E-005 0.0030699
0.985684 9.9982E-005 0.00442954 0.00707978 9.9982E-005 0.00260653
9.9964E-005 0.00276085 9.9964E-005 9.9964E-005 0.996839 9.9964E-005
9.9991E-005 0.0460447 0.00105405 0.00605066 0.849536 0.0972144
0.00515459 0.0474671 9.9991E-005 0.000846279 0.870643 0.0757886
9.996E-005 9.996E-005 9.996E-005 0.9995 9.996E-005 9.996E-005
9.996E-005 9.996E-005 9.996E-005 0.9995 9.996E-005 9.996E-005
0.00295483 0.0323153 0.00101303 0.00249452 0.859526 0.101696
0.00686458 0.0815434 0.00652295 0.00592119 0.743948 0.1552
0.0824955 0.100049 0.0783327 0.0237382 0.551126 0.164259
0.0094225 0.866353 0.00160123 9.9991E-005 0.102049 0.0204747
0.00137314 0.869275 0.00206731 0.000173816 0.0953974 0.0317136
9.996E-005 9.996E-005 9.996E-005 0.9995 9.996E-005 9.996E-005
9.996E-005 9.996E-005 9.996E-005 0.9995 9.996E-005 9.996E-005
0.00478549 0.86555 0.0014724 9.9991E-005 0.104922 0.0231702
0.00226207 0.0786614 0.00140627 0.00330465 0.760207 0.154158
9.996E-005 9.996E-005 9.996E-005 0.9995 9.996E-005 9.996E-005
0.00615104 0.885103 0.000847377 9.9991E-005 0.0940624 0.0137357
0.0103835 0.0568309 0.00690504 0.00174315 0.819394 0.104743
9.9973E-005 0.036405 9.9973E-005 9.9973E-005 0.879403 0.0838919
0.0336913 0.0937988 0.0404764 0.0182215 0.626113 0.187699
0.0182894 0.495411 0.0107541 0.00118442 0.330809 0.143551
0.00491618 0.0387868 0.00124562 0.00318142 0.865008 0.0868624
0.00224273 0.0475025 9.9991E-005 0.00225824 0.841355 0.106542
0.00584045 0.0373703 0.00159721 0.00182902 0.86285 0.090513
9.9973E-005 0.00602775 0.00218694 0.991485 9.9973E-005 9.9973E-005
0.00508406 0.047364 9.9991E-005 0.00209733 0.855173 0.0901815
0.00030897 9.9973E-005 9.9973E-005 0.997881 9.9973E-005 0.00151009
0.00239361 0.0293304 9.9991E-005 0.000435972 0.889601 0.0781389
9.996E-005 9.996E-005 9.996E-005 0.9995 9.996E-005 9.996E-005
9.996E-005 0.9995 9.996E-005 9.996E-005 9.996E-005 9.996E-005
0.000843612 0.0317501 0.00173765 0.00144462 0.896933 0.0672906
9.996E-005 0.9995 9.996E-005 9.996E-005 9.996E-005 9.996E-005
0.00268575 0.0349941 0.00285304 9.9991E-005 0.877202 0.0821652
9.9982E-005 0.0622495 0.00318727 9.9982E-005 0.851467 0.0828963
0.00503229 0.0355078 9.9982E-005 9.9982E-005 0.897158 0.0621022
0.00203068 0.0241117 9.99852E-005 9.99852E-005 0.910307 0.0633511
9.996E-005 9.996E-005 9.996E-005 0.9995 9.996E-005 9.996E-005
9.996E-005 9.996E-005 9.996E-005 9.996E-005 0.9995 9.996E-005
9.9964E-005 9.9964E-005 9.9964E-005 0.000739484 0.998861 9.9964E-005
0.000529481 0.0014079 9.9973E-005 9.9973E-005 0.997763 9.9973E-005
9.9964E-005 9.9964E-005 9.9964E-005 0.000362526 9.9964E-005 0.999238
0.001896 9.9982E-005 0.00322262 0.983433 0.0112486 9.9982E-005
9.9964E-005 9.9964E-005 9.9964E-005 9.9964E-005 0.0179651 0.981635
9.9964E-005 9.9964E-005 9.9964E-005 0.00372396 9.9964E-005 0.995876
9.9982E-005 0.00148383 9.9982E-005 0.00223659 0.026202 0.969878
9.996E-005 9.996E-005 9.996E-005 9.996E-005 9.996E-005 0.9995
9.9964E-005 0.000615117 9.9964E-005 9.9964E-005 9.9964E-005 0.998985
9.996E-005 0.9995 9.996E-005 9.996E-005 9.996E-005 9.996E-005
9.996E-005 0.9995 9.996E-005 9.996E-005 9.996E-005 9.996E-005
9.996E-005 0.9995 9.996E-005 9.996E-005 9.996E-005 9.996E-005
9.9964E-005 0.996936 0.00266367 9.9964E-005 9.9964E-005 9.9964E-005
9.9982E-005 0.0170898 9.9982E-005 0.0297536 0.000241302 0.952715
9.996E-005 0.9995 9.996E-005 9.996E-005 9.996E-005 9.996E-005
9.996E-005 9.996E-005 9.996E-005 9.996E-005 9.996E-005 0.9995
9.9964E-005 9.9964E-005 9.9964E-005 9.9964E-005 0.0246024 0.974998
9.99649E-005 9.99649E-005 9.99649E-005 9.99649E-005 0.0283971 0.971203
9.9973E-005 9.9973E-005 9.9973E-005 0.000192967 0.00269172 0.996815
9.9964E-005 9.9964E-005 9.9964E-005 9.9964E-005 0.0331582 0.966442
0.000947199 0.00275215 0.00131668 9.9991E-005 0.00492244 0.989962
9.9982E-005 9.9982E-005 0.00109922 0.000322732 0.02266 0.975718
9.9964E-005 9.9964E-005 9.9964E-005 9.9964E-005 0.038995 0.960605
0.00352763 0.0215064 0.000401417 9.9991E-005 0.0149076 0.959557
0.00168126 9.9982E-005 0.0011928 9.9982E-005 0.0294514 0.967475
9.9973E-005 0.00428242 0.00265306 9.9973E-005 9.9973E-005 0.992765
9.9973E-005 0.0154739 0.00147572 9.9973E-005 9.9973E-005 0.98275
9.9982E-005 0.00260936 0.000910441 9.9982E-005 0.023239 0.973041
0.00234654 9.9991E-005 0.00234038 0.00136155 0.0309965 0.962855
9.9973E-005 0.00299791 9.9973E-005 9.9973E-005 0.00411585 0.992586
0.0101903 0.000672472 0.013636 0.000433838 0.0264177 0.94865
0.993103 9.9964E-005 9.9964E-005 0.00649666 9.9964E-005 9.9964E-005
0.9995 9.996E-005 9.996E-005 9.996E-005 9.996E-005 9.996E-005
0.9995 9.996E-005 9.996E-005 9.996E-005 9.996E-005 9.996E-005
0.00371763 9.9982E-005 0.00574187 0.00274782 9.9982E-005 0.987593
0.032275 0.477872 0.0274775 0.0192953 0.276555 0.166525
9.9973E-005 0.00442763 0.99489 0.000382155 9.9973E-005 9.9973E-005
0.00335341 0.00431688 0.986147 0.00542373 9.9991E-005 0.000659218
9.996E-005 9.996E-005 0.9995 9.996E-005 9.996E-005 9.996E-005
0.00445853 9.9982E-005 0.992978 0.000720367 0.00164356 9.9982E-005
9.996E-005 9.996E-005 0.9995 9.996E-005 9.996E-005 9.996E-005
9.996E-005 9.996E-005 0.9995 9.996E-005 9.996E-005 9.996E-005
0.921903 9.9991E-005 0.00816111 0.0617387 0.00370092 0.00439586
9.996E-005 9.996E-005 0.9995 9.996E-005 9.996E-005 9.996E-005
0.998672 9.9964E-005 9.9964E-005 9.9964E-005 9.9964E-005 0.000927656
0.00526348 0.00298457 0.981729 9.9982E-005 0.00982275 9.9982E-005
0.00815909 9.9973E-005 0.989918 0.00162347 9.9973E-005 9.9973E-005
9.996E-005 9.996E-005 0.9995 9.996E-005 9.996E-005 9.996E-005
0.00203209 9.9973E-005 0.997564 0.000103807 9.9973E-005 9.9973E-005
9.9982E-005 0.0104517 9.9982E-005 0.000976478 0.0316505 0.956721
9.996E-005 9.996E-005 0.9995 9.996E-005 9.996E-005 9.996E-005
0.99782 9.9964E-005 0.00177979 9.9964E-005 9.9964E-005 9.9964E-005
9.9982E-005 9.9982E-005 0.00153081 0.00657999 0.00466267 0.987027
9.996E-005 9.996E-005 9.996E-005 9.996E-005 0.9995 9.996E-005
9.9964E-005 9.9964E-005 0.998177 0.00142265 9.9964E-005 9.9964E-005
9.996E-005 9.996E-005 9.996E-005 0.9995 9.996E-005 9.996E-005
9.9964E-005 9.9964E-005 9.9964E-005 0.998585 0.00101497 9.9964E-005
9.996E-005 9.996E-005 9.996E-005 9.996E-005 0.9995 9.996E-005
9.9964E-005 0.000862049 9.9964E-005 0.998738 9.9964E-005 9.9964E-005
9.9964E-005 9.9964E-005 9.9964E-005 9.9964E-005 0.00159652 0.998004
9.9964E-005 9.9964E-005 9.9964E-005 9.9964E-005 0.0150891 0.984511
0.00378954 9.99906E-005 9.99906E-005 0.00398523 0.0370761 0.954949
9.9964E-005 0.0014035 9.9964E-005 9.9964E-005 9.9964E-005 0.998197
9.9982E-005 0.00151138 9.9982E-005 0.00078821 0.0504268 0.947074
0.00329147 0.000615733 0.00378543 0.00283948 0.0204715 0.968996
9.996E-005 9.996E-005 9.996E-005 9.996E-005 9.996E-005 0.9995
9.996E-005 9.996E-005 9.996E-005 9.996E-005 0.9995 9.996E-005
9.996E-005 9.996E-005 9.996E-005 9.996E-005 0.9995 9.996E-005
9.996E-005 9.996E-005 9.996E-005 9.996E-005 9.996E-005 0.9995
0.991215 9.9964E-005 9.9964E-005 9.9964E-005 9.9964E-005 0.00838556
0.904794 9.9991E-005 0.0114845 0.0661032 0.0164409 0.00107749
0.896989 0.00343666 0.00899326 0.0709081 0.0074679 0.0122052
0.58754 0.0542957 0.0708573 0.109905 0.105783 0.0716189
0.920567 0.00148768 0.00927204 0.062552 0.00602132 9.9991E-005
0.982521 9.9991E-005 0.00277209 0.00390537 0.00795445 0.00274717
0.999024 9.9964E-005 9.9964E-005 9.9964E-005 9.9964E-005 0.000576027
0.9995 9.996E-005 9.996E-005 9.996E-005 9.996E-005 9.996E-005
0.910776 0.00178735 0.0157208 0.0620247 0.0095912 9.9991E-005
9.996E-005 9.996E-005 9.996E-005 9.996E-005 0.9995 9.996E-005
9.996E-005 9.996E-005 9.996E-005 0.9995 9.996E-005 9.996E-005
0.0806037 0.0665453 0.0851705 0.0426312 0.637358 0.0876909
9.996E-005 9.996E-005 9.996E-005 9.996E-005 0.9995 9.996E-005
9.9964E-005 9.9964E-005 9.9964E-005 0.0013766 0.998224 9.9964E-005
9.9964E-005 9.9964E-005 9.9964E-005 0.998235 0.00136466 9.9964E-005
9.9964E-005 9.9964E-005 0.999418 9.9964E-005 9.9964E-005 0.000181657
9.9991E-005 0.0574953 0.00171081 0.00215797 0.275799 0.662737
9.996E-005 9.996E-005 9.996E-005 9.996E-005 0.9995 9.996E-005
9.996E-005 9.996E-005 9.996E-005 9.996E-005 0.9995 9.996E-005
9.996E-005 9.996E-005 9.996E-005 9.996E-005 0.9995 9.996E-005
9.9964E-005 9.9964E-005 0.00217354 9.9964E-005 0.997427 9.9964E-005
9.996E-005 9.996E-005 9.996E-005 9.996E-005 0.9995 9.996E-005
9.996E-005 9.996E-005 9.996E-005 9.996E-005 0.9995 9.996E-005
