0.000159522 0.00601546 0.0332764 0.886249 0.0216797 9.9964E-005 9.9964E-005 9.9964E-005 0.0143543 0.0194185 0.0184468 9.9964E-005
0.000480412 0.0178156 0.0242857 0.890775 0.0102066 9.9973E-005 9.9973E-005 0.00123454 0.0229618 0.0202113 0.0117292 9.9973E-005
9.9973E-005 0.00206921 0.89343 0.00957239 0.0518117 0.00195051 9.9973E-005 0.00262245 0.0265338 0.00981985 0.00189035 9.9973E-005
9.9937E-005 9.9937E-005 0.893634 0.00389148 0.059742 9.9937E-005 9.9937E-005 9.9937E-005 0.0226237 0.0194097 9.9937E-005 9.9937E-005
0.00435308 0.00593465 0.917106 0.00281531 0.0318352 9.9973E-005 0.00148679 0.00200197 0.0327633 0.00140391 9.9973E-005 9.9973E-005
9.99011E-005 9.99011E-005 0.998901 9.99011E-005 9.99011E-005 9.99011E-005 9.99011E-005 9.99011E-005 9.99011E-005 9.99011E-005 9.99011E-005 9.99011E-005
9.9919E-005 0.00658735 0.990825 9.9919E-005 0.00168839 9.9919E-005 9.9919E-005 9.9919E-005 9.9919E-005 9.9919E-005 9.9919E-005 9.9919E-005
9.9919E-005 9.9919E-005 0.99616 9.9919E-005 0.00122963 9.9919E-005 9.9919E-005 9.9919E-005 9.9919E-005 0.00171152 9.9919E-005 9.9919E-005
9.9919E-005 9.9919E-005 0.00721159 9.9919E-005 9.9919E-005 9.9919E-005 0.984979 0.00690987 9.9919E-005 9.9919E-005 9.9919E-005 9.9919E-005
9.99281E-005 9.99281E-005 9.99281E-005 0.00190104 9.99281E-005 9.99281E-005 0.00213225 0.00430051 0.990867 9.99281E-005 9.99281E-005 9.99281E-005
0.00585602 9.99191E-005 9.99191E-005 9.99191E-005 9.99191E-005 9.99191E-005 9.99191E-005 0.00135977 0.991885 9.99191E-005 9.99191E-005 9.99191E-005
0.783153 9.9937E-005 9.9937E-005 9.9937E-005 9.9937E-005 9.9937E-005 0.0596038 0.0535523 9.9937E-005 9.9937E-005 0.0416905 0.0613009
0.00325423 9.9928E-005 9.9928E-005 9.9928E-005 9.9928E-005 9.9928E-005 9.9928E-005 0.00353466 0.991902 9.9928E-005 9.9928E-005 0.000509732
0.00467401 9.9928E-005 9.9928E-005 0.00207662 9.9928E-005 9.9928E-005 9.9928E-005 0.000910586 0.991539 9.9928E-005 9.9928E-005 9.9928E-005
0.00489378 9.9928E-005 9.9928E-005 9.9928E-005 9.9928E-005 9.9928E-005 0.00010381 0.000832605 0.99337 9.9928E-005 9.9928E-005 9.9928E-005
0.00555339 9.99281E-005 9.99281E-005 0.000698116 9.99281E-005 9.99281E-005 9.99281E-005 0.00162188 0.991327 9.99281E-005 9.99281E-005 9.99281E-005
0.773687 9.9955E-005 0.00556197 9.9955E-005 9.9955E-005 9.9955E-005 0.0673737 0.0499184 9.9955E-005 0.00239748 0.0407155 0.0598458
9.9955E-005 0.00523507 0.00127161 0.00963666 0.964647 0.0013956 9.9955E-005 9.9955E-005 0.0137882 0.00352604 9.9955E-005 9.9955E-005
9.99101E-005 9.99101E-005 9.99101E-005 0.99844 9.99101E-005 0.000560479 9.99101E-005 9.99101E-005 9.99101E-005 9.99101E-005 9.99101E-005 9.99101E-005
9.99191E-005 9.99191E-005 9.99191E-005 0.994158 9.99191E-005 0.00177787 9.99191E-005 0.00316462 9.99191E-005 9.99191E-005 9.99191E-005 9.99191E-005
9.99101E-005 9.99101E-005 0.000664997 0.998336 9.99101E-005 9.99101E-005 9.99101E-005 9.99101E-005 9.99101E-005 9.99101E-005 9.99101E-005 9.99101E-005
9.99011E-005 9.99011E-005 9.99011E-005 0.998901 9.99011E-005 9.99011E-005 9.99011E-005 9.99011E-005 9.99011E-005 9.99011E-005 9.99011E-005 9.99011E-005
0.00015539 9.991E-005 9.991E-005 0.998846 9.991E-005 9.991E-005 9.991E-005 9.991E-005 9.991E-005 9.991E-005 9.991E-005 9.991E-005
9.99011E-005 9.99011E-005 9.99011E-005 0.998901 9.99011E-005 9.99011E-005 9.99011E-005 9.99011E-005 9.99011E-005 9.99011E-005 9.99011E-005 9.99011E-005
9.99011E-005 9.99011E-005 9.99011E-005 0.998901 9.99011E-005 9.99011E-005 9.99011E-005 9.99011E-005 9.99011E-005 9.99011E-005 9.99011E-005 9.99011E-005
9.99101E-005 9.99101E-005 9.99101E-005 0.997549 9.99101E-005 0.00145181 9.99101E-005 9.99101E-005 9.99101E-005 9.99101E-005 9.99101E-005 9.99101E-005
9.99011E-005 9.99011E-005 9.99011E-005 0.998901 9.99011E-005 9.99011E-005 9.99011E-005 9.99011E-005 9.99011E-005 9.99011E-005 9.99011E-005 9.99011E-005
0.000461093 9.9928E-005 9.9928E-005 0.995226 9.9928E-005 0.00318554 9.9928E-005 0.000328057 9.9928E-005 9.9928E-005 9.9928E-005 9.9928E-005
9.9964E-005 0.880185 0.00308041 0.0262727 0.0021684 9.9964E-005 9.9964E-005 0.000405214 0.00279067 0.0751561 0.00954129 9.9964E-005
9.9946E-005 0.896375 0.0145169 0.00881014 9.9946E-005 9.9946E-005 9.9946E-005 9.9946E-005 0.00176907 0.0751496 0.00277927 9.9946E-005
9.99011E-005 0.998901 9.99011E-005 9.99011E-005 9.99011E-005 9.99011E-005 9.99011E-005 9.99011E-005 9.99011E-005 9.99011E-005 9.99011E-005 9.99011E-005
9.99101E-005 0.996916 9.99101E-005 9.99101E-005 9.99101E-005 9.99101E-005 9.99101E-005 9.99101E-005 9.99101E-005 9.99101E-005 0.00208456 9.99101E-005
9.99101E-005 0.997879 9.99101E-005 0.001122 9.99101E-005 9.99101E-005 9.99101E-005 9.99101E-005 9.99101E-005 9.99101E-005 9.99101E-005 9.99101E-005
9.99011E-005 9.99011E-005 9.99011E-005 9.99011E-005 0.998901 9.99011E-005 9.99011E-005 9.99011E-005 9.99011E-005 9.99011E-005 9.99011E-005 9.99011E-005
9.99011E-005 9.99011E-005 9.99011E-005 9.99011E-005 0.998901 9.99011E-005 9.99011E-005 9.99011E-005 9.99011E-005 9.99011E-005 9.99011E-005 9.99011E-005
9.99011E-005 9.99011E-005 9.99011E-005 9.99011E-005 0.998901 9.99011E-005 9.99011E-005 9.99011E-005 9.99011E-005 9.99011E-005 9.99011E-005 9.99011E-005
9.99011E-005 9.99011E-005 9.99011E-005 9.99011E-005 0.998901 9.99011E-005 9.99011E-005 9.99011E-005 9.99011E-005 9.99011E-005 9.99011E-005 9.99011E-005
0.998901 9.99011E-005 9.99011E-005 9.99011E-005 9.99011E-005 9.99011E-005 9.99011E-005 9.99011E-005 9.99011E-005 9.99011E-005 9.99011E-005 9.99011E-005
9.9937E-005 0.992529 9.9937E-005 0.00193435 0.000743043 9.9937E-005 9.9937E-005 9.9937E-005 0.00181432 0.00228007 9.9937E-005 9.9937E-005
0.00410451 0.990046 9.9928E-005 9.9928E-005 9.9928E-005 0.00393802 9.9928E-005 0.00111164 9.9928E-005 9.9928E-005 9.9928E-005 9.9928E-005
9.9919E-005 0.994569 9.9919E-005 9.9919E-005 0.0017374 9.9919E-005 9.9919E-005 9.9919E-005 0.00279423 9.9919E-005 9.9919E-005 9.9919E-005
9.99383E-005 0.991266 9.99383E-005 0.00271108 9.99383E-005 9.99383E-005 9.99383E-005 0.00170165 9.99383E-005 9.99383E-005 0.00129647 0.00232474
9.9928E-005 9.9928E-005 9.9928E-005 0.0033743 9.9928E-005 9.9928E-005 0.988058 0.00743146 9.9928E-005 9.9928E-005 0.00033654 9.9928E-005
0.00897219 9.9946E-005 9.9946E-005 0.00404297 9.9946E-005 0.00905243 0.923924 0.000118857 9.9946E-005 9.9946E-005 9.9946E-005 0.0532895
9.99191E-005 9.99191E-005 9.99191E-005 0.00401473 9.99191E-005 9.99191E-005 0.991781 0.00330528 9.99191E-005 9.99191E-005 9.99191E-005 9.99191E-005
9.9928E-005 9.9928E-005 9.9928E-005 0.00381613 9.9928E-005 0.0176535 0.97714 9.9928E-005 9.9928E-005 0.000591161 9.9928E-005 9.9928E-005
0.000535942 0.00254967 0.00434067 9.9955E-005 9.9955E-005 9.9955E-005 0.986583 0.000758275 0.0042798 0.000452777 9.9955E-005 9.9955E-005
9.99237E-005 9.99237E-005 0.00556075 9.99237E-005 9.99237E-005 9.99237E-005 0.987497 9.99237E-005 9.99237E-005 9.99237E-005 9.99237E-005 0.00604333
0.00173111 9.99191E-005 9.99191E-005 9.99191E-005 9.99191E-005 9.99191E-005 0.996513 0.000856406 9.99191E-005 9.99191E-005 9.99191E-005 9.99191E-005
0.00947934 9.9919E-005 9.9919E-005 9.9919E-005 9.9919E-005 0.00588005 0.983741 9.9919E-005 9.9919E-005 9.9919E-005 9.9919E-005 9.9919E-005
9.9937E-005 9.9937E-005 0.00171157 9.9937E-005 9.9937E-005 0.00381445 9.9937E-005 0.00222904 0.980085 9.9937E-005 0.01146 9.9937E-005
9.9955E-005 9.9955E-005 0.000903742 0.0113158 0.00997758 9.9955E-005 9.9955E-005 9.9955E-005 0.962529 0.010849 0.00226364 0.00166105
9.9928E-005 9.9928E-005 0.0185546 9.9928E-005 0.0148086 9.9928E-005 9.9928E-005 9.9928E-005 0.959827 0.0060099 9.9928E-005 9.9928E-005
9.99191E-005 9.99191E-005 9.99191E-005 0.00214147 9.99191E-005 9.99191E-005 9.99191E-005 9.99191E-005 0.99612 0.000839494 9.99191E-005 9.99191E-005
0.00597925 9.9928E-005 9.9928E-005 9.9928E-005 9.9928E-005 0.00225469 9.9928E-005 0.00241782 0.988549 9.9928E-005 9.9928E-005 9.9928E-005
9.99048E-005 9.99048E-005 9.99048E-005 9.99048E-005 9.99048E-005 9.99048E-005 9.99048E-005 9.99048E-005 0.998901 9.99048E-005 9.99048E-005 9.99048E-005
9.99101E-005 9.99101E-005 9.99101E-005 0.00146274 9.99101E-005 9.99101E-005 9.99101E-005 0.997538 9.99101E-005 9.99101E-005 9.99101E-005 9.99101E-005
9.99011E-005 9.99011E-005 9.99011E-005 9.99011E-005 9.99011E-005 9.99011E-005 0.998901 9.99011E-005 9.99011E-005 9.99011E-005 9.99011E-005 9.99011E-005
0.002068 9.9937E-005 9.9937E-005 0.00451178 9.9937E-005 9.9937E-005 9.9937E-005 0.989608 9.9937E-005 0.00154093 0.00157222 9.9937E-005
9.99101E-005 9.99101E-005 9.99101E-005 9.99101E-005 9.99101E-005 9.99101E-005 0.998765 9.99101E-005 0.000235563 9.99101E-005 9.99101E-005 9.99101E-005
9.99011E-005 9.99011E-005 9.99011E-005 9.99011E-005 9.99011E-005 9.99011E-005 0.998901 9.99011E-005 9.99011E-005 9.99011E-005 9.99011E-005 9.99011E-005
9.9946E-005 0.00434399 0.920546 0.00522056 0.0291531 9.9946E-005 9.9946E-005 9.9946E-005 0.0204744 0.0196627 9.9946E-005 9.9946E-005
9.99011E-005 9.99011E-005 0.998901 9.99011E-005 9.99011E-005 9.99011E-005 9.99011E-005 9.99011E-005 9.99011E-005 9.99011E-005 9.99011E-005 9.99011E-005
9.99011E-005 9.99011E-005 0.998901 9.99011E-005 9.99011E-005 9.99011E-005 9.99011E-005 9.99011E-005 9.99011E-005 9.99011E-005 9.99011E-005 9.99011E-005
0.00397241 0.00368078 0.93586 0.00173996 0.0119132 9.9982E-005 0.00148002 0.00182205 0.0341145 0.00192099 0.00329649 9.9982E-005
9.99846E-005 0.00358369 0.930811 0.00719721 0.0248403 0.00191458 0.00292433 0.000779662 0.0230716 0.00249935 0.00217828 9.99846E-005
9.9919E-005 9.9919E-005 0.99185 0.00299341 9.9919E-005 9.9919E-005 9.9919E-005 9.9919E-005 9.9919E-005 0.00425698 9.9919E-005 9.9919E-005
9.9928E-005 0.00212921 9.9928E-005 9.9928E-005 0.000108754 0.00088726 0.996075 9.9928E-005 9.9928E-005 9.9928E-005 9.9928E-005 9.9928E-005
0.00527052 9.9955E-005 9.9955E-005 0.00115227 0.00428686 9.9955E-005 0.915328 0.0113016 9.9955E-005 9.9955E-005 0.00267172 0.0594895
0.000271673 9.99191E-005 9.99191E-005 9.99191E-005 9.99191E-005 0.0034775 0.995352 9.99191E-005 9.99191E-005 9.99191E-005 9.99191E-005 9.99191E-005
9.9937E-005 9.9937E-005 9.9937E-005 9.9937E-005 9.9937E-005 9.9937E-005 0.991984 0.000874452 9.9937E-005 0.00176019 0.00393077 0.000751027
9.99191E-005 9.99191E-005 9.99191E-005 9.99191E-005 0.0017815 9.99191E-005 0.996189 9.99191E-005 9.99191E-005 9.99191E-005 0.00113018 9.99191E-005
0.00300431 9.9928E-005 9.9928E-005 0.00436956 9.9928E-005 9.9928E-005 0.980499 9.9928E-005 9.9928E-005 9.9928E-005 9.9928E-005 0.0113279
0.00411186 9.9937E-005 9.9937E-005 0.00167548 9.9937E-005 0.000799304 0.936498 9.9937E-005 9.9937E-005 9.9937E-005 9.9937E-005 0.0562162
0.0138272 9.9946E-005 9.9946E-005 9.9946E-005 9.9946E-005 0.0141174 0.901882 9.9946E-005 9.9946E-005 0.00130027 0.000988354 0.067285
0.00428324 9.9937E-005 9.9937E-005 9.9937E-005 9.9937E-005 9.9937E-005 0.92146 0.00284611 9.9937E-005 0.00336606 9.9937E-005 0.0673451
9.99191E-005 9.99191E-005 9.99191E-005 0.00492283 9.99191E-005 9.99191E-005 0.991126 9.99191E-005 9.99191E-005 0.00305197 9.99191E-005 9.99191E-005
0.0189409 9.99281E-005 9.99281E-005 9.99281E-005 9.99281E-005 0.00599337 0.902994 9.99281E-005 9.99281E-005 9.99281E-005 9.99281E-005 0.0712723
0.0109823 9.99371E-005 9.99371E-005 9.99371E-005 9.99371E-005 0.0406823 0.905668 9.99371E-005 9.99371E-005 9.99371E-005 0.000370572 0.0415968
0.0145793 0.00318257 9.9955E-005 0.00213944 9.9955E-005 9.9955E-005 0.92296 0.0137118 9.9955E-005 0.000498586 9.9955E-005 0.0424284
0.00744338 9.9946E-005 9.9946E-005 9.9946E-005 9.9946E-005 0.00506837 0.925509 0.00409177 0.0027306 9.9946E-005 9.9946E-005 0.0545568
9.9946E-005 9.9946E-005 0.907159 0.00483354 0.0491707 0.00207134 9.9946E-005 9.9946E-005 0.0215443 0.0146213 9.9946E-005 9.9946E-005
9.9955E-005 9.9955E-005 0.0476109 0.00214155 0.898171 0.00115838 9.9955E-005 9.9955E-005 0.033691 0.00930175 0.00742572 9.9955E-005
9.99191E-005 9.99191E-005 9.99191E-005 9.99191E-005 0.988989 9.99191E-005 9.99191E-005 9.99191E-005 0.00968228 9.99191E-005 0.000429743 9.99191E-005
0.998901 9.99011E-005 9.99011E-005 9.99011E-005 9.99011E-005 9.99011E-005 9.99011E-005 9.99011E-005 9.99011E-005 9.99011E-005 9.99011E-005 9.99011E-005
0.998901 9.99011E-005 9.99011E-005 9.99011E-005 9.99011E-005 9.99011E-005 9.99011E-005 9.99011E-005 9.99011E-005 9.99011E-005 9.99011E-005 9.99011E-005
9.993E-005 9.993E-005 9.993E-005 9.993E-005 0.978178 9.993E-005 9.993E-005 0.000823864 0.0182783 9.993E-005 0.00181135 0.000208981
9.999E-005 0.0256638 0.317761 0.0330711 0.439641 0.00602623 0.000424594 0.00386283 0.123138 0.0217083 0.0273879 0.00121541
0.029729 0.0393107 0.244865 0.0347024 0.315354 0.0129332 0.0628534 0.0596911 0.159294 0.00565225 0.0278744 0.00774083
9.9919E-005 9.9919E-005 9.9919E-005 9.9919E-005 9.9919E-005 9.9919E-005 0.000181701 9.9919E-005 9.9919E-005 0.998467 9.9919E-005 0.000452387
9.9928E-005 0.0139986 9.9928E-005 0.000913449 9.9928E-005 9.9928E-005 9.9928E-005 9.9928E-005 0.00796897 0.97632 9.9928E-005 9.9928E-005
0.998901 9.99011E-005 9.99011E-005 9.99011E-005 9.99011E-005 9.99011E-005 9.99011E-005 9.99011E-005 9.99011E-005 9.99011E-005 9.99011E-005 9.99011E-005
0.996653 9.99101E-005 9.99101E-005 9.99101E-005 9.99101E-005 0.00234764 9.99101E-005 9.99101E-005 9.99101E-005 9.99101E-005 9.99101E-005 9.99101E-005
9.9919E-005 9.9919E-005 9.9919E-005 0.00398062 9.9919E-005 9.9919E-005 9.9919E-005 9.9919E-005 9.9919E-005 0.994626 0.000493941 9.9919E-005
9.9964E-005 0.0168191 0.332172 0.036555 0.441143 0.00269254 9.9964E-005 9.9964E-005 0.126706 0.0254637 0.01805 9.9964E-005
0.998901 9.99011E-005 9.99011E-005 9.99011E-005 9.99011E-005 9.99011E-005 9.99011E-005 9.99011E-005 9.99011E-005 9.99011E-005 9.99011E-005 9.99011E-005
9.99011E-005 9.99011E-005 9.99011E-005 9.99011E-005 9.99011E-005 9.99011E-005 9.99011E-005 9.99011E-005 9.99011E-005 0.998901 9.99011E-005 9.99011E-005
0.00137928 0.0164435 0.0147947 0.00579486 0.90561 0.00351626 9.9991E-005 0.00429924 0.0402866 0.00346061 0.00089747 0.00341711
9.9928E-005 0.00454941 0.0107304 9.9928E-005 0.97634 9.9928E-005 9.9928E-005 9.9928E-005 0.00758095 9.9928E-005 9.9928E-005 9.9928E-005
0.0132109 0.0250504 0.229437 0.0416859 0.421118 9.9982E-005 0.0253484 0.0399512 0.141564 9.9982E-005 0.0469507 0.0154832
9.9973E-005 0.107732 0.119044 0.236299 0.112387 9.9973E-005 9.9973E-005 0.00406117 0.0879501 0.177391 0.149283 0.00555188
9.9955E-005 0.00265761 0.0045793 9.9955E-005 0.97085 0.000262936 9.9955E-005 9.9955E-005 0.0187983 9.9955E-005 0.00147274 0.000879355
9.9946E-005 9.9946E-005 0.0107602 0.00487257 0.947204 9.9946E-005 9.9946E-005 9.9946E-005 0.0264202 0.00697187 0.00317169 9.9946E-005
9.9955E-005 0.00523931 0.0219818 9.9955E-005 0.94797 0.00262281 9.9955E-005 9.9955E-005 0.0172279 0.00113121 0.00332697 9.9955E-005
0.990251 9.9928E-005 9.9928E-005 0.0051255 9.9928E-005 9.9928E-005 9.9928E-005 0.00284913 9.9928E-005 9.9928E-005 0.000975365 9.9928E-005
9.9946E-005 0.00987626 0.0120203 0.00659591 0.961052 9.9946E-005 9.9946E-005 9.9946E-005 0.00813238 0.00172303 9.9946E-005 9.9946E-005
0.992495 9.99191E-005 9.99191E-005 9.99191E-005 9.99191E-005 0.00623019 9.99191E-005 9.99191E-005 0.000375379 9.99191E-005 9.99191E-005 9.99191E-005
9.99011E-005 9.99011E-005 9.99011E-005 9.99011E-005 0.998901 9.99011E-005 9.99011E-005 9.99011E-005 9.99011E-005 9.99011E-005 9.99011E-005 9.99011E-005
0.998901 9.99011E-005 9.99011E-005 9.99011E-005 9.99011E-005 9.99011E-005 9.99011E-005 9.99011E-005 9.99011E-005 9.99011E-005 9.99011E-005 9.99011E-005
0.00274972 0.991826 9.9928E-005 0.00268132 9.9928E-005 9.9928E-005 9.9928E-005 9.9928E-005 9.9928E-005 0.00194346 9.9928E-005 9.9928E-005
9.99011E-005 9.99011E-005 9.99011E-005 9.99011E-005 0.998901 9.99011E-005 9.99011E-005 9.99011E-005 9.99011E-005 9.99011E-005 9.99011E-005 9.99011E-005
9.9955E-005 0.835324 0.0166913 0.0366448 0.0058278 9.9955E-005 9.9955E-005 9.9955E-005 0.00311582 0.0987572 0.00313946 9.9955E-005
9.99011E-005 9.99011E-005 9.99011E-005 9.99011E-005 0.998901 9.99011E-005 9.99011E-005 9.99011E-005 9.99011E-005 9.99011E-005 9.99011E-005 9.99011E-005
9.9946E-005 0.00118382 9.9946E-005 0.0101068 0.978615 9.9946E-005 9.9946E-005 0.000584975 9.9946E-005 0.00723324 0.00167612 9.9946E-005
9.99011E-005 9.99011E-005 9.99011E-005 9.99011E-005 0.998901 9.99011E-005 9.99011E-005 9.99011E-005 9.99011E-005 9.99011E-005 9.99011E-005 9.99011E-005
9.99011E-005 9.99011E-005 9.99011E-005 9.99011E-005 0.998901 9.99011E-005 9.99011E-005 9.99011E-005 9.99011E-005 9.99011E-005 9.99011E-005 9.99011E-005
0.998901 9.99011E-005 9.99011E-005 9.99011E-005 9.99011E-005 9.99011E-005 9.99011E-005 9.99011E-005 9.99011E-005 9.99011E-005 9.99011E-005 9.99011E-005
9.99191E-005 9.99191E-005 0.964521 0.013946 9.99191E-005 9.99191E-005 9.99191E-005 9.99191E-005 0.0206339 9.99191E-005 9.99191E-005 9.99191E-005
0.00100661 9.9937E-005 0.959959 0.0128762 9.9937E-005 9.9937E-005 9.9937E-005 0.00101524 0.0244437 9.9937E-005 9.9937E-005 9.9937E-005
0.00152917 0.00548017 0.911271 9.9964E-005 0.0431936 0.00230904 9.9964E-005 9.9964E-005 0.02411 0.00854035 0.00316687 9.9964E-005
0.0020937 9.99191E-005 9.99191E-005 0.000495525 9.99191E-005 9.99191E-005 9.99191E-005 9.99191E-005 0.996511 9.99191E-005 9.99191E-005 9.99191E-005
0.980182 0.00503168 9.9937E-005 9.9937E-005 9.9937E-005 0.00657185 9.9937E-005 9.9937E-005 0.00697295 9.9937E-005 9.9937E-005 0.000541598
9.9928E-005 9.9928E-005 0.019859 9.9928E-005 0.0170155 9.9928E-005 9.9928E-005 9.9928E-005 0.956221 0.00610559 9.9928E-005 9.9928E-005
0.00153134 9.99191E-005 9.99191E-005 9.99191E-005 9.99191E-005 9.99191E-005 9.99191E-005 9.99191E-005 0.995681 0.00188836 9.99191E-005 9.99191E-005
9.994E-005 9.994E-005 0.00449029 9.994E-005 0.0143868 0.00171631 9.994E-005 9.994E-005 0.96243 0.00162772 0.0147488 9.994E-005
9.99101E-005 9.99101E-005 9.99101E-005 9.99101E-005 9.99101E-005 9.99101E-005 9.99101E-005 9.99101E-005 0.993676 9.99101E-005 0.00532511 9.99101E-005
0.000778287 0.00135425 9.9946E-005 9.9946E-005 0.00115738 9.9946E-005 9.9946E-005 0.000340683 0.991879 0.0038906 9.9946E-005 9.9946E-005
9.99191E-005 0.996284 0.000705628 9.99191E-005 0.00211123 9.99191E-005 9.99191E-005 9.99191E-005 9.99191E-005 9.99191E-005 9.99191E-005 9.99191E-005
9.99011E-005 0.998901 9.99011E-005 9.99011E-005 9.99011E-005 9.99011E-005 9.99011E-005 9.99011E-005 9.99011E-005 9.99011E-005 9.99011E-005 9.99011E-005
9.9928E-005 0.991994 9.9928E-005 9.9928E-005 9.9928E-005 0.00633906 9.9928E-005 9.9928E-005 0.00020719 9.9928E-005 0.000660562 9.9928E-005
9.99191E-005 0.992372 9.99191E-005 9.99191E-005 9.99191E-005 0.00373896 9.99191E-005 9.99191E-005 9.99191E-005 9.99191E-005 0.00298979 9.99191E-005
0.0300745 0.0118906 9.9964E-005 0.0020635 0.00759001 0.00276359 9.9964E-005 9.9964E-005 0.939334 0.00503177 0.000852591 9.9964E-005
9.994E-005 0.894313 0.0299745 0.00192998 0.000964067 9.994E-005 9.994E-005 9.994E-005 0.00894602 0.0632732 9.994E-005 9.994E-005
9.99191E-005 9.99191E-005 9.99191E-005 9.99191E-005 9.99191E-005 0.000105941 9.99191E-005 9.99191E-005 0.995324 9.99191E-005 0.00367084 9.99191E-005
9.9937E-005 0.00488524 0.0100182 9.9937E-005 0.0168289 9.9937E-005 9.9937E-005 9.9937E-005 0.966296 0.00127244 9.9937E-005 9.9937E-005
9.9928E-005 0.00243576 9.9928E-005 9.9928E-005 0.0170744 9.9928E-005 9.9928E-005 9.9928E-005 0.977916 0.00177468 9.9928E-005 9.9928E-005
9.99191E-005 0.000919755 9.99191E-005 9.99191E-005 0.00304699 9.99191E-005 9.99191E-005 9.99191E-005 0.995134 9.99191E-005 9.99191E-005 9.99191E-005
9.9928E-005 9.9928E-005 0.0255984 9.9928E-005 0.0141569 9.9928E-005 9.9928E-005 9.9928E-005 0.959097 0.000348418 9.9928E-005 9.9928E-005
9.9946E-005 9.9946E-005 0.00256045 0.0071527 9.9946E-005 0.00122665 9.9946E-005 0.00214512 0.979622 9.9946E-005 0.0066931 9.9946E-005
9.9964E-005 0.00198705 0.00667468 0.000679515 0.014203 9.9964E-005 0.000427489 0.00139172 0.970942 9.9964E-005 0.00329431 9.9964E-005
9.9928E-005 9.9928E-005 0.0180813 9.9928E-005 0.0156827 9.9928E-005 9.9928E-005 9.9928E-005 0.963351 0.00208572 9.9928E-005 9.9928E-005
9.9964E-005 0.00549206 0.020654 0.00330997 0.00316121 0.00245339 9.9964E-005 0.000601401 0.953117 9.9964E-005 0.0108114 9.9964E-005
9.9937E-005 9.9937E-005 0.0244488 9.9937E-005 9.9937E-005 0.00163653 9.9937E-005 0.00195014 0.961529 9.9937E-005 0.00973585 9.9937E-005
9.9937E-005 0.00026167 9.9937E-005 0.00040031 9.9937E-005 9.9937E-005 9.9937E-005 0.00310649 0.990602 9.9937E-005 0.00492954 9.9937E-005
9.9946E-005 0.00300934 9.9946E-005 0.0181299 0.0122413 9.9946E-005 9.9946E-005 9.9946E-005 0.963729 0.000587889 0.00170278 9.9946E-005
9.9928E-005 0.00738284 0.0135686 9.9928E-005 0.0143505 9.9928E-005 9.9928E-005 9.9928E-005 0.963899 9.9928E-005 9.9928E-005 9.9928E-005
9.9937E-005 9.9937E-005 0.0283114 9.9937E-005 0.00647165 9.9937E-005 0.000980668 9.9937E-005 0.9551 9.9937E-005 0.00843706 9.9937E-005
9.993E-005 9.993E-005 0.00634566 0.00773247 0.00119774 9.993E-005 9.993E-005 9.993E-005 0.982831 9.993E-005 0.00119399 9.993E-005
0.000890757 0.00156153 0.00959277 9.9973E-005 9.9973E-005 0.00436334 9.9973E-005 0.0105849 0.942524 0.00470992 0.0165631 0.00890955
0.00717713 9.99281E-005 9.99281E-005 9.99281E-005 9.99281E-005 0.0110341 0.973474 9.99281E-005 9.99281E-005 9.99281E-005 9.99281E-005 0.00751545
9.99191E-005 9.99191E-005 9.99191E-005 9.99191E-005 9.99191E-005 9.99191E-005 0.993783 0.00114855 9.99191E-005 9.99191E-005 0.00416911 9.99191E-005
9.99186E-005 9.99186E-005 9.99186E-005 9.99186E-005 9.99186E-005 9.99186E-005 0.997319 0.00168193 9.99186E-005 9.99186E-005 9.99186E-005 9.99186E-005
0.00245149 9.9955E-005 9.9955E-005 9.9955E-005 0.00770343 0.00742484 9.9955E-005 0.00257524 0.97164 0.00140704 0.00629791 9.9955E-005
9.9901E-005 9.9901E-005 9.9901E-005 9.9901E-005 9.9901E-005 9.9901E-005 9.9901E-005 9.9901E-005 9.9901E-005 9.9901E-005 0.998901 9.9901E-005
9.99197E-005 0.00346214 9.99197E-005 9.99197E-005 9.99197E-005 9.99197E-005 9.99197E-005 0.994309 9.99197E-005 0.00132917 9.99197E-005 9.99197E-005
0.00599522 9.9937E-005 9.9937E-005 9.9937E-005 0.000560969 9.9937E-005 0.00100369 0.98792 9.9937E-005 0.00382103 9.9937E-005 9.9937E-005
9.99011E-005 9.99011E-005 9.99011E-005 9.99011E-005 9.99011E-005 9.99011E-005 9.99011E-005 0.998901 9.99011E-005 9.99011E-005 9.99011E-005 9.99011E-005
0.0046294 9.99191E-005 9.99191E-005 9.99191E-005 9.99191E-005 9.99191E-005 9.99191E-005 0.992326 9.99191E-005 9.99191E-005 9.99191E-005 0.00214532
9.99101E-005 9.99101E-005 9.99101E-005 9.99101E-005 9.99101E-005 9.99101E-005 9.99101E-005 0.998454 9.99101E-005 9.99101E-005 9.99101E-005 0.000546709
9.99011E-005 9.99011E-005 9.99011E-005 9.99011E-005 9.99011E-005 9.99011E-005 9.99011E-005 0.998901 9.99011E-005 9.99011E-005 9.99011E-005 9.99011E-005
9.99101E-005 9.99101E-005 9.99101E-005 9.99101E-005 9.99101E-005 9.99101E-005 0.00192177 9.99101E-005 9.99101E-005 9.99101E-005 9.99101E-005 0.997079
9.99011E-005 9.99011E-005 9.99011E-005 9.99011E-005 9.99011E-005 9.99011E-005 9.99011E-005 0.998901 9.99011E-005 9.99011E-005 9.99011E-005 9.99011E-005
9.99191E-005 9.99191E-005 0.00257093 9.99191E-005 9.99191E-005 9.99191E-005 0.99389 9.99191E-005 0.00264007 9.99191E-005 9.99191E-005 9.99191E-005
9.99281E-005 9.99281E-005 9.99281E-005 9.99281E-005 9.99281E-005 0.0104851 9.99281E-005 0.980373 0.000806668 9.99281E-005 0.00753536 9.99281E-005
0.000142 9.99281E-005 9.99281E-005 9.99281E-005 9.99281E-005 9.99281E-005 0.0021749 0.989716 9.99281E-005 9.99281E-005 9.99281E-005 0.00716776
9.99011E-005 9.99011E-005 9.99011E-005 9.99011E-005 9.99011E-005 9.99011E-005 9.99011E-005 0.998901 9.99011E-005 9.99011E-005 9.99011E-005 9.99011E-005
0.00169268 0.00172834 9.99281E-005 9.99281E-005 9.99281E-005 9.99281E-005 9.99281E-005 0.995347 9.99281E-005 0.000432998 9.99281E-005 9.99281E-005
9.9955E-005 0.00739803 0.0192379 0.00660809 0.0198593 0.000273709 9.9955E-005 9.9955E-005 0.945554 9.9955E-005 9.9955E-005 0.000569623
9.99011E-005 9.99011E-005 9.99011E-005 9.99011E-005 9.99011E-005 9.99011E-005 9.99011E-005 0.998901 9.99011E-005 9.99011E-005 9.99011E-005 9.99011E-005
9.9928E-005 9.9928E-005 0.00172608 9.9928E-005 9.9928E-005 9.9928E-005 0.993255 0.00187362 9.9928E-005 9.9928E-005 0.00234548 9.9928E-005
0.00345478 9.9964E-005 0.00241892 0.00365951 9.9964E-005 0.0051144 0.000289352 0.00138204 0.979405 9.9964E-005 0.00387645 9.9964E-005
0.000849343 9.9937E-005 0.993858 0.00157487 9.9937E-005 9.9937E-005 9.9937E-005 9.9937E-005 0.00275229 0.000266369 9.9937E-005 9.9937E-005
0.000740038 9.99281E-005 9.99281E-005 9.99281E-005 9.99281E-005 9.99281E-005 9.99281E-005 0.995589 9.99281E-005 9.99281E-005 0.000484932 0.00238682
0.998901 9.99011E-005 9.99011E-005 9.99011E-005 9.99011E-005 9.99011E-005 9.99011E-005 9.99011E-005 9.99011E-005 9.99011E-005 9.99011E-005 9.99011E-005
0.996773 9.9919E-005 9.9919E-005 9.9919E-005 9.9919E-005 9.9919E-005 9.9919E-005 0.000135148 0.00219262 9.9919E-005 9.9919E-005 9.9919E-005
9.99101E-005 9.99101E-005 0.997286 9.99101E-005 0.00171442 9.99101E-005 9.99101E-005 9.99101E-005 9.99101E-005 9.99101E-005 9.99101E-005 9.99101E-005
0.998901 9.99011E-005 9.99011E-005 9.99011E-005 9.99011E-005 9.99011E-005 9.99011E-005 9.99011E-005 9.99011E-005 9.99011E-005 9.99011E-005 9.99011E-005
9.99191E-005 9.99191E-005 0.00281712 9.99191E-005 0.00997539 9.99191E-005 9.99191E-005 9.99191E-005 0.986308 9.99191E-005 9.99191E-005 9.99191E-005
9.9928E-005 9.9928E-005 0.0116833 9.9928E-005 0.00165331 9.9928E-005 9.9928E-005 9.9928E-005 0.980559 9.9928E-005 0.00530512 9.9928E-005
9.9946E-005 9.9946E-005 0.0275286 9.9946E-005 0.0342296 0.00168764 9.9946E-005 9.9946E-005 0.935366 0.000190729 9.9946E-005 0.000397822
9.99101E-005 9.99101E-005 9.99101E-005 9.99101E-005 9.99101E-005 9.99101E-005 9.99101E-005 9.99101E-005 0.989342 0.00965886 9.99101E-005 9.99101E-005
9.9946E-005 0.000153643 0.0262295 0.00121602 0.0222241 9.9946E-005 9.9946E-005 9.9946E-005 0.945359 0.00421862 9.9946E-005 9.9946E-005
0.0012197 9.9964E-005 0.000860148 0.00755431 0.00805177 0.0079817 9.9964E-005 0.00308151 0.947232 9.9964E-005 0.0236185 9.9964E-005
9.9928E-005 0.00518305 9.9928E-005 0.00373571 9.9928E-005 9.9928E-005 9.9928E-005 9.9928E-005 0.989306 0.000975923 9.9928E-005 9.9928E-005
9.99101E-005 9.99101E-005 0.998386 9.99101E-005 9.99101E-005 9.99101E-005 9.99101E-005 9.99101E-005 0.000614843 9.99101E-005 9.99101E-005 9.99101E-005
9.9919E-005 9.9919E-005 0.991558 9.9919E-005 9.9919E-005 0.00262031 9.9919E-005 9.9919E-005 9.9919E-005 9.9919E-005 0.004922 9.9919E-005
9.99101E-005 9.99101E-005 9.99101E-005 9.99101E-005 9.99101E-005 0.0013556 9.99101E-005 9.99101E-005 0.997645 9.99101E-005 9.99101E-005 9.99101E-005
0.00202503 9.9937E-005 9.9937E-005 9.9937E-005 9.9937E-005 0.0172703 0.975589 9.9937E-005 9.9937E-005 9.9937E-005 0.0041369 0.000278832
9.99101E-005 9.99101E-005 9.99101E-005 9.99101E-005 9.99101E-005 9.99101E-005 9.99101E-005 0.00136846 9.99101E-005 9.99101E-005 9.99101E-005 0.997632
9.99191E-005 9.99191E-005 9.99191E-005 9.99191E-005 9.99191E-005 0.0251155 9.99191E-005 9.99191E-005 9.99191E-005 9.99191E-005 0.000924335 0.973061
9.99011E-005 9.99011E-005 9.99011E-005 9.99011E-005 9.99011E-005 0.998901 9.99011E-005 9.99011E-005 9.99011E-005 9.99011E-005 9.99011E-005 9.99011E-005
9.99101E-005 9.99101E-005 9.99101E-005 9.99101E-005 9.99101E-005 9.99101E-005 0.0131687 9.99101E-005 9.99101E-005 9.99101E-005 9.99101E-005 0.985832
0.00737906 9.9955E-005 0.00267677 9.9955E-005 9.9955E-005 0.0151917 0.963716 0.00150133 0.00610975 9.9955E-005 0.0029254 9.9955E-005
9.99101E-005 9.99101E-005 9.99101E-005 9.99101E-005 9.99101E-005 0.0162569 0.982744 9.99101E-005 9.99101E-005 9.99101E-005 9.99101E-005 9.99101E-005
9.99011E-005 9.99011E-005 9.99011E-005 9.99011E-005 9.99011E-005 9.99011E-005 0.998901 9.99011E-005 9.99011E-005 9.99011E-005 9.99011E-005 9.99011E-005
9.99101E-005 9.99101E-005 9.99101E-005 9.99101E-005 9.99101E-005 9.99101E-005 9.99101E-005 0.00193494 9.99101E-005 9.99101E-005 9.99101E-005 0.997066
9.9919E-005 0.00058267 0.997519 9.9919E-005 9.9919E-005 9.9919E-005 9.9919E-005 9.9919E-005 9.9919E-005 9.9919E-005 0.000999301 9.9919E-005
0.998901 9.99011E-005 9.99011E-005 9.99011E-005 9.99011E-005 9.99011E-005 9.99011E-005 9.99011E-005 9.99011E-005 9.99011E-005 9.99011E-005 9.99011E-005
0.03178 0.0233203 0.560629 0.0233803 0.0347734 0.0453436 0.0541204 0.0748829 0.0951382 0.00248657 0.0540455 9.9991E-005
9.9937E-005 0.000947128 0.982558 9.9937E-005 9.9937E-005 0.00167437 9.9937E-005 9.9937E-005 0.0060434 9.9937E-005 0.00807781 9.9937E-005
9.9946E-005 0.0045713 0.968863 9.9946E-005 9.9946E-005 0.00131596 9.9946E-005 9.9946E-005 0.015109 0.00043537 0.00910615 9.9946E-005
0.990422 9.99101E-005 9.99101E-005 9.99101E-005 9.99101E-005 0.00857904 9.99101E-005 9.99101E-005 9.99101E-005 9.99101E-005 9.99101E-005 9.99101E-005
9.99101E-005 9.99101E-005 9.99101E-005 9.99101E-005 9.99101E-005 9.99101E-005 9.99101E-005 0.997928 9.99101E-005 9.99101E-005 0.0010726 9.99101E-005
0.000408451 0.0146538 0.134479 0.0302751 0.139729 9.9964E-005 9.9964E-005 9.9964E-005 0.648934 0.0163839 0.0147365 9.9964E-005
9.99011E-005 9.99011E-005 0.998901 9.99011E-005 9.99011E-005 9.99011E-005 9.99011E-005 9.99011E-005 9.99011E-005 9.99011E-005 9.99011E-005 9.99011E-005
9.99011E-005 9.99011E-005 0.998901 9.99011E-005 9.99011E-005 9.99011E-005 9.99011E-005 9.99011E-005 9.99011E-005 9.99011E-005 9.99011E-005 9.99011E-005
9.99011E-005 9.99011E-005 0.998901 9.99011E-005 9.99011E-005 9.99011E-005 9.99011E-005 9.99011E-005 9.99011E-005 9.99011E-005 9.99011E-005 9.99011E-005
9.99281E-005 9.99281E-005 0.987265 9.99281E-005 9.99281E-005 0.00340854 9.99281E-005 0.000873234 9.99281E-005 9.99281E-005 0.00765399 9.99281E-005
9.99011E-005 9.99011E-005 0.998901 9.99011E-005 9.99011E-005 9.99011E-005 9.99011E-005 9.99011E-005 9.99011E-005 9.99011E-005 9.99011E-005 9.99011E-005
9.99101E-005 9.99101E-005 0.995914 9.99101E-005 9.99101E-005 9.99101E-005 9.99101E-005 9.99101E-005 9.99101E-005 9.99101E-005 0.00308654 9.99101E-005
