9.9964E-005 9.9964E-005 9.9964E-005 0.903967 0.0234479 9.9964E-005 0.0205868 0.0515983
9.9982E-005 0.00097614 9.9982E-005 0.901605 0.0261617 0.00166704 0.0253722 0.0440175
9.9982E-005 0.000856167 0.00222697 9.9982E-005 0.00991152 0.00234614 0.00193939 0.98252
9.9971E-005 0.000299465 9.9971E-005 9.9971E-005 0.00244114 9.9971E-005 0.00657145 0.990288
9.9955E-005 0.00251625 0.00240976 9.9955E-005 9.9955E-005 9.9955E-005 9.9955E-005 0.994574
9.994E-005 9.994E-005 9.994E-005 9.994E-005 9.994E-005 9.994E-005 9.994E-005 0.9993
9.994E-005 9.994E-005 9.994E-005 9.994E-005 9.994E-005 9.994E-005 9.994E-005 0.9993
9.994E-005 9.994E-005 9.994E-005 9.994E-005 9.994E-005 9.994E-005 9.994E-005 0.9993
9.99889E-005 0.00286808 0.988915 0.00211183 0.001247 0.00374178 9.99889E-005 0.000915867
9.9955E-005 0.00211206 0.00338212 9.9955E-005 9.9955E-005 9.9955E-005 0.994006 9.9955E-005
0.000912529 0.000923965 0.00319321 9.9964E-005 9.9964E-005 9.9964E-005 0.99457 9.9964E-005
0.00518236 9.9946E-005 9.9946E-005 9.9946E-005 9.9946E-005 0.994218 9.9946E-005 9.9946E-005
0.00358388 9.9946E-005 9.9946E-005 9.9946E-005 9.9946E-005 9.9946E-005 0.995816 9.9946E-005
0.0017151 0.00281949 9.9964E-005 9.9964E-005 9.9964E-005 0.000672902 0.994393 9.9964E-005
0.00529287 0.000495866 9.9955E-005 9.9955E-005 9.9955E-005 9.9955E-005 0.993711 9.9955E-005
0.00360998 0.00220782 0.000462918 9.9964E-005 9.9964E-005 9.9964E-005 0.993319 9.9964E-005
9.994E-005 9.994E-005 9.994E-005 9.994E-005 9.994E-005 0.9993 9.994E-005 9.994E-005
9.9973E-005 9.9973E-005 9.9973E-005 0.0378272 0.0273061 0.000481662 0.0891627 0.844922
9.994E-005 9.994E-005 9.994E-005 0.9993 9.994E-005 9.994E-005 9.994E-005 9.994E-005
9.9946E-005 9.9946E-005 9.9946E-005 0.993484 9.9946E-005 9.9946E-005 0.00591652 9.9946E-005
9.994E-005 9.994E-005 9.994E-005 0.9993 9.994E-005 9.994E-005 9.994E-005 9.994E-005
9.994E-005 9.994E-005 9.994E-005 0.9993 9.994E-005 9.994E-005 9.994E-005 9.994E-005
9.9946E-005 9.9946E-005 0.00100174 0.998399 9.9946E-005 9.9946E-005 9.9946E-005 9.9946E-005
9.994E-005 9.994E-005 9.994E-005 0.9993 9.994E-005 9.994E-005 9.994E-005 9.994E-005
9.994E-005 9.994E-005 9.994E-005 0.9993 9.994E-005 9.994E-005 9.994E-005 9.994E-005
9.994E-005 9.994E-005 9.994E-005 0.9993 9.994E-005 9.994E-005 9.994E-005 9.994E-005
0.000626995 9.9946E-005 9.9946E-005 0.998773 9.9946E-005 9.9946E-005 9.9946E-005 9.9946E-005
9.9955E-005 9.9955E-005 0.00168208 0.996812 9.9955E-005 0.00100567 9.9955E-005 9.9955E-005
9.9955E-005 9.9955E-005 9.9955E-005 0.0202936 0.976676 9.9955E-005 0.00253036 9.9955E-005
9.9946E-005 9.9946E-005 9.9946E-005 9.9946E-005 0.982007 9.9946E-005 9.9946E-005 0.0173936
9.994E-005 9.994E-005 9.994E-005 9.994E-005 0.9993 9.994E-005 9.994E-005 9.994E-005
9.994E-005 9.994E-005 9.994E-005 9.994E-005 0.9993 9.994E-005 9.994E-005 9.994E-005
9.994E-005 9.994E-005 9.994E-005 9.994E-005 0.9993 9.994E-005 9.994E-005 9.994E-005
0.00158542 9.9973E-005 9.9973E-005 0.0343059 0.0236742 9.9973E-005 0.0713597 0.868775
0.00397026 9.9982E-005 0.000566993 0.0353336 0.015357 9.9982E-005 0.0787948 0.865777
9.9982E-005 0.000878154 9.9982E-005 0.0373693 0.0230364 0.000545325 0.0687534 0.869217
0.00568381 9.9973E-005 9.9973E-005 0.040221 0.0273281 9.9973E-005 0.080837 0.84563
0.992671 9.9946E-005 9.9946E-005 9.9946E-005 9.9946E-005 0.00672955 9.9946E-005 9.9946E-005
9.9946E-005 9.9946E-005 0.000430478 9.9946E-005 0.99897 9.9946E-005 9.9946E-005 9.9946E-005
9.9946E-005 9.9946E-005 9.9946E-005 9.9946E-005 0.997913 0.00148751 9.9946E-005 9.9946E-005
9.994E-005 9.994E-005 9.994E-005 9.994E-005 0.9993 9.994E-005 9.994E-005 9.994E-005
0.00126406 9.9955E-005 0.00201815 9.9955E-005 0.996218 9.9955E-005 9.9955E-005 9.9955E-005
9.9964E-005 0.00141313 0.992748 0.00127333 9.9964E-005 0.00416521 9.9964E-005 9.9964E-005
0.0040899 0.00115319 0.983597 0.000698845 9.9973E-005 9.9973E-005 0.0101608 9.9973E-005
9.9964E-005 0.00120464 0.992008 0.00526623 9.9964E-005 0.00112142 9.9964E-005 9.9964E-005
9.9955E-005 9.9955E-005 0.992344 0.00164495 9.9955E-005 9.9955E-005 9.9955E-005 0.00551098
9.9946E-005 9.9946E-005 0.991901 9.9946E-005 9.9946E-005 9.9946E-005 0.00749925 9.9946E-005
9.9955E-005 9.9955E-005 0.99515 9.9955E-005 0.00299242 9.9955E-005 0.00135773 9.9955E-005
9.994E-005 9.994E-005 0.9993 9.994E-005 9.994E-005 9.994E-005 9.994E-005 9.994E-005
0.00446436 9.9955E-005 0.993223 9.9955E-005 9.9955E-005 9.9955E-005 0.00181237 9.9955E-005
0.00218002 0.00119696 0.00359174 9.9964E-005 9.9964E-005 9.9964E-005 0.992631 9.9964E-005
9.9973E-005 0.000532731 9.9973E-005 0.006132 0.0129139 9.9973E-005 0.963672 0.0164494
9.9946E-005 9.9946E-005 9.9946E-005 9.9946E-005 9.9946E-005 9.9946E-005 0.95735 0.0420505
9.9964E-005 9.9964E-005 9.9964E-005 0.00229998 0.00108421 9.9964E-005 0.994304 0.00191169
0.00263273 0.00596729 0.00241055 9.9964E-005 9.9964E-005 9.9964E-005 0.98859 9.9964E-005
9.994E-005 9.994E-005 9.994E-005 9.994E-005 9.994E-005 9.994E-005 0.9993 9.994E-005
9.994E-005 0.9993 9.994E-005 9.994E-005 9.994E-005 9.994E-005 9.994E-005 9.994E-005
9.994E-005 9.994E-005 0.9993 9.994E-005 9.994E-005 9.994E-005 9.994E-005 9.994E-005
0.000195709 0.998151 9.9955E-005 0.00115372 9.9955E-005 9.9955E-005 9.9955E-005 9.9955E-005
9.994E-005 9.994E-005 0.9993 9.994E-005 9.994E-005 9.994E-005 9.994E-005 9.994E-005
9.994E-005 9.994E-005 0.9993 9.994E-005 9.994E-005 9.994E-005 9.994E-005 9.994E-005
9.9982E-005 0.0022746 0.000650778 0.00376317 0.0138215 0.0011873 9.9982E-005 0.978103
9.994E-005 9.994E-005 9.994E-005 9.994E-005 9.994E-005 9.994E-005 9.994E-005 0.9993
9.994E-005 9.994E-005 9.994E-005 9.994E-005 9.994E-005 9.994E-005 9.994E-005 0.9993
9.9964E-005 0.00247295 0.00590783 9.9964E-005 9.9964E-005 9.9964E-005 0.00697028 0.984249
0.00210393 9.9955E-005 0.00241098 9.9955E-005 9.9955E-005 9.9955E-005 9.9955E-005 0.994985
9.994E-005 9.994E-005 9.994E-005 9.994E-005 9.994E-005 9.994E-005 9.994E-005 0.9993
9.9946E-005 9.9946E-005 0.997631 9.9946E-005 9.9946E-005 9.9946E-005 0.00176905 9.9946E-005
9.9964E-005 0.00987281 0.969286 9.9964E-005 0.0012862 0.0191555 9.9964E-005 9.9964E-005
9.994E-005 9.994E-005 0.9993 9.994E-005 9.994E-005 9.994E-005 9.994E-005 9.994E-005
9.9964E-005 0.000741088 0.997073 9.9964E-005 0.000518286 0.0012676 9.9964E-005 9.9964E-005
9.9946E-005 9.9946E-005 0.998119 9.9946E-005 9.9946E-005 0.00128156 9.9946E-005 9.9946E-005
9.9946E-005 9.9946E-005 0.998819 0.00058136 9.9946E-005 9.9946E-005 9.9946E-005 9.9946E-005
0.00488147 9.9955E-005 0.99408 0.000538927 9.9955E-005 9.9955E-005 9.9955E-005 9.9955E-005
0.0205949 9.9955E-005 0.972505 9.9955E-005 9.9955E-005 9.9955E-005 9.9955E-005 0.00640065
0.00850496 0.0018557 0.983456 9.9973E-005 0.0019566 0.00392725 9.9973E-005 9.9973E-005
9.9946E-005 9.9946E-005 0.992067 0.00733305 9.9946E-005 9.9946E-005 9.9946E-005 9.9946E-005
0.0182225 9.9946E-005 0.981178 9.9946E-005 9.9946E-005 9.9946E-005 9.9946E-005 9.9946E-005
0.0181077 9.9955E-005 0.980033 9.9955E-005 9.9955E-005 9.9955E-005 9.9955E-005 0.00135949
9.9973E-005 0.00935883 0.961395 0.000520257 0.00690408 0.0215222 9.9973E-005 9.9973E-005
0.00577764 9.99745E-005 0.983777 0.00401178 9.99745E-005 0.00521943 9.99745E-005 0.00091469
9.9955E-005 9.9955E-005 9.9955E-005 0.000318698 0.00858007 9.9955E-005 9.9955E-005 0.990601
0.000523181 9.9991E-005 0.00141561 0.0392262 0.0202772 0.000484169 0.101116 0.836858
9.9973E-005 9.9973E-005 0.00499403 0.0421313 0.0216052 9.9973E-005 0.0935095 0.83746
0.992164 9.9955E-005 0.00375505 9.9955E-005 9.9955E-005 9.9955E-005 0.003581 9.9955E-005
0.989365 9.9946E-005 9.9946E-005 9.9946E-005 9.9946E-005 0.0100357 9.9946E-005 9.9946E-005
0.00290954 0.000353247 0.00253271 0.0368099 0.0175234 9.9991E-005 0.0934038 0.846367
0.00433861 0.00807994 0.00427362 0.060286 0.0491115 0.0015294 0.148792 0.723589
0.02493 0.0687763 0.0762005 0.0472319 0.0641155 0.0062881 0.177775 0.534683
9.9991E-005 0.00359735 0.0039488 0.0940012 0.753058 0.0015015 0.0355593 0.108234
9.9982E-005 9.9982E-005 0.00512979 0.100129 0.73933 0.00163507 0.0394954 0.114081
0.995806 9.9946E-005 9.9946E-005 9.9946E-005 9.9946E-005 0.0035942 9.9946E-005 9.9946E-005
0.9993 9.994E-005 9.994E-005 9.994E-005 9.994E-005 9.994E-005 9.994E-005 9.994E-005
9.9991E-005 0.00197917 0.000275724 0.103329 0.751142 0.00643461 0.0273875 0.109351
0.00337712 0.00270161 9.9982E-005 0.0512764 0.046475 9.9982E-005 0.159152 0.736818
0.99868 9.9946E-005 0.000719961 9.9946E-005 9.9946E-005 9.9946E-005 9.9946E-005 9.9946E-005
9.9982E-005 9.9982E-005 0.0025049 0.0962214 0.758065 0.00429204 0.0232538 0.115463
0.0032906 0.00307439 0.00777324 0.0366399 0.028409 0.0016189 0.112487 0.806707
0.00234159 9.9982E-005 0.000932847 0.0326394 0.0189665 9.9982E-005 0.0965136 0.848406
9.9991E-005 0.0355266 0.040745 0.0789265 0.0472302 0.0153242 0.171457 0.610691
9.9991E-005 0.00860907 0.00390379 0.293033 0.279703 0.0115413 0.128463 0.274646
0.000756072 0.000339981 0.00393302 0.030277 0.027906 9.9991E-005 0.0880954 0.848593
9.9973E-005 9.9973E-005 0.00384751 0.0464633 0.0277691 9.9973E-005 0.0900813 0.831539
9.9973E-005 9.9973E-005 0.00884466 0.0310291 0.0302663 9.9973E-005 0.100573 0.828987
0.943611 0.00601815 9.9964E-005 0.00865484 9.9964E-005 0.0413164 9.9964E-005 9.9964E-005
0.00252026 9.9982E-005 9.9982E-005 0.037665 0.0240455 0.00128924 0.0832133 0.851067
0.980408 9.9964E-005 0.0117645 0.00336446 9.9964E-005 0.00406326 9.9964E-005 9.9964E-005
0.000460414 9.9973E-005 9.9973E-005 0.0311442 0.0274321 9.9973E-005 0.0800857 0.860578
0.992101 0.00118283 0.00621596 9.9955E-005 9.9955E-005 9.9955E-005 9.9955E-005 9.9955E-005
9.9946E-005 9.9946E-005 9.9946E-005 9.9946E-005 0.999089 0.000310894 9.9946E-005 9.9946E-005
9.9982E-005 9.9982E-005 0.000650536 0.0374887 0.024613 0.000238066 0.072798 0.864012
0.00184242 9.9973E-005 9.9973E-005 0.0274168 0.939837 9.9973E-005 0.0117477 0.0188562
9.9991E-005 0.000564235 0.00257643 0.0341855 0.0222257 0.00259301 0.078301 0.859454
9.9982E-005 0.00219016 0.00349024 0.0485058 0.0294997 9.9982E-005 0.0700606 0.846054
9.9982E-005 9.9982E-005 0.00537712 0.0400749 0.0189877 0.000652834 0.0685394 0.866168
0.00141248 9.9973E-005 9.9973E-005 0.0292628 0.0171571 9.9973E-005 0.077899 0.873969
0.983412 0.000158007 9.9955E-005 9.9955E-005 9.9955E-005 0.0159302 9.9955E-005 9.9955E-005
9.994E-005 9.994E-005 9.994E-005 9.994E-005 9.994E-005 9.994E-005 9.994E-005 0.9993
9.9946E-005 9.9946E-005 9.9946E-005 0.00303639 9.9946E-005 9.9946E-005 9.9946E-005 0.996364
0.00035315 0.000785157 9.9964E-005 9.9964E-005 0.00338535 9.9964E-005 9.9964E-005 0.995076
0.00220336 0.00153236 9.9964E-005 0.000457996 9.9964E-005 9.9964E-005 0.995406 9.9964E-005
0.967032 0.00967623 0.00715195 9.9973E-005 9.9973E-005 0.00177079 9.9973E-005 0.0140689
9.9964E-005 9.9964E-005 9.9964E-005 0.0011354 0.0113999 9.9964E-005 0.968073 0.0189921
9.9946E-005 9.9946E-005 9.9946E-005 9.9946E-005 0.000614437 9.9946E-005 0.998786 9.9946E-005
9.9973E-005 9.9973E-005 0.000730299 0.0101547 0.00318615 9.9973E-005 0.956194 0.0294347
9.994E-005 9.994E-005 9.994E-005 9.994E-005 9.994E-005 9.994E-005 0.9993 9.994E-005
0.000839024 9.9955E-005 9.9955E-005 9.9955E-005 0.00181147 9.9955E-005 0.99685 9.9955E-005
9.994E-005 9.994E-005 9.994E-005 9.994E-005 0.9993 9.994E-005 9.994E-005 9.994E-005
9.994E-005 9.994E-005 9.994E-005 9.994E-005 0.9993 9.994E-005 9.994E-005 9.994E-005
9.9946E-005 9.9946E-005 9.9946E-005 9.9946E-005 0.998934 9.9946E-005 0.000466652 9.9946E-005
9.9955E-005 0.00266739 0.000586144 9.9955E-005 0.996247 9.9955E-005 9.9955E-005 9.9955E-005
0.0290962 9.9964E-005 9.9964E-005 0.00175466 0.0136207 9.9964E-005 0.955129 9.9964E-005
9.9955E-005 9.9955E-005 9.9955E-005 9.9955E-005 0.973941 9.9955E-005 0.00353437 0.0220247
9.994E-005 9.994E-005 9.994E-005 9.994E-005 9.994E-005 9.994E-005 0.9993 9.994E-005
9.9964E-005 9.9964E-005 9.9964E-005 0.00287459 0.00652409 9.9964E-005 0.977142 0.013059
9.99602E-005 9.99602E-005 9.99602E-005 9.99602E-005 0.00428941 9.99602E-005 0.974542 0.0206686
9.9964E-005 9.9964E-005 0.00136854 9.9964E-005 9.9964E-005 0.00010859 0.987798 0.0103252
9.9946E-005 9.9946E-005 9.9946E-005 9.9946E-005 9.9946E-005 9.9946E-005 0.978133 0.0212678
9.9964E-005 0.00496532 9.9964E-005 0.00448315 0.00351096 9.9964E-005 0.986641 9.9964E-005
9.9982E-005 9.9982E-005 0.00132335 0.0042449 0.0054277 0.00314618 0.972785 0.0128726
9.9955E-005 9.9955E-005 9.9955E-005 9.9955E-005 0.00207828 9.9955E-005 0.967969 0.0294529
9.9982E-005 0.00474488 0.00088832 0.0158935 0.001538 9.9982E-005 0.943975 0.03276
9.9982E-005 0.000615644 0.0014002 9.9982E-005 0.00220888 0.00071669 0.966914 0.0279451
9.9964E-005 0.00434619 0.00300046 0.00803942 9.9964E-005 9.9964E-005 0.984214 9.9964E-005
9.9955E-005 9.9955E-005 9.9955E-005 0.015399 9.9955E-005 0.0019752 0.982126 9.9955E-005
0.00113468 9.9964E-005 9.9964E-005 9.9964E-005 0.0120252 9.9964E-005 0.957032 0.0294081
9.9964E-005 9.9964E-005 0.000480472 0.00465772 9.9964E-005 9.9964E-005 0.962261 0.032201
9.9964E-005 9.9964E-005 9.9964E-005 0.00873145 0.0012427 9.9964E-005 0.968324 0.021302
9.9973E-005 0.0118654 0.00830966 9.9973E-005 0.00870391 0.00368541 0.967136 9.9973E-005
0.00665521 9.9955E-005 0.98963 9.9955E-005 9.9955E-005 9.9955E-005 9.9955E-005 0.00321485
9.994E-005 9.994E-005 0.9993 9.994E-005 9.994E-005 9.994E-005 9.994E-005 9.994E-005
9.9955E-005 0.00293833 0.993372 9.9955E-005 9.9955E-005 9.9955E-005 0.00318999 9.9955E-005
0.00244936 0.00532581 0.00265108 0.00298858 0.00856773 0.00016155 0.977756 9.99997E-005
9.9991E-005 0.0213515 0.0213365 0.283665 0.264943 0.0337432 0.140416 0.234445
9.9955E-005 0.994969 9.9955E-005 0.00443103 9.9955E-005 9.9955E-005 0.000100352 9.9955E-005
9.99649E-005 0.99145 9.99649E-005 9.99649E-005 0.00633979 0.00121205 9.99649E-005 0.000598413
9.994E-005 0.9993 9.994E-005 9.994E-005 9.994E-005 9.994E-005 9.994E-005 9.994E-005
0.00182983 0.989716 0.00293106 0.000123282 9.9973E-005 0.00510034 9.9973E-005 9.9973E-005
9.9946E-005 0.99807 9.9946E-005 9.9946E-005 9.9946E-005 0.00133027 9.9946E-005 9.9946E-005
9.994E-005 0.9993 9.994E-005 9.994E-005 9.994E-005 9.994E-005 9.994E-005 9.994E-005
0.0118479 0.00579418 0.906988 9.9982E-005 9.9982E-005 0.070048 0.000415753 0.00470631
9.994E-005 0.9993 9.994E-005 9.994E-005 9.994E-005 9.994E-005 9.994E-005 9.994E-005
9.9946E-005 9.9946E-005 0.998149 9.9946E-005 9.9946E-005 9.9946E-005 9.9946E-005 0.00125134
9.9973E-005 0.981047 0.00131735 0.00781348 0.00108156 9.9973E-005 9.9973E-005 0.00844034
9.9955E-005 0.988143 0.00713349 9.9955E-005 9.9955E-005 0.00422344 9.9955E-005 9.9955E-005
9.994E-005 0.9993 9.994E-005 9.994E-005 9.994E-005 9.994E-005 9.994E-005 9.994E-005
9.9955E-005 0.996476 9.9955E-005 9.9955E-005 9.9955E-005 0.00181699 0.00120725 9.9955E-005
9.9973E-005 9.9973E-005 9.9973E-005 0.0136068 0.00904253 0.00185975 0.953133 0.022058
0.00130275 0.998098 9.9946E-005 9.9946E-005 9.9946E-005 9.9946E-005 9.9946E-005 9.9946E-005
9.9946E-005 0.00222992 0.99717 9.9946E-005 9.9946E-005 9.9946E-005 9.9946E-005 9.9946E-005
9.9964E-005 0.000747987 0.0061728 9.9964E-005 9.9964E-005 0.00152443 0.991155 9.9964E-005
9.994E-005 9.994E-005 9.994E-005 9.994E-005 9.994E-005 9.994E-005 9.994E-005 0.9993
9.9946E-005 0.996116 9.9946E-005 9.9946E-005 9.9946E-005 9.9946E-005 9.9946E-005 0.00328471
0.9993 9.994E-005 9.994E-005 9.994E-005 9.994E-005 9.994E-005 9.994E-005 9.994E-005
0.969263 0.00639192 9.9955E-005 9.9955E-005 9.9955E-005 0.0238452 9.9955E-005 9.9955E-005
9.994E-005 9.994E-005 9.994E-005 9.994E-005 9.994E-005 9.994E-005 9.994E-005 0.9993
0.965233 0.00360184 9.9955E-005 9.9955E-005 9.9955E-005 0.0306655 9.9955E-005 9.9955E-005
9.9955E-005 9.9955E-005 9.9955E-005 9.9955E-005 0.00399501 9.9955E-005 0.994479 0.00102577
9.9946E-005 9.9946E-005 9.9946E-005 9.9946E-005 9.9946E-005 9.9946E-005 0.994202 0.00519856
0.00209708 0.00186977 0.00266457 0.00058215 0.0067637 0.000606476 0.933306 0.0521107
9.9964E-005 9.9964E-005 9.9964E-005 0.00364003 0.00191541 9.9964E-005 0.992682 0.00136226
9.9946E-005 9.9946E-005 9.9946E-005 9.9946E-005 9.9946E-005 9.9946E-005 0.962642 0.0367581
9.9982E-005 0.00391542 0.00224624 0.00426112 9.9982E-005 0.00286136 0.953709 0.0328068
9.9955E-005 9.9955E-005 0.000103976 9.9955E-005 0.00204784 9.9955E-005 0.997348 9.9955E-005
9.994E-005 9.994E-005 9.994E-005 9.994E-005 9.994E-005 9.994E-005 9.994E-005 0.9993
9.994E-005 9.994E-005 9.994E-005 9.994E-005 9.994E-005 9.994E-005 9.994E-005 0.9993
9.994E-005 9.994E-005 9.994E-005 9.994E-005 9.994E-005 9.994E-005 0.9993 9.994E-005
9.9946E-005 9.9946E-005 0.992693 9.9946E-005 9.9946E-005 9.9946E-005 0.00670759 9.9946E-005
9.9982E-005 0.0141716 0.897432 0.00408539 0.00181688 0.0777287 9.9982E-005 0.00456527
0.0194581 0.013739 0.885914 9.9982E-005 0.0068715 0.0589149 0.0149022 9.9982E-005
0.0650715 0.0670709 0.599662 0.0199414 0.0307665 0.0412692 0.0738858 0.102333
0.0196618 0.0105129 0.904265 0.00585834 9.9973E-005 0.0594021 9.9973E-005 9.9973E-005
0.00911166 0.00385138 0.981417 9.9973E-005 0.00214859 9.9973E-005 0.00317153 9.9973E-005
9.994E-005 9.994E-005 0.9993 9.994E-005 9.994E-005 9.994E-005 9.994E-005 9.994E-005
9.994E-005 9.994E-005 0.9993 9.994E-005 9.994E-005 9.994E-005 9.994E-005 9.994E-005
9.9964E-005 0.0114426 0.904473 9.9964E-005 9.9964E-005 0.0813673 9.9964E-005 0.00231728
9.994E-005 9.994E-005 9.994E-005 9.994E-005 9.994E-005 9.994E-005 9.994E-005 0.9993
0.9993 9.994E-005 9.994E-005 9.994E-005 9.994E-005 9.994E-005 9.994E-005 9.994E-005
0.0314802 0.0817345 0.0823455 0.0248917 0.0467954 0.00996771 0.0899692 0.632816
9.994E-005 9.994E-005 9.994E-005 9.994E-005 9.994E-005 9.994E-005 9.994E-005 0.9993
9.994E-005 9.994E-005 9.994E-005 9.994E-005 9.994E-005 9.994E-005 9.994E-005 0.9993
0.985728 9.9955E-005 0.00808873 9.9955E-005 9.9955E-005 9.9955E-005 0.00568369 9.9955E-005
9.994E-005 0.9993 9.994E-005 9.994E-005 9.994E-005 9.994E-005 9.994E-005 9.994E-005
9.9973E-005 9.9973E-005 9.9973E-005 0.0409169 0.038052 0.0044058 0.650426 0.265899
9.994E-005 9.994E-005 9.994E-005 9.994E-005 9.994E-005 9.994E-005 9.994E-005 0.9993
9.994E-005 9.994E-005 9.994E-005 9.994E-005 9.994E-005 9.994E-005 9.994E-005 0.9993
9.994E-005 9.994E-005 9.994E-005 9.994E-005 9.994E-005 9.994E-005 9.994E-005 0.9993
9.9946E-005 0.00164828 9.9946E-005 9.9946E-005 9.9946E-005 9.9946E-005 9.9946E-005 0.997752
9.994E-005 9.994E-005 9.994E-005 9.994E-005 9.994E-005 9.994E-005 9.994E-005 0.9993
9.994E-005 9.994E-005 9.994E-005 9.994E-005 9.994E-005 9.994E-005 9.994E-005 0.9993
