9.9973E-005 0.0222569 0.000388834 9.9973E-005 0.0191351 0.0218916 0.907026 9.9973E-005 0.0290013
0.00292715 0.0229176 9.9973E-005 9.9973E-005 0.0227903 0.012948 0.902829 9.9973E-005 0.035288
0.00140167 0.0157247 0.00560736 0.000284373 0.0250468 0.0594391 0.000765399 9.9991E-005 0.891631
9.9964E-005 0.0165041 9.9964E-005 9.9964E-005 0.0189169 0.063341 0.00427217 9.9964E-005 0.896566
9.9982E-005 0.000424744 0.00513852 0.00263498 0.032184 0.0307023 0.00322907 9.9982E-005 0.925486
9.993E-005 9.993E-005 9.993E-005 9.993E-005 9.993E-005 9.993E-005 9.993E-005 9.993E-005 0.999201
9.993E-005 9.993E-005 9.993E-005 9.993E-005 9.993E-005 9.993E-005 9.993E-005 9.993E-005 0.999201
9.993E-005 9.993E-005 9.993E-005 9.993E-005 9.993E-005 9.993E-005 9.993E-005 9.993E-005 0.999201
0.0109565 0.0025363 0.985903 9.9955E-005 0.000104365 9.9955E-005 9.9955E-005 9.9955E-005 9.9955E-005
0.0030684 9.9964E-005 0.00140912 9.9964E-005 0.988702 9.9964E-005 0.00388888 0.0025318 9.9964E-005
0.00289912 9.9955E-005 0.003401 0.000865007 0.992335 9.9955E-005 9.9955E-005 9.9955E-005 9.9955E-005
0.0510008 0.0100851 0.0981957 0.782615 9.9982E-005 0.0119642 0.0186868 0.0272521 9.9982E-005
9.9963E-005 9.9963E-005 0.00227137 0.00231209 0.993245 9.9963E-005 9.9963E-005 0.00167144 9.9963E-005
9.9946E-005 9.9946E-005 9.9946E-005 0.00535414 0.993926 9.9946E-005 9.9946E-005 0.000120251 9.9946E-005
0.00262245 9.9964E-005 9.9964E-005 0.00268505 0.987166 9.9964E-005 0.00655059 0.000576241 9.9964E-005
9.9937E-005 9.9937E-005 0.00205785 9.9937E-005 0.997243 9.9937E-005 9.9937E-005 9.9937E-005 9.9937E-005
0.0500477 0.0111117 0.0949021 0.772733 9.9982E-005 0.0224019 0.0118822 0.0367217 9.9982E-005
9.9964E-005 0.00373072 9.9964E-005 9.9964E-005 0.000561621 0.973052 0.0095003 9.9964E-005 0.0127552
9.993E-005 9.993E-005 9.993E-005 9.993E-005 9.993E-005 9.993E-005 0.999201 9.993E-005 9.993E-005
0.000851221 9.9946E-005 0.00148151 9.9946E-005 9.9946E-005 9.9946E-005 0.997068 9.9946E-005 9.9946E-005
9.993E-005 9.993E-005 9.993E-005 9.993E-005 9.993E-005 9.993E-005 0.999201 9.993E-005 9.993E-005
9.993E-005 9.993E-005 9.993E-005 9.993E-005 9.993E-005 9.993E-005 0.999201 9.993E-005 9.993E-005
9.9955E-005 0.00181876 0.000141458 9.9955E-005 0.00201167 9.9955E-005 0.995528 9.9955E-005 9.9955E-005
9.9937E-005 9.9937E-005 9.9937E-005 9.9937E-005 9.9937E-005 9.9937E-005 0.99349 9.9937E-005 0.00581007
9.9937E-005 9.9937E-005 9.9937E-005 0.000480445 9.9937E-005 9.9937E-005 0.99882 9.9937E-005 9.9937E-005
9.993E-005 9.993E-005 9.993E-005 9.993E-005 9.993E-005 9.993E-005 0.999201 9.993E-005 9.993E-005
9.9937E-005 9.9937E-005 9.9937E-005 9.9937E-005 9.9937E-005 0.00219443 0.997106 9.9937E-005 9.9937E-005
0.00253579 9.9937E-005 9.9937E-005 9.9937E-005 9.9937E-005 9.9937E-005 0.996765 9.9937E-005 9.9937E-005
9.9964E-005 0.966804 9.9964E-005 0.000664718 0.00803308 9.9964E-005 0.0220468 9.9964E-005 0.00205123
9.9955E-005 0.981819 9.9955E-005 0.00150132 9.9955E-005 9.9955E-005 0.00536632 9.9955E-005 0.010814
9.993E-005 0.999201 9.993E-005 9.993E-005 9.993E-005 9.993E-005 9.993E-005 9.993E-005 9.993E-005
9.993E-005 0.999201 9.993E-005 9.993E-005 9.993E-005 9.993E-005 9.993E-005 9.993E-005 9.993E-005
9.993E-005 0.999201 9.993E-005 9.993E-005 9.993E-005 9.993E-005 9.993E-005 9.993E-005 9.993E-005
9.993E-005 9.993E-005 9.993E-005 9.993E-005 9.993E-005 0.999201 9.993E-005 9.993E-005 9.993E-005
9.993E-005 9.993E-005 9.993E-005 9.993E-005 9.993E-005 0.999201 9.993E-005 9.993E-005 9.993E-005
9.993E-005 9.993E-005 9.993E-005 9.993E-005 9.993E-005 0.999201 9.993E-005 9.993E-005 9.993E-005
9.9937E-005 9.9937E-005 9.9937E-005 0.000852728 9.9937E-005 0.998448 9.9937E-005 9.9937E-005 9.9937E-005
9.993E-005 9.993E-005 9.993E-005 0.999201 9.993E-005 9.993E-005 9.993E-005 9.993E-005 9.993E-005
9.993E-005 0.999201 9.993E-005 9.993E-005 9.993E-005 9.993E-005 9.993E-005 9.993E-005 9.993E-005
0.00120103 0.998099 9.9937E-005 9.9937E-005 9.9937E-005 9.9937E-005 9.9937E-005 9.9937E-005 9.9937E-005
9.993E-005 0.999201 9.993E-005 9.993E-005 9.993E-005 9.993E-005 9.993E-005 9.993E-005 9.993E-005
9.9937E-005 0.998012 9.9937E-005 9.9937E-005 9.9937E-005 9.9937E-005 9.9937E-005 0.00128871 9.9937E-005
0.00297792 9.9946E-005 0.991003 9.9946E-005 9.9946E-005 9.9946E-005 0.00541959 9.9946E-005 9.9946E-005
0.00148716 9.9973E-005 0.905859 0.0151622 9.9973E-005 0.00597057 0.00440242 0.0668191 9.9973E-005
9.9937E-005 9.9937E-005 0.996114 9.9937E-005 9.9937E-005 9.9937E-005 0.0031864 9.9937E-005 9.9937E-005
9.9964E-005 9.9964E-005 0.97899 0.000911603 9.9964E-005 0.00608262 0.00075997 0.0128562 9.9964E-005
0.00440457 0.00350841 0.988222 0.000624731 0.0028401 9.9964E-005 9.9964E-005 9.9964E-005 9.9964E-005
9.9955E-005 0.000290889 0.994527 9.9955E-005 9.9955E-005 0.00310483 9.9955E-005 0.00157716 9.9955E-005
9.993E-005 9.993E-005 0.999201 9.993E-005 9.993E-005 9.993E-005 9.993E-005 9.993E-005 9.993E-005
9.9955E-005 9.9955E-005 0.982123 0.00699706 0.00324257 9.9955E-005 9.9955E-005 0.00713743 9.9955E-005
0.00054294 9.9973E-005 9.9973E-005 0.00250332 0.986926 0.00303416 9.9973E-005 0.00346906 0.00322444
9.9982E-005 0.00948583 0.000953809 9.9982E-005 0.96976 0.000913936 0.011439 0.00102644 0.0062213
9.9955E-005 0.00509579 9.9955E-005 9.9955E-005 0.971972 0.00677855 9.9955E-005 9.9955E-005 0.0156541
9.9937E-005 9.9937E-005 9.9937E-005 9.9937E-005 0.994964 9.9937E-005 9.9937E-005 9.9937E-005 0.00433597
0.00592953 9.9964E-005 0.00357882 0.00089614 0.987586 9.9964E-005 9.9964E-005 0.00160985 9.9964E-005
9.993E-005 9.993E-005 9.993E-005 9.993E-005 0.999201 9.993E-005 9.993E-005 9.993E-005 9.993E-005
0.999201 9.993E-005 9.993E-005 9.993E-005 9.993E-005 9.993E-005 9.993E-005 9.993E-005 9.993E-005
9.993E-005 9.993E-005 0.999201 9.993E-005 9.993E-005 9.993E-005 9.993E-005 9.993E-005 9.993E-005
0.993024 0.00146283 0.000776069 0.00163427 9.99794E-005 9.99794E-005 9.99794E-005 0.00061174 0.00219117
9.993E-005 9.993E-005 0.999201 9.993E-005 9.993E-005 9.993E-005 9.993E-005 9.993E-005 9.993E-005
9.993E-005 9.993E-005 0.999201 9.993E-005 9.993E-005 9.993E-005 9.993E-005 9.993E-005 9.993E-005
0.000102486 0.0268966 9.9982E-005 9.9982E-005 0.0130602 0.0342055 0.0166438 0.000242701 0.908649
9.993E-005 9.993E-005 9.993E-005 9.993E-005 9.993E-005 9.993E-005 9.993E-005 9.993E-005 0.999201
9.993E-005 9.993E-005 9.993E-005 9.993E-005 9.993E-005 9.993E-005 9.993E-005 9.993E-005 0.999201
0.00253097 0.00539398 0.00353723 9.9973E-005 0.0401349 0.0170989 9.9973E-005 9.9973E-005 0.931004
9.9982E-005 0.00201218 0.00049401 0.00136663 0.029935 0.0166668 9.9982E-005 0.00439375 0.944932
9.993E-005 9.993E-005 9.993E-005 9.993E-005 9.993E-005 9.993E-005 9.993E-005 9.993E-005 0.999201
9.9946E-005 9.9946E-005 0.996924 0.000146758 9.9946E-005 0.00232959 9.9946E-005 9.9946E-005 9.9946E-005
0.00862038 0.00476143 0.930799 0.00632285 9.9973E-005 9.9973E-005 0.000701437 0.0484946 9.9973E-005
9.993E-005 9.993E-005 0.999201 9.993E-005 9.993E-005 9.993E-005 9.993E-005 9.993E-005 9.993E-005
0.00341808 0.00113159 0.992942 9.9955E-005 9.9955E-005 9.9955E-005 0.00200892 9.9955E-005 9.9955E-005
9.9946E-005 0.0011184 0.997674 9.9946E-005 9.9946E-005 9.9946E-005 0.000607541 9.9946E-005 9.9946E-005
9.9955E-005 9.9955E-005 0.98605 0.00737236 9.9955E-005 9.9955E-005 0.00299955 0.00307792 9.9955E-005
9.9955E-005 9.9955E-005 0.928268 0.00633542 9.9955E-005 9.9955E-005 0.000267015 0.0646297 9.9955E-005
9.9964E-005 9.9964E-005 0.90482 0.0135391 0.0014819 9.9964E-005 0.00170405 0.0780556 9.9964E-005
0.00207224 9.9973E-005 0.908154 0.0139655 9.9973E-005 9.9973E-005 0.00145509 0.0733379 0.000714922
9.9946E-005 0.00268711 0.992774 9.9946E-005 9.9946E-005 9.9946E-005 0.00393929 9.9946E-005 9.9946E-005
9.9955E-005 9.9955E-005 0.912906 0.0205107 9.9955E-005 9.9955E-005 0.000267108 0.0658159 9.9955E-005
9.9946E-005 9.9946E-005 0.883874 0.0172024 9.9946E-005 9.9946E-005 9.9946E-005 0.098324 9.9946E-005
0.0157057 0.00271305 0.922031 0.0044405 9.9973E-005 0.00352063 9.9973E-005 0.0512894 9.9973E-005
0.00460591 9.9955E-005 0.926319 0.003287 9.9955E-005 9.9955E-005 9.9955E-005 0.0652887 9.9955E-005
9.9973E-005 0.0065543 9.9973E-005 0.00470296 0.018835 0.0601016 0.0102212 9.9973E-005 0.899285
9.9973E-005 0.00845667 9.9973E-005 9.9973E-005 0.0347545 0.918865 0.00589318 0.00132522 0.0304054
9.993E-005 9.993E-005 9.993E-005 9.993E-005 9.993E-005 0.999201 9.993E-005 9.993E-005 9.993E-005
9.993E-005 9.993E-005 9.993E-005 0.999201 9.993E-005 9.993E-005 9.993E-005 9.993E-005 9.993E-005
9.993E-005 9.993E-005 9.993E-005 0.999201 9.993E-005 9.993E-005 9.993E-005 9.993E-005 9.993E-005
9.9946E-005 9.9946E-005 0.00172161 9.9946E-005 0.0233688 0.97431 9.9946E-005 9.9946E-005 9.9946E-005
0.00627023 0.0409438 0.00110746 0.00178361 0.117268 0.465223 0.0479424 0.00550597 0.313955
0.0705211 0.055193 0.0817273 0.024616 0.155205 0.343483 0.0371732 9.9991E-005 0.231981
0.00223962 0.751618 0.00684925 9.9982E-005 0.0189169 0.0668568 0.088994 9.9982E-005 0.0643257
9.9982E-005 0.747941 0.00313093 9.9982E-005 0.0236795 0.06688 0.0980316 0.000713716 0.0594235
9.993E-005 9.993E-005 9.993E-005 0.999201 9.993E-005 9.993E-005 9.993E-005 9.993E-005 9.993E-005
9.993E-005 9.993E-005 9.993E-005 0.999201 9.993E-005 9.993E-005 9.993E-005 9.993E-005 9.993E-005
0.00210778 0.753341 9.9982E-005 0.00350826 0.0232476 0.0667565 0.0962547 9.9982E-005 0.0545844
9.9973E-005 0.0396564 9.9973E-005 0.00293199 0.125159 0.456744 0.0382957 9.9973E-005 0.336913
9.993E-005 9.993E-005 9.993E-005 0.999201 9.993E-005 9.993E-005 9.993E-005 9.993E-005 9.993E-005
0.00325192 0.747023 0.00037293 9.9991E-005 0.0208591 0.0617914 0.107158 0.000829671 0.0586137
0.00509931 0.00962172 0.0031102 0.00316811 0.0527242 0.897999 0.00841703 9.9991E-005 0.0197602
9.9946E-005 9.9946E-005 9.9946E-005 9.9946E-005 0.0119967 0.976713 9.9946E-005 9.9946E-005 0.0106905
0.0405075 0.0435723 0.0403543 0.0138702 0.160552 0.431331 0.0434661 9.9991E-005 0.226247
0.00819384 0.269905 0.00898207 9.9991E-005 0.100906 0.167792 0.286507 0.00537581 0.152239
9.9955E-005 0.000984149 9.9955E-005 9.9955E-005 0.0161872 0.954555 9.9955E-005 9.9955E-005 0.0277744
9.99623E-005 0.00589746 9.99623E-005 9.99623E-005 0.0226341 0.953936 0.0170326 9.99623E-005 9.99623E-005
0.000271295 0.0112679 9.9964E-005 0.00284937 0.00580008 0.979412 9.9964E-005 9.9964E-005 9.9964E-005
0.0068965 9.9946E-005 9.9946E-005 0.988155 9.9946E-005 0.00434834 9.9946E-005 9.9946E-005 9.9946E-005
9.9991E-005 0.00857462 0.000524097 0.000198526 0.00822948 0.961399 0.00318784 0.000261681 0.0175246
9.993E-005 9.993E-005 9.993E-005 0.999201 9.993E-005 9.993E-005 9.993E-005 9.993E-005 9.993E-005
9.993E-005 9.993E-005 9.993E-005 9.993E-005 9.993E-005 0.999201 9.993E-005 9.993E-005 9.993E-005
9.993E-005 9.993E-005 9.993E-005 0.999201 9.993E-005 9.993E-005 9.993E-005 9.993E-005 9.993E-005
9.9937E-005 0.996949 9.9937E-005 0.00235159 9.9937E-005 9.9937E-005 9.9937E-005 9.9937E-005 9.9937E-005
9.993E-005 9.993E-005 9.993E-005 9.993E-005 9.993E-005 0.999201 9.993E-005 9.993E-005 9.993E-005
9.9964E-005 0.946375 9.9964E-005 9.9964E-005 0.00371342 9.9964E-005 0.0253278 0.00224788 0.0219358
9.9937E-005 0.00307096 9.9937E-005 9.9937E-005 9.9937E-005 0.996229 9.9937E-005 9.9937E-005 9.9937E-005
0.000295494 0.00308114 0.00103064 9.9973E-005 9.9973E-005 0.992079 0.00268421 0.000529967 9.9973E-005
9.993E-005 9.993E-005 9.993E-005 9.993E-005 9.993E-005 0.999201 9.993E-005 9.993E-005 9.993E-005
9.993E-005 9.993E-005 9.993E-005 9.993E-005 9.993E-005 0.999201 9.993E-005 9.993E-005 9.993E-005
9.993E-005 9.993E-005 9.993E-005 0.999201 9.993E-005 9.993E-005 9.993E-005 9.993E-005 9.993E-005
9.9946E-005 9.9946E-005 9.9946E-005 9.9946E-005 0.0145559 9.9946E-005 0.0112607 9.9946E-005 0.973584
9.9946E-005 9.9946E-005 9.9946E-005 9.9946E-005 0.0155073 9.9946E-005 0.016167 9.9946E-005 0.967726
0.00207686 0.00853919 9.9982E-005 0.000750861 0.0243772 0.0350208 0.00406992 9.9982E-005 0.924965
0.00191215 9.99547E-005 9.99547E-005 9.99547E-005 0.99432 9.99547E-005 0.00316823 9.99547E-005 9.99547E-005
0.00504039 9.9964E-005 9.9964E-005 0.975093 0.00382926 0.00567093 9.9964E-005 0.00996643 9.9964E-005
9.99592E-005 0.00510421 9.99592E-005 9.99592E-005 0.968209 0.0119763 9.99592E-005 9.99592E-005 0.014211
9.9946E-005 0.00627746 9.9946E-005 0.00046479 0.992658 9.9946E-005 9.9946E-005 9.9946E-005 9.9946E-005
0.00237001 0.00154634 9.9964E-005 9.9964E-005 0.96531 9.9964E-005 0.00417395 9.9964E-005 0.0261997
9.993E-005 9.993E-005 9.993E-005 9.993E-005 0.999201 9.993E-005 9.993E-005 9.993E-005 9.993E-005
9.9946E-005 0.00210901 9.9946E-005 9.9946E-005 0.983352 0.0139389 9.9946E-005 9.9946E-005 9.9946E-005
9.993E-005 0.999201 9.993E-005 9.993E-005 9.993E-005 9.993E-005 9.993E-005 9.993E-005 9.993E-005
9.993E-005 0.999201 9.993E-005 9.993E-005 9.993E-005 9.993E-005 9.993E-005 9.993E-005 9.993E-005
9.993E-005 0.999201 9.993E-005 9.993E-005 9.993E-005 9.993E-005 9.993E-005 9.993E-005 9.993E-005
0.00343758 0.993787 9.9946E-005 9.9946E-005 9.9946E-005 9.9946E-005 9.9946E-005 0.00217552 9.9946E-005
9.9955E-005 0.0128237 9.9955E-005 0.030328 0.953701 9.9955E-005 9.9955E-005 9.9955E-005 0.00264733
9.9946E-005 0.981483 9.9946E-005 9.9946E-005 0.00280377 9.9946E-005 9.9946E-005 9.9946E-005 0.0151135
9.993E-005 9.993E-005 9.993E-005 9.993E-005 0.999201 9.993E-005 9.993E-005 9.993E-005 9.993E-005
9.9946E-005 9.9946E-005 9.9946E-005 9.9946E-005 0.970056 0.0195294 9.9946E-005 9.9946E-005 0.00981458
9.9937E-005 9.9937E-005 9.9937E-005 9.9937E-005 0.98144 0.0178601 9.9937E-005 9.9937E-005 9.9937E-005
9.9946E-005 9.9946E-005 9.9946E-005 9.9946E-005 0.985879 0.0119944 9.9946E-005 9.9946E-005 0.00152678
9.9946E-005 9.9946E-005 9.9946E-005 9.9946E-005 0.970821 0.011406 9.9946E-005 9.9946E-005 0.0171738
0.00190872 0.00300641 0.00121326 9.9973E-005 0.969009 9.9973E-005 0.0107538 9.9973E-005 0.013809
0.000173924 0.00308184 0.00270208 9.9982E-005 0.975994 0.00761869 0.00530297 9.9982E-005 0.00492626
9.9964E-005 0.00157113 9.9964E-005 0.000746754 0.965711 0.0166833 9.9964E-005 9.9964E-005 0.0148875
0.00105113 0.0117411 0.00120864 9.9982E-005 0.956084 0.00416139 0.0121489 9.9982E-005 0.0134046
0.000261414 0.00629134 9.9982E-005 9.9982E-005 0.963349 0.00996348 0.00390407 0.00122001 0.0148103
0.000938831 0.00413159 0.00119231 9.9964E-005 0.983463 9.9964E-005 0.00987428 9.9964E-005 9.9964E-005
9.9946E-005 0.00507977 9.9946E-005 9.9946E-005 0.983084 9.9946E-005 0.0112361 9.9946E-005 9.9946E-005
9.9946E-005 0.0125697 9.9946E-005 9.9946E-005 0.966386 0.0204451 9.9946E-005 9.9946E-005 9.9946E-005
0.000650755 9.9982E-005 0.00286201 0.00197072 0.95795 0.00974969 0.00106979 9.9982E-005 0.0255473
9.9955E-005 9.9955E-005 9.9955E-005 9.9955E-005 0.967559 0.0115327 0.00573549 9.9955E-005 0.0146735
0.0125251 0.00561029 0.00523235 0.00353154 0.944992 0.00535131 0.00321247 0.00669783 0.0128471
9.9946E-005 9.9946E-005 0.972942 0.00962043 9.9946E-005 9.9946E-005 9.9946E-005 0.0168377 9.9946E-005
9.9946E-005 9.9946E-005 0.994895 9.9946E-005 0.000376674 9.9946E-005 9.9946E-005 0.00412818 9.9946E-005
9.99445E-005 9.99445E-005 0.996928 9.99445E-005 0.00237241 9.99445E-005 9.99445E-005 9.99445E-005 9.99445E-005
0.00263226 0.0101456 9.99754E-005 9.99754E-005 0.960027 0.0119458 9.99754E-005 0.00639401 0.00855532
0.0263838 0.262994 0.00660986 0.0131533 0.121207 0.143358 0.278699 0.0279804 0.119614
0.995075 9.9955E-005 9.9955E-005 0.0014807 0.00243178 9.9955E-005 9.9955E-005 0.000512326 9.9955E-005
0.992517 0.00241325 0.000622475 0.00219699 9.9964E-005 9.9964E-005 0.00185052 9.9964E-005 9.9964E-005
0.998316 9.9937E-005 9.9937E-005 9.9937E-005 9.9937E-005 9.9937E-005 9.9937E-005 9.9937E-005 0.000984763
0.991343 9.9946E-005 9.9946E-005 0.00473255 9.9946E-005 9.9946E-005 9.9946E-005 0.00332459 9.9946E-005
0.998167 9.9946E-005 0.000522952 9.9946E-005 0.00071019 9.9946E-005 9.9946E-005 9.9946E-005 9.9946E-005
0.999201 9.993E-005 9.993E-005 9.993E-005 9.993E-005 9.993E-005 9.993E-005 9.993E-005 9.993E-005
9.9937E-005 9.9937E-005 0.0185982 9.9937E-005 9.9937E-005 9.9937E-005 9.9937E-005 0.980702 9.9937E-005
0.999201 9.993E-005 9.993E-005 9.993E-005 9.993E-005 9.993E-005 9.993E-005 9.993E-005 9.993E-005
9.993E-005 9.993E-005 0.999201 9.993E-005 9.993E-005 9.993E-005 9.993E-005 9.993E-005 9.993E-005
0.973876 0.000601683 9.9973E-005 0.00239552 9.9973E-005 9.9973E-005 0.00114606 0.00841498 0.0132662
0.992199 9.9946E-005 0.00450113 0.00270028 9.9946E-005 9.9946E-005 9.9946E-005 9.9946E-005 9.9946E-005
0.999201 9.993E-005 9.993E-005 9.993E-005 9.993E-005 9.993E-005 9.993E-005 9.993E-005 9.993E-005
0.997632 9.9946E-005 9.9946E-005 0.00114569 0.000622621 9.9946E-005 9.9946E-005 9.9946E-005 9.9946E-005
9.9964E-005 0.00723215 9.9964E-005 9.9964E-005 0.975048 0.0107474 0.00095884 9.9964E-005 0.00561332
0.999201 9.993E-005 9.993E-005 9.993E-005 9.993E-005 9.993E-005 9.993E-005 9.993E-005 9.993E-005
0.00351062 9.9937E-005 0.99579 9.9937E-005 9.9937E-005 9.9937E-005 9.9937E-005 9.9937E-005 9.9937E-005
9.9964E-005 9.9964E-005 0.00465269 0.00237567 0.984959 0.000672427 9.9964E-005 9.9964E-005 0.00694025
9.9964E-005 0.00114734 9.9964E-005 9.9964E-005 0.0145372 0.0187235 0.00497142 9.9964E-005 0.960221
0.998394 9.9937E-005 9.9937E-005 9.9937E-005 0.000906156 9.9937E-005 9.9937E-005 9.9937E-005 9.9937E-005
9.993E-005 9.993E-005 9.993E-005 0.999201 9.993E-005 9.993E-005 9.993E-005 9.993E-005 9.993E-005
9.9937E-005 9.9937E-005 9.9937E-005 0.996722 9.9937E-005 9.9937E-005 9.9937E-005 9.9937E-005 0.00257886
9.9937E-005 9.9937E-005 9.9937E-005 9.9937E-005 9.9937E-005 0.00415374 9.9937E-005 9.9937E-005 0.995147
0.000348494 9.9937E-005 9.9937E-005 0.998952 9.9937E-005 9.9937E-005 9.9937E-005 9.9937E-005 9.9937E-005
9.9937E-005 9.9937E-005 9.9937E-005 9.9937E-005 0.988521 0.0107798 9.9937E-005 9.9937E-005 9.9937E-005
9.9946E-005 9.9946E-005 9.9946E-005 9.9946E-005 0.973473 0.0142569 9.9946E-005 9.9946E-005 0.0116709
0.00145927 0.0038637 0.00174113 0.000617684 0.936342 0.0382676 9.9991E-005 0.00376993 0.0138385
9.9955E-005 0.00266285 9.9955E-005 9.9955E-005 0.992619 0.00183948 0.00237866 9.9955E-005 9.9955E-005
9.9946E-005 9.9946E-005 9.9946E-005 9.9946E-005 0.955403 0.0109929 9.9946E-005 9.9946E-005 0.0330041
0.0023165 9.9982E-005 9.9982E-005 0.00257864 0.960033 0.0028005 0.00635615 0.00618416 0.0195308
9.9946E-005 0.00317886 9.9946E-005 9.9946E-005 0.995732 9.9946E-005 9.9946E-005 0.000489173 9.9946E-005
9.993E-005 9.993E-005 9.993E-005 9.993E-005 9.993E-005 9.993E-005 9.993E-005 9.993E-005 0.999201
9.993E-005 9.993E-005 9.993E-005 9.993E-005 9.993E-005 9.993E-005 9.993E-005 9.993E-005 0.999201
9.9937E-005 9.9937E-005 0.000944274 9.9937E-005 0.998356 9.9937E-005 9.9937E-005 9.9937E-005 9.9937E-005
9.9964E-005 9.9964E-005 0.965552 0.0081184 0.00492527 9.9964E-005 9.9964E-005 0.0198296 0.001175
9.9937E-005 9.9937E-005 0.00821842 9.9937E-005 9.9937E-005 9.9937E-005 9.9937E-005 0.991082 9.9937E-005
9.993E-005 9.993E-005 9.993E-005 9.993E-005 9.993E-005 9.993E-005 9.993E-005 0.999201 9.993E-005
0.0552613 0.036679 9.9982E-005 0.00961912 0.0649792 9.9982E-005 0.0262466 0.731274 0.0757405
9.9937E-005 9.9937E-005 0.02894 9.9937E-005 9.9937E-005 9.9937E-005 9.9937E-005 0.97036 9.9937E-005
0.00699335 9.9964E-005 0.97491 0.00660725 0.000762171 9.9964E-005 9.9964E-005 9.9964E-005 0.0103275
9.9946E-005 9.9946E-005 0.995573 0.000299443 9.9946E-005 9.9946E-005 9.9946E-005 9.9946E-005 0.00352791
9.993E-005 9.993E-005 0.999201 9.993E-005 9.993E-005 9.993E-005 9.993E-005 9.993E-005 9.993E-005
9.9937E-005 9.9937E-005 0.0333604 9.9937E-005 9.9937E-005 9.9937E-005 9.9937E-005 0.96594 9.9937E-005
9.9937E-005 9.9937E-005 9.9937E-005 9.9937E-005 0.00548998 9.9937E-005 9.9937E-005 9.9937E-005 0.99381
9.993E-005 9.993E-005 9.993E-005 0.999201 9.993E-005 9.993E-005 9.993E-005 9.993E-005 9.993E-005
0.074553 0.0534137 0.0690735 0.0342313 0.0980854 0.00854327 0.0368641 0.0241462 0.601089
9.9955E-005 0.0100707 9.9955E-005 9.9955E-005 0.0111246 9.9955E-005 9.9955E-005 0.000132087 0.978173
9.9964E-005 0.00208244 9.9964E-005 9.9964E-005 0.00840863 9.9964E-005 0.00142615 0.00184509 0.985838
9.9946E-005 9.9946E-005 9.9946E-005 0.992627 0.00293054 9.9946E-005 9.9946E-005 0.00384277 9.9946E-005
0.998731 0.00056899 9.9937E-005 9.9937E-005 9.9937E-005 9.9937E-005 9.9937E-005 9.9937E-005 9.9937E-005
0.00131547 0.0291905 9.9973E-005 9.9973E-005 0.639737 0.153485 0.0387438 9.9973E-005 0.137228
9.993E-005 9.993E-005 9.993E-005 9.993E-005 9.993E-005 9.993E-005 9.993E-005 9.993E-005 0.999201
9.993E-005 9.993E-005 9.993E-005 9.993E-005 9.993E-005 9.993E-005 9.993E-005 9.993E-005 0.999201
9.993E-005 9.993E-005 9.993E-005 9.993E-005 9.993E-005 9.993E-005 9.993E-005 9.993E-005 0.999201
0.00134221 9.9946E-005 9.9946E-005 0.00179248 9.9946E-005 9.9946E-005 9.9946E-005 9.9946E-005 0.996266
9.993E-005 9.993E-005 9.993E-005 9.993E-005 9.993E-005 9.993E-005 9.993E-005 9.993E-005 0.999201
9.993E-005 9.993E-005 9.993E-005 9.993E-005 9.993E-005 9.993E-005 9.993E-005 9.993E-005 0.999201
