0.0175519 0.0263965 0.0284849 9.9964E-005 9.9964E-005 0.897215 0.0226464 0.00730528 9.9964E-005 9.9964E-005
9.9982E-005 0.0159887 0.0498124 0.00412238 0.000182573 0.912966 0.0143919 0.000919943 0.00141629 9.9982E-005
0.0469338 0.0103681 0.895481 0.00107678 9.9991E-005 0.00591964 0.0282138 0.00872927 0.00138474 0.00179246
0.0651206 0.0104554 0.894071 9.9955E-005 9.9955E-005 0.0111303 0.0187226 9.9955E-005 9.9955E-005 9.9955E-005
0.035468 0.0114798 0.911994 0.00127662 9.9982E-005 0.0049095 0.0286409 9.9982E-005 0.00286909 0.00316246
9.99201E-005 9.99201E-005 0.999101 9.99201E-005 9.99201E-005 9.99201E-005 9.99201E-005 9.99201E-005 9.99201E-005 9.99201E-005
9.9937E-005 0.000774947 0.997526 0.000999512 9.9937E-005 9.9937E-005 9.9937E-005 9.9937E-005 9.9937E-005 9.9937E-005
9.99201E-005 9.99201E-005 0.999101 9.99201E-005 9.99201E-005 9.99201E-005 9.99201E-005 9.99201E-005 9.99201E-005 9.99201E-005
9.9955E-005 0.000206555 0.00121553 9.9955E-005 9.9955E-005 9.9955E-005 9.9955E-005 0.000436895 0.00395324 0.993688
9.9946E-005 9.9946E-005 9.9946E-005 9.9946E-005 9.9946E-005 0.000298742 0.992664 9.9946E-005 0.00350931 0.00292873
9.9955E-005 9.9955E-005 9.9955E-005 0.00191021 9.9955E-005 0.000149005 0.993455 9.9955E-005 0.00190797 0.00207844
9.9973E-005 0.00292164 9.9973E-005 0.781962 0.0417373 0.000552811 9.9973E-005 0.040588 0.0502785 0.0816603
9.9955E-005 9.9955E-005 9.9955E-005 0.00446775 0.000312949 9.9955E-005 0.990716 9.9955E-005 0.0033257 0.000678213
9.9928E-005 9.9928E-005 9.9928E-005 9.9928E-005 9.9928E-005 9.9928E-005 0.997843 9.9928E-005 0.0013576 9.9928E-005
9.9937E-005 9.9937E-005 9.9937E-005 0.00161503 9.9937E-005 9.9937E-005 0.995869 9.9937E-005 0.00181683 9.9937E-005
9.9946E-005 9.9946E-005 9.9946E-005 0.00347569 9.9946E-005 9.9946E-005 0.9926 9.9946E-005 0.00223982 0.00108456
9.9973E-005 0.00500075 9.9973E-005 0.780575 0.0426902 0.00313357 9.9973E-005 0.0416195 0.0439088 0.0827727
0.977335 0.00508781 0.00333095 9.9973E-005 9.9973E-005 0.00569525 0.00765167 0.000469051 0.000129979 9.9973E-005
9.99201E-005 9.99201E-005 9.99201E-005 9.99201E-005 9.99201E-005 0.999101 9.99201E-005 9.99201E-005 9.99201E-005 9.99201E-005
0.000133108 9.9946E-005 9.9946E-005 9.9946E-005 9.9946E-005 0.997834 0.00116105 9.9946E-005 0.000271764 9.9946E-005
9.99201E-005 9.99201E-005 9.99201E-005 9.99201E-005 9.99201E-005 0.999101 9.99201E-005 9.99201E-005 9.99201E-005 9.99201E-005
9.99201E-005 9.99201E-005 9.99201E-005 9.99201E-005 9.99201E-005 0.999101 9.99201E-005 9.99201E-005 9.99201E-005 9.99201E-005
9.9937E-005 9.9937E-005 0.00373135 0.000270352 9.9937E-005 0.995299 9.9937E-005 9.9937E-005 9.9937E-005 9.9937E-005
9.99201E-005 9.99201E-005 9.99201E-005 9.99201E-005 9.99201E-005 0.999101 9.99201E-005 9.99201E-005 9.99201E-005 9.99201E-005
9.99201E-005 9.99201E-005 9.99201E-005 9.99201E-005 9.99201E-005 0.999101 9.99201E-005 9.99201E-005 9.99201E-005 9.99201E-005
9.9928E-005 9.9928E-005 9.9928E-005 9.9928E-005 9.9928E-005 0.997369 0.00183158 9.9928E-005 9.9928E-005 9.9928E-005
9.99201E-005 9.99201E-005 9.99201E-005 9.99201E-005 9.99201E-005 0.999101 9.99201E-005 9.99201E-005 9.99201E-005 9.99201E-005
9.9946E-005 9.9946E-005 9.9946E-005 0.00226656 0.000585759 0.994334 9.9946E-005 9.9946E-005 0.00221398 9.9946E-005
9.9955E-005 0.963508 9.9955E-005 0.00155549 9.9955E-005 0.0228282 0.0110463 9.9955E-005 0.000562646 9.9955E-005
0.0140731 0.973759 0.0072758 0.000962683 9.9964E-005 0.000315696 0.0032139 9.9964E-005 9.9964E-005 9.9964E-005
9.99201E-005 0.999101 9.99201E-005 9.99201E-005 9.99201E-005 9.99201E-005 9.99201E-005 9.99201E-005 9.99201E-005 9.99201E-005
9.99201E-005 0.999101 9.99201E-005 9.99201E-005 9.99201E-005 9.99201E-005 9.99201E-005 9.99201E-005 9.99201E-005 9.99201E-005
9.99201E-005 0.999101 9.99201E-005 9.99201E-005 9.99201E-005 9.99201E-005 9.99201E-005 9.99201E-005 9.99201E-005 9.99201E-005
0.999101 9.99201E-005 9.99201E-005 9.99201E-005 9.99201E-005 9.99201E-005 9.99201E-005 9.99201E-005 9.99201E-005 9.99201E-005
0.999101 9.99201E-005 9.99201E-005 9.99201E-005 9.99201E-005 9.99201E-005 9.99201E-005 9.99201E-005 9.99201E-005 9.99201E-005
0.999101 9.99201E-005 9.99201E-005 9.99201E-005 9.99201E-005 9.99201E-005 9.99201E-005 9.99201E-005 9.99201E-005 9.99201E-005
0.999101 9.99201E-005 9.99201E-005 9.99201E-005 9.99201E-005 9.99201E-005 9.99201E-005 9.99201E-005 9.99201E-005 9.99201E-005
9.99201E-005 9.99201E-005 9.99201E-005 0.999101 9.99201E-005 9.99201E-005 9.99201E-005 9.99201E-005 9.99201E-005 9.99201E-005
9.9928E-005 0.998668 9.9928E-005 9.9928E-005 9.9928E-005 9.9928E-005 9.9928E-005 9.9928E-005 9.9928E-005 0.000532565
9.9937E-005 0.997131 9.9937E-005 9.9937E-005 9.9937E-005 9.9937E-005 9.9937E-005 9.9937E-005 0.0010973 0.00107243
9.99201E-005 0.999101 9.99201E-005 9.99201E-005 9.99201E-005 9.99201E-005 9.99201E-005 9.99201E-005 9.99201E-005 9.99201E-005
9.99292E-005 0.998981 9.99292E-005 9.99292E-005 9.99292E-005 9.99292E-005 9.99292E-005 9.99292E-005 0.000219482 9.99292E-005
9.9928E-005 9.9928E-005 9.9928E-005 9.9928E-005 9.9928E-005 9.9928E-005 9.9928E-005 9.9928E-005 0.00364832 0.995552
9.9973E-005 0.00344582 0.00396345 0.00506119 0.0649651 0.00261498 9.9973E-005 9.9973E-005 0.00127517 0.918374
9.9937E-005 9.9937E-005 9.9937E-005 9.9937E-005 9.9937E-005 0.00234675 9.9937E-005 9.9937E-005 0.000293906 0.99666
0.0100149 9.9955E-005 0.000657416 0.00139633 0.001574 9.9955E-005 9.9955E-005 9.9955E-005 9.9955E-005 0.985858
0.00133692 0.00204548 0.00115711 9.9964E-005 9.9964E-005 0.000811326 9.9964E-005 9.9964E-005 0.00185093 0.992398
9.9937E-005 9.9937E-005 0.0046117 9.9937E-005 0.00664148 9.9937E-005 9.9937E-005 9.9937E-005 9.9937E-005 0.988047
9.9937E-005 9.9937E-005 9.9937E-005 9.9937E-005 9.9937E-005 9.9937E-005 0.000498435 9.9937E-005 0.00282965 0.995972
9.9946E-005 9.9946E-005 0.00293011 0.00389554 0.00500871 9.9946E-005 9.9946E-005 9.9946E-005 9.9946E-005 0.987566
9.99281E-005 9.99281E-005 9.99281E-005 9.99281E-005 9.99281E-005 9.99281E-005 0.969103 0.0300971 9.99281E-005 9.99281E-005
0.00189012 0.00531178 0.0150551 9.9964E-005 9.9964E-005 0.00937251 0.966682 9.9964E-005 9.9964E-005 0.00128893
0.00618263 0.00534105 0.0305235 9.9946E-005 9.9946E-005 9.9946E-005 0.957353 9.9946E-005 9.9946E-005 9.9946E-005
9.9946E-005 9.9946E-005 0.00243217 9.9946E-005 9.9946E-005 0.0014068 0.995117 9.9946E-005 0.000444548 9.9946E-005
9.9946E-005 9.9946E-005 9.9946E-005 0.00273835 0.00533518 9.9946E-005 0.98871 9.9946E-005 0.00261698 9.9946E-005
0.00589985 9.9928E-005 9.9928E-005 9.9928E-005 9.9928E-005 9.9928E-005 0.993301 9.9928E-005 9.9928E-005 9.9928E-005
9.99201E-005 9.99201E-005 9.99201E-005 9.99201E-005 9.99201E-005 9.99201E-005 9.99201E-005 9.99201E-005 0.999101 9.99201E-005
9.9928E-005 9.9928E-005 9.9928E-005 9.9928E-005 9.9928E-005 9.9928E-005 0.000201746 9.9928E-005 9.9928E-005 0.998999
9.9946E-005 0.0028096 9.9946E-005 0.00166698 9.9946E-005 9.9946E-005 9.9946E-005 9.9946E-005 0.993575 0.00134898
9.99201E-005 9.99201E-005 9.99201E-005 9.99201E-005 9.99201E-005 9.99201E-005 9.99201E-005 9.99201E-005 9.99201E-005 0.999101
9.9946E-005 0.000226255 9.9946E-005 0.00476498 9.9946E-005 9.9946E-005 0.000912258 9.9946E-005 9.9946E-005 0.993497
0.0324169 0.0153023 0.923077 9.9982E-005 0.00222779 0.0106172 0.0129138 9.9982E-005 0.0018726 0.00137224
9.9937E-005 9.9937E-005 0.998389 9.9937E-005 0.000373801 9.9937E-005 9.9937E-005 9.9937E-005 0.000537885 9.9937E-005
0.00297046 9.99441E-005 0.994657 9.99441E-005 9.99441E-005 9.99441E-005 9.99441E-005 0.00167301 9.99441E-005 9.99441E-005
0.0160089 0.00516561 0.927255 0.000570429 0.00162682 0.00631264 0.0344486 9.9991E-005 0.00327133 0.00524036
0.0315936 0.00936393 0.923413 0.00283855 0.00593165 0.000958011 0.0252338 9.9982E-005 0.000467712 9.9982E-005
9.9937E-005 9.9937E-005 0.990499 0.00174014 9.9937E-005 0.00706088 9.9937E-005 9.9937E-005 9.9937E-005 9.9937E-005
0.0008278 9.9946E-005 9.9946E-005 9.9946E-005 9.9946E-005 9.9946E-005 0.000190411 0.00082838 9.9946E-005 0.997554
9.9955E-005 9.9955E-005 9.9955E-005 0.000489317 0.0422419 0.00619815 9.9955E-005 9.9955E-005 0.0108048 0.939766
9.99201E-005 9.99201E-005 9.99201E-005 9.99201E-005 9.99201E-005 9.99201E-005 9.99201E-005 9.99201E-005 9.99201E-005 0.999101
9.9928E-005 9.9928E-005 9.9928E-005 9.9928E-005 9.9928E-005 9.9928E-005 9.9928E-005 9.9928E-005 0.000181479 0.999019
9.9937E-005 9.9937E-005 9.9937E-005 9.9937E-005 9.9937E-005 0.00242764 9.9937E-005 9.9937E-005 0.00243166 0.994441
9.9928E-005 9.9928E-005 9.9928E-005 9.9928E-005 0.010724 9.9928E-005 9.9928E-005 9.9928E-005 9.9928E-005 0.988477
9.9937E-005 9.9937E-005 9.9937E-005 0.00971761 0.0671796 9.9937E-005 9.9937E-005 9.9937E-005 9.9937E-005 0.922403
9.99638E-005 0.00381861 9.99638E-005 0.016143 0.0816756 9.99638E-005 9.99638E-005 9.99638E-005 0.00110603 0.896757
9.9973E-005 0.000960608 0.000187046 0.00668341 0.0757185 0.0019766 9.9973E-005 9.9973E-005 0.00583135 0.908343
9.9928E-005 9.9928E-005 9.9928E-005 9.9928E-005 9.9928E-005 0.00665295 9.9928E-005 9.9928E-005 9.9928E-005 0.992548
9.9937E-005 9.9937E-005 9.9937E-005 0.0184306 0.0706069 9.9937E-005 9.9937E-005 9.9937E-005 9.9937E-005 0.910263
9.9937E-005 9.9937E-005 9.9937E-005 0.0126044 0.0969225 9.9937E-005 9.9937E-005 9.9937E-005 9.9937E-005 0.889774
0.000400154 0.0050628 9.9982E-005 0.00891244 0.0427873 0.000930118 9.9982E-005 0.00296897 0.011595 0.927143
9.9955E-005 9.9955E-005 9.9955E-005 0.00416128 0.0669624 9.9955E-005 9.9955E-005 0.000557178 0.00283165 0.924988
0.0511963 0.00758151 0.885642 0.00240783 9.99796E-005 0.0104263 0.0404068 9.99796E-005 0.00203916 9.99796E-005
0.921214 0.00307564 0.0507165 9.9955E-005 9.9955E-005 0.00515489 0.0193388 9.9955E-005 9.9955E-005 9.9955E-005
0.999101 9.99201E-005 9.99201E-005 9.99201E-005 9.99201E-005 9.99201E-005 9.99201E-005 9.99201E-005 9.99201E-005 9.99201E-005
9.9937E-005 0.000205357 9.9937E-005 0.99837 9.9937E-005 9.9937E-005 0.000724685 9.9937E-005 9.9937E-005 9.9937E-005
9.99201E-005 9.99201E-005 9.99201E-005 0.999101 9.99201E-005 9.99201E-005 9.99201E-005 9.99201E-005 9.99201E-005 9.99201E-005
0.989358 9.9946E-005 9.9946E-005 9.9946E-005 9.9946E-005 9.9946E-005 0.00364323 0.00555575 9.9946E-005 0.00084326
0.451357 0.0371612 0.308219 0.00123926 0.00362749 0.0384392 0.132511 0.0174686 0.00669015 0.00328622
0.338273 0.0512564 0.184901 0.030765 9.9991E-005 0.0329162 0.149712 0.0764236 0.0633682 0.0722847
0.055559 0.741602 0.0743332 0.0020804 0.00243364 0.0985924 0.0201706 9.9991E-005 0.00307945 0.00204895
0.0676015 0.731606 0.0632495 9.9973E-005 9.9973E-005 0.1049 0.0250887 0.0034536 9.9973E-005 0.00380085
9.99201E-005 9.99201E-005 9.99201E-005 0.999101 9.99201E-005 9.99201E-005 9.99201E-005 9.99201E-005 9.99201E-005 9.99201E-005
9.99201E-005 9.99201E-005 9.99201E-005 0.999101 9.99201E-005 9.99201E-005 9.99201E-005 9.99201E-005 9.99201E-005 9.99201E-005
0.057798 0.732651 0.0760292 9.9982E-005 9.9982E-005 0.105207 0.0168266 0.00366386 0.00156062 0.0060643
0.46064 0.0408042 0.317688 0.00160292 9.9973E-005 0.0402297 0.128076 0.0106598 9.9973E-005 9.9973E-005
9.99201E-005 9.99201E-005 9.99201E-005 0.999101 9.99201E-005 9.99201E-005 9.99201E-005 9.99201E-005 9.99201E-005 9.99201E-005
0.0595148 0.743853 0.0642698 9.9964E-005 9.9964E-005 0.0965233 0.0192229 0.0162166 9.9964E-005 9.9964E-005
0.913467 0.0066137 0.0179774 9.9991E-005 0.00571702 0.0125314 0.0350566 0.00579963 0.000423336 0.00231392
0.974048 9.9937E-005 0.010579 9.9937E-005 9.9937E-005 9.9937E-005 0.0146735 9.9937E-005 9.9937E-005 9.9937E-005
0.434496 0.0237007 0.182954 0.0117382 0.00689759 0.0443824 0.135306 0.0971686 0.0353566 0.0280001
0.143319 0.260791 0.132466 9.9982E-005 9.9982E-005 0.280428 0.101194 0.0667365 0.00531822 0.00954704
0.961721 0.00404508 0.020629 9.9955E-005 9.9955E-005 9.9955E-005 0.00396174 0.00914346 9.9955E-005 9.9955E-005
0.941169 0.0105291 0.0092702 9.9964E-005 9.9964E-005 0.00921769 0.0286732 0.000741108 9.9964E-005 9.9964E-005
0.963651 0.00852799 9.9955E-005 9.9955E-005 0.00119769 9.9955E-005 0.0203476 0.00577609 9.9955E-005 9.9955E-005
9.9937E-005 9.9937E-005 9.9937E-005 0.99116 9.9937E-005 0.00181525 9.9937E-005 9.9937E-005 0.00632491 9.9937E-005
0.97616 0.00954108 0.00466773 9.9964E-005 9.9964E-005 0.00138464 0.00757962 9.9964E-005 9.9964E-005 0.000267469
9.9937E-005 0.000527825 9.9937E-005 0.998309 9.9937E-005 0.000463137 9.9937E-005 9.9937E-005 9.9937E-005 9.9937E-005
0.999101 9.99201E-005 9.99201E-005 9.99201E-005 9.99201E-005 9.99201E-005 9.99201E-005 9.99201E-005 9.99201E-005 9.99201E-005
9.99201E-005 9.99201E-005 9.99201E-005 0.999101 9.99201E-005 9.99201E-005 9.99201E-005 9.99201E-005 9.99201E-005 9.99201E-005
9.9928E-005 0.997797 9.9928E-005 0.0014037 9.9928E-005 9.9928E-005 9.9928E-005 9.9928E-005 9.9928E-005 9.9928E-005
0.999101 9.99201E-005 9.99201E-005 9.99201E-005 9.99201E-005 9.99201E-005 9.99201E-005 9.99201E-005 9.99201E-005 9.99201E-005
0.00033406 0.941735 0.0279968 0.00114932 9.9964E-005 0.0234519 0.00493324 9.9964E-005 9.9964E-005 9.9964E-005
0.999101 9.99201E-005 9.99201E-005 9.99201E-005 9.99201E-005 9.99201E-005 9.99201E-005 9.99201E-005 9.99201E-005 9.99201E-005
0.993955 9.9937E-005 9.9937E-005 9.9937E-005 9.9937E-005 0.00302069 9.9937E-005 9.9937E-005 0.00232501 9.9937E-005
0.999101 9.99201E-005 9.99201E-005 9.99201E-005 9.99201E-005 9.99201E-005 9.99201E-005 9.99201E-005 9.99201E-005 9.99201E-005
0.999101 9.99201E-005 9.99201E-005 9.99201E-005 9.99201E-005 9.99201E-005 9.99201E-005 9.99201E-005 9.99201E-005 9.99201E-005
9.99201E-005 9.99201E-005 9.99201E-005 0.999101 9.99201E-005 9.99201E-005 9.99201E-005 9.99201E-005 9.99201E-005 9.99201E-005
9.9946E-005 9.9946E-005 0.963289 9.9946E-005 9.9946E-005 0.0118222 0.0226845 0.00160465 9.9946E-005 9.9946E-005
9.9946E-005 9.9946E-005 0.969628 9.9946E-005 9.9946E-005 0.00895685 0.0184309 0.0023848 9.9946E-005 9.9946E-005
0.0394528 0.00984777 0.920048 0.00121543 9.9964E-005 0.00187659 0.0271592 9.9964E-005 9.9964E-005 9.9964E-005
9.9946E-005 9.9946E-005 9.9946E-005 0.00326788 9.9946E-005 0.00176701 0.992476 9.9946E-005 0.00188924 9.9946E-005
9.99574E-005 0.00157047 0.013586 0.971353 0.00793932 9.99574E-005 9.99574E-005 9.99574E-005 0.00505151 9.99574E-005
0.0107563 0.00409123 0.0150214 9.9955E-005 9.9955E-005 0.000780967 0.96885 9.9955E-005 9.9955E-005 9.9955E-005
0.000276072 0.00350066 9.9946E-005 9.9946E-005 9.9946E-005 9.9946E-005 0.994657 0.000966104 9.9946E-005 9.9946E-005
0.00636634 9.9946E-005 9.9946E-005 9.9946E-005 9.9946E-005 0.0046198 0.961807 0.0266072 9.9946E-005 9.9946E-005
9.9928E-005 9.9928E-005 9.9928E-005 9.9928E-005 9.9928E-005 9.9928E-005 0.996976 0.00222443 9.9928E-005 9.9928E-005
9.9937E-005 0.00830185 0.00664538 9.9937E-005 9.9937E-005 9.9937E-005 0.984353 9.9937E-005 9.9937E-005 9.9937E-005
9.99201E-005 0.999101 9.99201E-005 9.99201E-005 9.99201E-005 9.99201E-005 9.99201E-005 9.99201E-005 9.99201E-005 9.99201E-005
9.99201E-005 0.999101 9.99201E-005 9.99201E-005 9.99201E-005 9.99201E-005 9.99201E-005 9.99201E-005 9.99201E-005 9.99201E-005
9.9928E-005 0.996684 9.9928E-005 9.9928E-005 9.9928E-005 9.9928E-005 9.9928E-005 0.00251702 9.9928E-005 9.9928E-005
9.9928E-005 0.983744 9.9928E-005 9.9928E-005 9.9928E-005 9.9928E-005 9.9928E-005 0.0154567 9.9928E-005 9.9928E-005
9.9946E-005 0.0138975 0.00442738 0.0283944 9.9946E-005 9.9946E-005 0.952681 9.9946E-005 9.9946E-005 9.9946E-005
9.9937E-005 0.970052 0.0234878 9.9937E-005 9.9937E-005 9.9937E-005 0.00576045 9.9937E-005 9.9937E-005 9.9937E-005
9.99281E-005 9.99281E-005 9.99281E-005 9.99281E-005 9.99281E-005 9.99281E-005 0.992342 0.00685867 9.99281E-005 9.99281E-005
0.0210567 9.9937E-005 0.00874881 9.9937E-005 9.9937E-005 9.9937E-005 0.969495 9.9937E-005 9.9937E-005 9.9937E-005
0.0286962 9.9946E-005 0.0133652 9.9946E-005 9.9946E-005 0.00226726 0.955072 9.9946E-005 9.9946E-005 9.9946E-005
0.0111675 9.9937E-005 0.00398484 9.9937E-005 9.9937E-005 9.9937E-005 0.984148 9.9937E-005 9.9937E-005 9.9937E-005
0.0189177 0.000565415 0.00393413 0.000194814 9.9955E-005 9.9955E-005 0.975888 9.9955E-005 9.9955E-005 9.9955E-005
9.9964E-005 0.00113909 9.9964E-005 9.9964E-005 9.9964E-005 0.00412922 0.986382 0.00490303 0.00177502 0.00127145
0.0175846 0.00556731 0.0113146 0.00174697 9.9973E-005 0.0039463 0.951479 0.00806117 9.9973E-005 9.9973E-005
0.0223315 9.9937E-005 0.0221536 9.9937E-005 9.9937E-005 9.9937E-005 0.954815 9.9937E-005 9.9937E-005 9.9937E-005
9.9964E-005 0.00480981 0.0232986 9.9964E-005 9.9964E-005 0.00598525 0.953412 0.0118693 0.000225609 9.9964E-005
0.013779 0.00216002 0.000943532 9.9955E-005 9.9955E-005 9.9955E-005 0.960191 0.0224263 9.9955E-005 9.9955E-005
9.9946E-005 9.9946E-005 9.9946E-005 9.9946E-005 9.9946E-005 0.0108311 0.986249 9.9946E-005 0.00175037 0.000569887
9.9946E-005 0.00897446 9.9946E-005 9.9946E-005 9.9946E-005 0.0173066 0.972459 9.9946E-005 0.000659919 9.9946E-005
0.0144124 0.00520895 0.00998743 9.9946E-005 9.9946E-005 9.9946E-005 0.969792 9.9946E-005 9.9946E-005 9.9946E-005
0.0163714 0.00277708 0.0318455 0.0016965 9.9964E-005 9.9964E-005 0.944562 0.00234781 9.9964E-005 9.9964E-005
0.00949244 0.000560144 0.00943305 9.9964E-005 9.9964E-005 0.00528248 0.970323 0.00450903 9.9964E-005 9.9964E-005
9.9964E-005 9.9964E-005 0.00632081 0.00458986 0.00743781 9.9964E-005 0.939908 0.0354805 0.00586349 9.9964E-005
9.9937E-005 9.9937E-005 9.9937E-005 0.00582837 0.0141626 9.9937E-005 9.9937E-005 9.9937E-005 9.9937E-005 0.97931
9.9937E-005 9.9937E-005 9.9937E-005 9.9937E-005 9.9937E-005 9.9937E-005 0.000199501 0.00557188 9.9937E-005 0.993529
9.9937E-005 9.9937E-005 9.9937E-005 9.9937E-005 9.9937E-005 9.9937E-005 9.9937E-005 0.00440209 0.00147242 0.993426
0.000948122 0.0117793 9.9964E-005 9.9964E-005 0.00354747 9.9964E-005 0.952891 0.0277158 0.00271874 9.9964E-005
0.036381 0.188709 9.9955E-005 9.9955E-005 9.9955E-005 0.192712 0.0451854 0.536513 9.9955E-005 9.9955E-005
0.00166415 9.9937E-005 9.9937E-005 9.9937E-005 9.9937E-005 9.9937E-005 9.9937E-005 9.9937E-005 0.997127 0.00050972
0.000393662 0.000185014 0.00347119 0.00456087 9.99609E-005 9.99609E-005 9.99609E-005 9.99609E-005 0.990889 9.99609E-005
9.99201E-005 9.99201E-005 9.99201E-005 9.99201E-005 9.99201E-005 9.99201E-005 9.99201E-005 9.99201E-005 0.999101 9.99201E-005
9.9946E-005 9.9946E-005 9.9946E-005 0.00613444 0.000165856 0.000840115 9.9946E-005 9.9946E-005 0.99226 9.9946E-005
9.9937E-005 9.9937E-005 0.000330201 9.9937E-005 9.9937E-005 9.9937E-005 9.9937E-005 0.0019436 0.997027 9.9937E-005
9.99201E-005 9.99201E-005 9.99201E-005 9.99201E-005 9.99201E-005 9.99201E-005 9.99201E-005 9.99201E-005 0.999101 9.99201E-005
9.9928E-005 9.9928E-005 9.9928E-005 9.9928E-005 0.980845 9.9928E-005 9.9928E-005 9.9928E-005 9.9928E-005 0.0183551
9.99201E-005 9.99201E-005 9.99201E-005 9.99201E-005 9.99201E-005 9.99201E-005 9.99201E-005 9.99201E-005 0.999101 9.99201E-005
9.99281E-005 9.99281E-005 9.99281E-005 0.000748164 9.99281E-005 9.99281E-005 9.99281E-005 9.99281E-005 9.99281E-005 0.998452
9.9946E-005 9.9946E-005 9.9946E-005 9.9946E-005 0.00306894 0.00128077 9.9946E-005 0.0150536 0.979997 9.9946E-005
9.9937E-005 9.9937E-005 9.9937E-005 0.000699711 9.9937E-005 9.9937E-005 9.9937E-005 9.9937E-005 0.993312 0.00528834
9.99201E-005 9.99201E-005 9.99201E-005 9.99201E-005 9.99201E-005 9.99201E-005 9.99201E-005 9.99201E-005 0.999101 9.99201E-005
0.000709847 9.9946E-005 9.9946E-005 0.00163201 9.9946E-005 9.9946E-005 9.9946E-005 0.00231677 0.994742 9.9946E-005
0.0234855 0.00587394 0.00520681 9.9964E-005 9.9964E-005 0.0112733 0.945968 0.00779254 9.9964E-005 9.9964E-005
9.99201E-005 9.99201E-005 9.99201E-005 9.99201E-005 9.99201E-005 9.99201E-005 9.99201E-005 9.99201E-005 0.999101 9.99201E-005
9.9937E-005 9.9937E-005 9.9937E-005 9.9937E-005 9.9937E-005 9.9937E-005 0.000906297 9.9937E-005 0.00294336 0.995451
0.0115312 0.000518768 9.99691E-005 9.99691E-005 0.00438467 9.99691E-005 0.975515 0.00548233 0.00216849 9.99691E-005
9.99382E-005 9.99382E-005 0.986668 9.99382E-005 9.99382E-005 0.00803644 0.00459629 9.99382E-005 9.99382E-005 9.99382E-005
9.9937E-005 9.9937E-005 9.9937E-005 9.9937E-005 9.9937E-005 9.9937E-005 0.00216908 0.000600313 0.996531 9.9937E-005
9.99201E-005 9.99201E-005 9.99201E-005 0.999101 9.99201E-005 9.99201E-005 9.99201E-005 9.99201E-005 9.99201E-005 9.99201E-005
9.9937E-005 9.9937E-005 9.9937E-005 0.995581 9.9937E-005 0.000993287 9.9937E-005 9.9937E-005 0.00272581 9.9937E-005
9.9928E-005 9.9928E-005 0.99583 9.9928E-005 9.9928E-005 9.9928E-005 9.9928E-005 0.00337016 9.9928E-005 9.9928E-005
9.9928E-005 9.9928E-005 9.9928E-005 0.996639 9.9928E-005 9.9928E-005 9.9928E-005 9.9928E-005 0.00256163 9.9928E-005
0.0143627 9.9937E-005 0.00144432 9.9937E-005 9.9937E-005 9.9937E-005 0.983493 9.9937E-005 9.9937E-005 9.9937E-005
9.9937E-005 0.00514658 9.9937E-005 9.9937E-005 9.9937E-005 9.9937E-005 0.990075 0.00407929 9.9937E-005 9.9937E-005
0.0424485 9.9973E-005 0.019572 0.000316644 0.00469826 0.00806647 0.921244 9.9973E-005 0.00335471 9.9973E-005
0.00579679 0.00211855 9.9946E-005 9.9946E-005 9.9946E-005 0.00799114 0.983494 9.9946E-005 9.9946E-005 9.9946E-005
0.00979015 0.0067327 0.0292652 9.9946E-005 9.9946E-005 9.9946E-005 0.953612 9.9946E-005 9.9946E-005 9.9946E-005
0.00390417 9.9955E-005 0.0010674 9.9955E-005 9.9955E-005 9.9955E-005 0.957042 0.0363897 0.00109744 9.9955E-005
9.9946E-005 0.00331535 9.9946E-005 9.9946E-005 9.9946E-005 0.00173405 0.993507 9.9946E-005 9.9946E-005 0.000844159
0.00223146 9.9946E-005 0.978403 9.9946E-005 9.9946E-005 9.9946E-005 0.00116338 0.0176023 9.9946E-005 9.9946E-005
9.9937E-005 9.9937E-005 0.970594 9.9937E-005 9.9937E-005 9.9937E-005 0.00597816 0.0227282 9.9937E-005 9.9937E-005
9.99201E-005 9.99201E-005 9.99201E-005 9.99201E-005 9.99201E-005 9.99201E-005 0.999101 9.99201E-005 9.99201E-005 9.99201E-005
9.9946E-005 9.9946E-005 9.9946E-005 0.00326478 0.00943631 9.9946E-005 9.9946E-005 0.010588 9.9946E-005 0.976111
9.9928E-005 9.9928E-005 9.9928E-005 9.9928E-005 0.997016 9.9928E-005 9.9928E-005 9.9928E-005 9.9928E-005 0.00218454
9.99201E-005 9.99201E-005 9.99201E-005 9.99201E-005 0.999101 9.99201E-005 9.99201E-005 9.99201E-005 9.99201E-005 9.99201E-005
0.0162149 0.0311781 0.034043 0.0103145 0.721318 0.0298869 0.0728283 0.0320004 0.0521158 9.9991E-005
9.9928E-005 9.9928E-005 9.9928E-005 9.9928E-005 0.966893 9.9928E-005 9.9928E-005 9.9928E-005 9.9928E-005 0.0323074
9.9946E-005 9.9946E-005 0.0129452 0.00218128 9.9946E-005 9.9946E-005 9.9946E-005 9.9946E-005 0.00203977 0.982234
9.9937E-005 9.9937E-005 0.000919564 9.9937E-005 9.9937E-005 9.9937E-005 0.000894383 9.9937E-005 9.9937E-005 0.997486
9.99281E-005 9.99281E-005 9.99281E-005 9.99281E-005 9.99281E-005 9.99281E-005 9.99281E-005 9.99281E-005 0.000591674 0.998609
9.9928E-005 9.9928E-005 9.9928E-005 9.9928E-005 0.980626 9.9928E-005 9.9928E-005 9.9928E-005 9.9928E-005 0.0185742
9.9928E-005 9.9928E-005 0.987877 9.9928E-005 9.9928E-005 9.9928E-005 9.9928E-005 0.0113236 9.9928E-005 9.9928E-005
9.99201E-005 9.99201E-005 9.99201E-005 0.999101 9.99201E-005 9.99201E-005 9.99201E-005 9.99201E-005 9.99201E-005 9.99201E-005
9.99201E-005 9.99201E-005 9.99201E-005 9.99201E-005 9.99201E-005 9.99201E-005 9.99201E-005 0.999101 9.99201E-005 9.99201E-005
9.9937E-005 0.000682037 0.981284 9.9937E-005 9.9937E-005 9.9937E-005 9.9937E-005 0.0173349 9.9937E-005 9.9937E-005
9.9946E-005 9.9946E-005 0.97384 9.9946E-005 0.000268398 9.9946E-005 0.00267369 0.0226182 9.9946E-005 9.9946E-005
9.9937E-005 9.9937E-005 9.9937E-005 0.985249 0.00791772 9.9937E-005 9.9937E-005 0.00613405 9.9937E-005 9.9937E-005
9.9928E-005 9.9928E-005 9.9928E-005 9.9928E-005 9.9928E-005 9.9928E-005 9.9928E-005 0.0024323 0.996768 9.9928E-005
0.156304 0.029328 0.128456 9.9964E-005 9.9964E-005 0.0358442 0.642005 0.0076629 9.9964E-005 9.9964E-005
9.99201E-005 9.99201E-005 0.999101 9.99201E-005 9.99201E-005 9.99201E-005 9.99201E-005 9.99201E-005 9.99201E-005 9.99201E-005
9.99201E-005 9.99201E-005 0.999101 9.99201E-005 9.99201E-005 9.99201E-005 9.99201E-005 9.99201E-005 9.99201E-005 9.99201E-005
9.99201E-005 9.99201E-005 0.999101 9.99201E-005 9.99201E-005 9.99201E-005 9.99201E-005 9.99201E-005 9.99201E-005 9.99201E-005
9.99281E-005 9.99281E-005 0.979012 9.99281E-005 9.99281E-005 9.99281E-005 9.99281E-005 0.0201889 9.99281E-005 9.99281E-005
9.99201E-005 9.99201E-005 0.999101 9.99201E-005 9.99201E-005 9.99201E-005 9.99201E-005 9.99201E-005 9.99201E-005 9.99201E-005
9.99281E-005 9.99281E-005 0.995371 9.99281E-005 9.99281E-005 9.99281E-005 9.99281E-005 0.00382917 9.99281E-005 9.99281E-005
