0.0307682 0.0559381 9.9973E-005 9.9973E-005 9.9973E-005 0.0012906 0.00913667 0.902567
0.0251712 0.0509196 0.00381273 9.9982E-005 9.9982E-005 0.000236484 0.0213441 0.898316
0.00494858 0.986116 0.00229209 9.9964E-005 0.00624305 9.9964E-005 9.9964E-005 9.9964E-005
0.00533628 0.994064 9.9946E-005 9.9946E-005 9.9946E-005 9.9946E-005 9.9946E-005 9.9946E-005
9.99567E-005 0.992556 9.99567E-005 9.99567E-005 0.00555609 0.00138771 9.99567E-005 9.99567E-005
9.994E-005 0.9993 9.994E-005 9.994E-005 9.994E-005 9.994E-005 9.994E-005 9.994E-005
9.994E-005 0.9993 9.994E-005 9.994E-005 9.994E-005 9.994E-005 9.994E-005 9.994E-005
9.994E-005 0.9993 9.994E-005 9.994E-005 9.994E-005 9.994E-005 9.994E-005 9.994E-005
9.9955E-005 0.0032887 0.00986268 9.9955E-005 0.986349 9.9955E-005 9.9955E-005 9.9955E-005
9.9964E-005 9.9964E-005 0.00337 0.00167884 0.00180815 9.9964E-005 0.992743 9.9964E-005
9.9964E-005 9.9964E-005 0.00177142 9.9964E-005 0.00212887 0.0014879 0.994212 9.9964E-005
0.0166902 0.00283812 0.0545241 0.0463131 0.0774759 0.788075 9.9991E-005 0.0139836
9.9955E-005 9.9955E-005 0.000799955 9.9955E-005 9.9955E-005 0.00155097 0.997149 9.9955E-005
9.9955E-005 9.9955E-005 0.00155885 9.9955E-005 9.9955E-005 0.000940892 0.997 9.9955E-005
9.9964E-005 9.9964E-005 0.00112283 0.00130773 9.9964E-005 0.00217042 0.994999 9.9964E-005
9.99561E-005 9.99561E-005 9.99561E-005 9.99561E-005 0.000626027 0.00221968 0.996655 9.99561E-005
0.0199532 0.0115496 0.0479485 0.049298 0.0817814 0.777932 9.9991E-005 0.0114379
0.0240845 0.837297 9.9982E-005 0.00281973 0.00143497 9.9982E-005 0.0878661 0.0462976
9.994E-005 9.994E-005 9.994E-005 9.994E-005 9.994E-005 9.994E-005 9.994E-005 0.9993
9.9946E-005 9.9946E-005 9.9946E-005 9.9946E-005 9.9946E-005 0.00014266 9.9946E-005 0.999258
9.994E-005 9.994E-005 9.994E-005 9.994E-005 9.994E-005 9.994E-005 9.994E-005 0.9993
9.994E-005 9.994E-005 9.994E-005 9.994E-005 9.994E-005 9.994E-005 9.994E-005 0.9993
9.9946E-005 9.9946E-005 9.9946E-005 9.9946E-005 0.000877863 9.9946E-005 9.9946E-005 0.998522
9.994E-005 9.994E-005 9.994E-005 9.994E-005 9.994E-005 9.994E-005 9.994E-005 0.9993
9.994E-005 9.994E-005 9.994E-005 9.994E-005 9.994E-005 9.994E-005 9.994E-005 0.9993
9.994E-005 9.994E-005 9.994E-005 9.994E-005 9.994E-005 9.994E-005 9.994E-005 0.9993
9.994E-005 9.994E-005 9.994E-005 9.994E-005 9.994E-005 9.994E-005 9.994E-005 0.9993
9.9964E-005 9.9964E-005 0.00174875 9.9964E-005 0.00132144 0.00038929 9.9964E-005 0.996141
0.965208 0.00453997 9.9973E-005 9.9973E-005 9.9973E-005 0.000126798 0.00885276 0.0209727
0.970988 0.0251855 9.99613E-005 9.99613E-005 9.99613E-005 9.99613E-005 9.99613E-005 0.00332666
0.9993 9.994E-005 9.994E-005 9.994E-005 9.994E-005 9.994E-005 9.994E-005 9.994E-005
0.9993 9.994E-005 9.994E-005 9.994E-005 9.994E-005 9.994E-005 9.994E-005 9.994E-005
0.9993 9.994E-005 9.994E-005 9.994E-005 9.994E-005 9.994E-005 9.994E-005 9.994E-005
0.0247745 0.871113 9.9982E-005 9.9982E-005 0.000514636 0.00303076 0.0620406 0.0383271
0.0144521 0.86401 9.9973E-005 9.9973E-005 0.00190838 9.9973E-005 0.077945 0.0413845
0.0157826 0.867634 0.000546516 9.9991E-005 0.00112671 0.00164388 0.0680802 0.045086
0.0270241 0.838087 0.000469697 0.000157367 9.9991E-005 0.00510809 0.0879657 0.0410885
9.994E-005 9.994E-005 9.994E-005 9.994E-005 9.994E-005 0.9993 9.994E-005 9.994E-005
0.9993 9.994E-005 9.994E-005 9.994E-005 9.994E-005 9.994E-005 9.994E-005 9.994E-005
0.995645 9.9955E-005 0.00358996 9.9955E-005 9.9955E-005 0.000264932 9.9955E-005 9.9955E-005
0.9993 9.994E-005 9.994E-005 9.994E-005 9.994E-005 9.994E-005 9.994E-005 9.994E-005
0.998597 9.9946E-005 9.9946E-005 9.9946E-005 9.9946E-005 0.000802863 9.9946E-005 9.9946E-005
9.9955E-005 9.9955E-005 0.00547783 9.9955E-005 0.989017 9.9955E-005 9.9955E-005 0.00500507
9.9973E-005 9.9973E-005 0.00218587 0.064803 0.915885 0.014039 9.9973E-005 0.002787
9.9955E-005 9.9955E-005 0.00159425 9.9955E-005 0.994362 9.9955E-005 9.9955E-005 0.00354349
9.9973E-005 0.00580886 9.9973E-005 0.00944586 0.976757 0.00394138 0.00374654 9.9973E-005
0.00509272 9.9973E-005 0.00234711 9.9973E-005 0.988177 0.00067532 0.00340779 9.9973E-005
0.000914915 0.00730307 9.9973E-005 0.00359687 0.987115 9.9973E-005 9.9973E-005 0.000770296
9.994E-005 9.994E-005 9.994E-005 9.994E-005 0.9993 9.994E-005 9.994E-005 9.994E-005
0.00228326 9.9955E-005 9.9955E-005 9.9955E-005 0.989106 0.00811063 9.9955E-005 9.9955E-005
9.9955E-005 0.0114186 9.9955E-005 0.00315302 9.9955E-005 9.9955E-005 0.984929 9.9955E-005
0.00584005 0.00747908 0.000913823 9.9982E-005 0.00104813 9.9982E-005 0.967887 0.016632
0.00401203 0.0276437 9.9955E-005 9.9955E-005 9.9955E-005 9.9955E-005 0.967845 9.9955E-005
9.9946E-005 0.00384578 9.9946E-005 9.9946E-005 9.9946E-005 9.9946E-005 0.995555 9.9946E-005
9.9964E-005 9.9964E-005 0.0035926 9.9964E-005 0.00497965 0.00194611 0.989082 9.9964E-005
9.994E-005 9.994E-005 9.994E-005 9.994E-005 9.994E-005 9.994E-005 0.9993 9.994E-005
9.9946E-005 9.9946E-005 0.997613 9.9946E-005 9.9946E-005 9.9946E-005 9.9946E-005 0.00178717
9.994E-005 9.994E-005 9.994E-005 9.994E-005 0.9993 9.994E-005 9.994E-005 9.994E-005
0.00262205 0.00182229 0.990114 0.000419801 0.00143018 9.9991E-005 0.00249768 0.000993862
9.994E-005 9.994E-005 9.994E-005 9.994E-005 0.9993 9.994E-005 9.994E-005 9.994E-005
9.9946E-005 9.9946E-005 9.9946E-005 9.9946E-005 0.996421 0.00297971 9.9946E-005 9.9946E-005
0.0142765 0.980979 0.00120907 0.00233763 0.000460212 9.9982E-005 9.9982E-005 0.000537809
9.994E-005 0.9993 9.994E-005 9.994E-005 9.994E-005 9.994E-005 9.994E-005 9.994E-005
9.994E-005 0.9993 9.994E-005 9.994E-005 9.994E-005 9.994E-005 9.994E-005 9.994E-005
9.9973E-005 0.993312 0.000665149 9.9973E-005 0.00314903 0.000893343 0.00168081 9.9973E-005
9.9955E-005 0.99567 0.00180756 0.00202313 9.9955E-005 9.9955E-005 9.9955E-005 9.9955E-005
9.994E-005 0.9993 9.994E-005 9.994E-005 9.994E-005 9.994E-005 9.994E-005 9.994E-005
9.994E-005 9.994E-005 9.994E-005 9.994E-005 0.9993 9.994E-005 9.994E-005 9.994E-005
9.9991E-005 0.00223694 0.0106609 0.0529746 0.920024 0.00953176 0.000796508 0.00367549
9.994E-005 9.994E-005 9.994E-005 9.994E-005 0.9993 9.994E-005 9.994E-005 9.994E-005
0.00300739 9.9955E-005 0.00500885 9.9955E-005 0.991484 9.9955E-005 9.9955E-005 9.9955E-005
9.9955E-005 9.9955E-005 0.00232793 9.9955E-005 0.996589 9.9955E-005 9.9955E-005 0.000583039
0.0034924 9.9964E-005 9.9964E-005 0.00620023 0.989615 0.000292386 9.9964E-005 9.9964E-005
9.9955E-005 9.9955E-005 9.9955E-005 0.0600925 0.932841 0.00656668 9.9955E-005 9.9955E-005
9.9973E-005 9.9973E-005 9.9973E-005 0.0724031 0.90781 0.0164143 0.0015002 0.00157239
9.9973E-005 9.9973E-005 0.0014883 0.0714404 0.923621 0.000363798 9.9973E-005 0.00278705
0.000448509 9.9955E-005 9.9955E-005 9.9955E-005 0.993285 9.9955E-005 9.9955E-005 0.00576709
9.9955E-005 9.9955E-005 9.9955E-005 0.0737388 0.903214 0.0225475 9.9955E-005 9.9955E-005
9.9964E-005 9.9964E-005 9.9964E-005 0.0894933 0.894639 0.0102909 0.00517713 9.9964E-005
0.00336975 0.00182615 0.0135207 0.0522836 0.920129 0.00867078 9.9982E-005 9.9982E-005
0.00029459 0.00142814 0.0011927 0.056421 0.933316 0.00488655 0.000496117 0.00196475
0.00434567 0.994474 0.000332378 9.9964E-005 9.9964E-005 0.000447896 9.9964E-005 9.9964E-005
0.0252094 0.832759 0.00102752 9.9991E-005 0.000906453 0.00173219 0.0957293 0.0425357
0.0170925 0.852402 0.000708051 0.000204456 9.9991E-005 0.00321031 0.0870031 0.03928
9.994E-005 9.994E-005 9.994E-005 9.994E-005 9.994E-005 0.9993 9.994E-005 9.994E-005
9.994E-005 9.994E-005 9.994E-005 9.994E-005 9.994E-005 0.9993 9.994E-005 9.994E-005
0.0223758 0.830849 9.9982E-005 0.00639021 9.9982E-005 0.000790427 0.106458 0.0329364
0.0482488 0.726496 0.00779181 0.00248271 0.00877669 0.000931683 0.153359 0.0519137
0.0530004 0.526208 0.07345 0.00228877 0.0725796 0.0346001 0.182525 0.0553476
0.746271 0.115102 0.00341296 0.00471867 9.9982E-005 9.9982E-005 0.0398164 0.0904789
0.740317 0.126756 0.000168852 0.00515013 9.9991E-005 0.000542209 0.0310697 0.0958964
9.994E-005 9.994E-005 9.994E-005 9.994E-005 9.994E-005 0.9993 9.994E-005 9.994E-005
9.994E-005 9.994E-005 9.994E-005 9.994E-005 9.994E-005 0.9993 9.994E-005 9.994E-005
0.740956 0.122619 9.9973E-005 9.9973E-005 0.00849144 9.9973E-005 0.0239216 0.103713
0.0442948 0.736782 0.000490449 0.00150854 9.9991E-005 0.000860237 0.164342 0.0516219
9.994E-005 9.994E-005 9.994E-005 9.994E-005 9.994E-005 0.9993 9.994E-005 9.994E-005
0.752208 0.121123 0.00262555 0.00342711 9.9982E-005 9.9982E-005 0.0237774 0.096639
0.0310967 0.798077 0.00515731 0.000165972 0.0083876 0.00212282 0.113707 0.0412859
0.0212279 0.851607 9.9973E-005 9.9973E-005 9.9973E-005 0.00185859 0.0856603 0.0393461
0.047824 0.624861 0.0421719 0.0143849 0.0203538 0.0148246 0.173234 0.0623459
0.27537 0.285608 0.00941339 0.00147015 0.0133163 9.9991E-005 0.11756 0.297162
0.0257114 0.836997 0.000184286 9.9991E-005 0.00211287 0.00166836 0.0966561 0.0365695
0.0273455 0.822774 9.9973E-005 0.00217167 9.9973E-005 9.9973E-005 0.0979397 0.0494692
0.0258503 0.833406 0.00187467 9.9982E-005 0.00679637 9.9982E-005 0.0985917 0.0332806
9.9955E-005 9.9955E-005 0.00601065 9.9955E-005 9.9955E-005 0.990014 9.9955E-005 0.00347545
0.0297824 0.842482 9.9982E-005 0.0015872 9.9982E-005 0.00150401 0.0850082 0.0394363
9.9946E-005 9.9946E-005 9.9946E-005 9.9946E-005 9.9946E-005 0.997998 9.9946E-005 0.00140279
0.0171527 0.859705 9.9973E-005 0.000475732 9.9973E-005 9.9973E-005 0.0862681 0.0360981
9.994E-005 9.994E-005 9.994E-005 9.994E-005 9.994E-005 0.9993 9.994E-005 9.994E-005
0.9993 9.994E-005 9.994E-005 9.994E-005 9.994E-005 9.994E-005 9.994E-005 9.994E-005
0.0103433 0.881255 9.9973E-005 9.9973E-005 0.00281503 9.9973E-005 0.0678471 0.0374395
0.936269 0.019209 9.9973E-005 0.000251246 9.9973E-005 9.9973E-005 0.0101257 0.0338448
0.0205783 0.860677 9.99778E-005 9.99778E-005 0.00437404 9.99778E-005 0.0781221 0.0359487
0.0273085 0.840408 0.00140929 0.0018727 9.9982E-005 9.9982E-005 0.0850818 0.04372
0.0160579 0.875237 9.9973E-005 9.9973E-005 0.00223321 9.9973E-005 0.0631123 0.04306
0.0151968 0.874781 9.9982E-005 9.9982E-005 0.000154241 0.000952974 0.0756237 0.0330917
9.994E-005 9.994E-005 9.994E-005 9.994E-005 9.994E-005 0.9993 9.994E-005 9.994E-005
9.994E-005 0.9993 9.994E-005 9.994E-005 9.994E-005 9.994E-005 9.994E-005 9.994E-005
9.9955E-005 0.997467 0.00132414 9.9955E-005 9.9955E-005 0.000708735 9.9955E-005 9.9955E-005
0.00451009 0.994115 0.000396995 9.9973E-005 0.000307029 0.000371211 9.9973E-005 9.9973E-005
9.994E-005 9.994E-005 9.994E-005 9.994E-005 9.994E-005 9.994E-005 0.9993 9.994E-005
0.00377143 0.0020277 0.000666153 0.00246413 9.9991E-005 0.983303 0.00504266 0.00262503
0.00436031 0.0294693 9.9964E-005 9.9964E-005 9.9964E-005 9.9964E-005 0.964801 0.00096921
9.9946E-005 9.9946E-005 9.9946E-005 9.9946E-005 9.9946E-005 0.000521575 0.998879 9.9946E-005
0.00375047 0.0311996 0.00030297 9.9982E-005 9.9982E-005 0.000927749 0.960407 0.00321256
9.994E-005 9.994E-005 9.994E-005 9.994E-005 9.994E-005 9.994E-005 0.9993 9.994E-005
0.00155744 9.9946E-005 9.9946E-005 9.9946E-005 9.9946E-005 9.9946E-005 0.997843 9.9946E-005
0.9993 9.994E-005 9.994E-005 9.994E-005 9.994E-005 9.994E-005 9.994E-005 9.994E-005
0.9993 9.994E-005 9.994E-005 9.994E-005 9.994E-005 9.994E-005 9.994E-005 9.994E-005
0.9993 9.994E-005 9.994E-005 9.994E-005 9.994E-005 9.994E-005 9.994E-005 9.994E-005
0.9993 9.994E-005 9.994E-005 9.994E-005 9.994E-005 9.994E-005 9.994E-005 9.994E-005
0.0217821 9.9964E-005 9.9964E-005 9.9964E-005 9.9964E-005 0.0286654 0.947743 0.00140966
0.962218 0.0300076 9.9955E-005 9.9955E-005 9.9955E-005 9.9955E-005 0.00727452 9.9955E-005
9.994E-005 9.994E-005 9.994E-005 9.994E-005 9.994E-005 9.994E-005 0.9993 9.994E-005
0.00487396 0.0204029 0.00038713 9.99902E-005 0.000188935 9.99902E-005 0.965462 0.00848508
0.000605353 0.0324457 9.9964E-005 9.9964E-005 0.00268514 9.9964E-005 0.963864 9.9964E-005
9.9955E-005 0.0006639 9.9955E-005 9.9955E-005 9.9955E-005 0.00010141 0.998735 9.9955E-005
9.9955E-005 0.0223152 9.9955E-005 9.9955E-005 9.9955E-005 9.9955E-005 0.97534 0.00184478
0.00513515 0.00120336 0.00221109 9.9973E-005 9.9973E-005 9.9973E-005 0.985406 0.00574447
0.00295788 0.0114396 0.00310548 9.9982E-005 0.00220299 9.9982E-005 0.976403 0.00369099
9.9946E-005 0.0342407 9.9946E-005 9.9946E-005 9.9946E-005 9.9946E-005 0.96516 9.9946E-005
0.00627059 0.0166462 0.00156675 0.00067156 9.9982E-005 9.9982E-005 0.962284 0.0123613
0.00818415 0.0183632 0.00257238 0.00128558 9.9973E-005 9.9973E-005 0.969295 9.9973E-005
0.00613838 9.9973E-005 0.00213039 9.9973E-005 0.000820724 9.9973E-005 0.988003 0.00260747
0.0110804 9.9964E-005 0.00130285 9.9964E-005 9.9964E-005 9.9964E-005 0.963148 0.024069
0.0107265 0.0267714 9.9955E-005 9.9955E-005 9.9955E-005 9.9955E-005 0.962002 9.9955E-005
9.9982E-005 0.0341274 0.000155381 0.00321264 0.00171118 9.9982E-005 0.95882 0.00177341
0.00173865 0.0132452 9.9964E-005 9.9964E-005 9.9964E-005 9.9964E-005 0.982851 0.00176574
0.00284991 0.0178184 0.00948684 0.0107831 0.00103461 9.99992E-005 0.953741 0.00418637
9.9973E-005 0.000734507 9.9973E-005 0.0190829 0.970737 0.00896854 0.000177127 9.9973E-005
9.9946E-005 9.9946E-005 9.9946E-005 0.00903845 0.990362 9.9946E-005 9.9946E-005 9.9946E-005
9.9964E-005 0.00110326 0.000341166 9.9964E-005 0.997945 9.9964E-005 0.000210367 9.9964E-005
0.00160932 9.9982E-005 0.00525041 0.00706804 0.00251445 0.00020716 0.983151 9.9982E-005
0.260098 0.235883 0.0256581 0.0110909 0.0204729 0.0160668 0.146787 0.283944
9.9955E-005 0.00128237 0.994175 9.9955E-005 9.9955E-005 9.9955E-005 9.9955E-005 0.00404293
0.00210569 9.9964E-005 0.987251 9.9964E-005 9.9964E-005 0.00838798 9.9964E-005 0.00185575
9.994E-005 9.994E-005 0.9993 9.994E-005 9.994E-005 9.994E-005 9.994E-005 9.994E-005
9.9964E-005 9.9964E-005 0.99163 0.000397105 0.00193334 0.00564019 9.9964E-005 9.9964E-005
9.994E-005 9.994E-005 0.9993 9.994E-005 9.994E-005 9.994E-005 9.994E-005 9.994E-005
9.994E-005 9.994E-005 0.9993 9.994E-005 9.994E-005 9.994E-005 9.994E-005 9.994E-005
9.9946E-005 9.9946E-005 9.9946E-005 0.978836 0.0205645 9.9946E-005 9.9946E-005 9.9946E-005
9.994E-005 9.994E-005 0.9993 9.994E-005 9.994E-005 9.994E-005 9.994E-005 9.994E-005
9.9955E-005 0.000605058 9.9955E-005 9.9955E-005 0.996622 9.9955E-005 0.00227288 9.9955E-005
9.9973E-005 0.0119791 0.984326 9.9973E-005 0.000108425 0.00207828 9.9973E-005 0.00120794
9.9955E-005 9.9955E-005 0.990103 9.9955E-005 0.00886066 0.000536702 9.9955E-005 9.9955E-005
9.994E-005 9.994E-005 0.9993 9.994E-005 9.994E-005 9.994E-005 9.994E-005 9.994E-005
9.9946E-005 9.9946E-005 0.99688 9.9946E-005 9.9946E-005 9.9946E-005 0.00252023 9.9946E-005
0.00148239 0.038347 0.000303403 0.00132988 9.9982E-005 9.9982E-005 0.947454 0.0108829
9.994E-005 9.994E-005 0.9993 9.994E-005 9.994E-005 9.994E-005 9.994E-005 9.994E-005
0.000488577 0.000513331 0.000963967 9.9964E-005 0.997634 9.9964E-005 9.9964E-005 9.9964E-005
0.000788455 0.00447199 9.9991E-005 0.00503731 0.003218 0.00103977 0.982559 0.00278527
9.994E-005 0.9993 9.994E-005 9.994E-005 9.994E-005 9.994E-005 9.994E-005 9.994E-005
9.9946E-005 9.9946E-005 0.997907 0.00149285 9.9946E-005 9.9946E-005 9.9946E-005 9.9946E-005
9.994E-005 9.994E-005 9.994E-005 9.994E-005 9.994E-005 0.9993 9.994E-005 9.994E-005
9.9946E-005 9.9946E-005 9.9946E-005 9.9946E-005 9.9946E-005 0.995448 0.00395192 9.9946E-005
9.994E-005 0.9993 9.994E-005 9.994E-005 9.994E-005 9.994E-005 9.994E-005 9.994E-005
9.9946E-005 9.9946E-005 0.00021949 9.9946E-005 9.9946E-005 0.999181 9.9946E-005 9.9946E-005
9.994E-005 9.994E-005 9.994E-005 9.994E-005 9.994E-005 9.994E-005 0.9993 9.994E-005
9.9946E-005 0.014475 9.9946E-005 9.9946E-005 9.9946E-005 9.9946E-005 0.984925 9.9946E-005
0.0030374 0.0288265 0.0033155 0.00545087 9.9991E-005 0.00157942 0.951408 0.00628192
0.00646042 9.9946E-005 9.9946E-005 9.9946E-005 9.9946E-005 9.9946E-005 0.99294 9.9946E-005
0.00179448 0.0415164 9.9964E-005 9.9964E-005 9.9964E-005 9.9964E-005 0.950099 0.00619039
0.00648719 0.0164398 0.00256702 0.00316482 9.9991E-005 0.000119525 0.967281 0.00384057
0.00683841 9.9946E-005 9.9946E-005 9.9946E-005 9.9946E-005 9.9946E-005 0.992562 9.9946E-005
9.994E-005 0.9993 9.994E-005 9.994E-005 9.994E-005 9.994E-005 9.994E-005 9.994E-005
9.994E-005 0.9993 9.994E-005 9.994E-005 9.994E-005 9.994E-005 9.994E-005 9.994E-005
9.9946E-005 0.000394105 9.9946E-005 9.9946E-005 9.9946E-005 9.9946E-005 0.999006 9.9946E-005
9.9964E-005 9.9964E-005 9.9964E-005 0.0135116 0.977381 0.0051385 0.00356954 9.9964E-005
9.9946E-005 9.9946E-005 9.9946E-005 0.992438 0.00696247 9.9946E-005 9.9946E-005 9.9946E-005
9.994E-005 9.994E-005 9.994E-005 0.9993 9.994E-005 9.994E-005 9.994E-005 9.994E-005
0.0297555 0.0821257 0.0559442 0.720255 9.9991E-005 0.015935 0.0641955 0.0316894
9.9946E-005 9.9946E-005 9.9946E-005 0.97066 0.0287404 9.9946E-005 9.9946E-005 9.9946E-005
0.00542007 9.9982E-005 0.00295709 9.9982E-005 0.976132 0.00897746 0.00394952 0.00236359
9.9946E-005 9.9946E-005 9.9946E-005 9.9946E-005 0.998133 9.9946E-005 0.00126721 9.9946E-005
9.994E-005 9.994E-005 9.994E-005 9.994E-005 0.9993 9.994E-005 9.994E-005 9.994E-005
9.9946E-005 9.9946E-005 9.9946E-005 0.987866 0.0115346 9.9946E-005 9.9946E-005 9.9946E-005
9.994E-005 0.9993 9.994E-005 9.994E-005 9.994E-005 9.994E-005 9.994E-005 9.994E-005
9.994E-005 9.994E-005 9.994E-005 9.994E-005 9.994E-005 0.9993 9.994E-005 9.994E-005
0.0447815 0.609042 0.0807506 0.0113996 0.0749963 0.038477 0.100062 0.0404912
9.9946E-005 0.999256 9.9946E-005 9.9946E-005 9.9946E-005 0.000144026 9.9946E-005 9.9946E-005
9.994E-005 0.9993 9.994E-005 9.994E-005 9.994E-005 9.994E-005 9.994E-005 9.994E-005
9.9955E-005 9.9955E-005 9.9955E-005 0.00267468 9.9955E-005 0.996447 0.000378153 9.9955E-005
9.994E-005 9.994E-005 0.9993 9.994E-005 9.994E-005 9.994E-005 9.994E-005 9.994E-005
0.0321903 0.276629 9.9982E-005 9.9982E-005 0.0014561 0.00181859 0.650124 0.0375818
9.994E-005 0.9993 9.994E-005 9.994E-005 9.994E-005 9.994E-005 9.994E-005 9.994E-005
9.994E-005 0.9993 9.994E-005 9.994E-005 9.994E-005 9.994E-005 9.994E-005 9.994E-005
9.994E-005 0.9993 9.994E-005 9.994E-005 9.994E-005 9.994E-005 9.994E-005 9.994E-005
9.994E-005 0.9993 9.994E-005 9.994E-005 9.994E-005 9.994E-005 9.994E-005 9.994E-005
9.994E-005 0.9993 9.994E-005 9.994E-005 9.994E-005 9.994E-005 9.994E-005 9.994E-005
9.994E-005 0.9993 9.994E-005 9.994E-005 9.994E-005 9.994E-005 9.994E-005 9.994E-005
