0.00346609 0.888191 9.9973E-005 9.9973E-005 0.0168766 9.9973E-005 0.000106518 0.0108295 0.0362156 0.0212109 0.0228041
0.003915 0.882965 0.00276613 9.9982E-005 0.0184016 0.00163581 9.9982E-005 0.00945675 0.0338888 0.0283646 0.0184059
9.998E-005 0.0127201 0.00261188 0.00158497 0.00173386 0.0023098 9.998E-005 0.055866 0.89551 0.0180628 0.00940054
9.9946E-005 0.0075046 9.9946E-005 9.9946E-005 9.9946E-005 9.9946E-005 9.9946E-005 0.0620143 0.896504 0.0161556 0.017222
9.997E-005 0.00456229 0.000378199 0.00533613 0.00655856 0.00228255 9.997E-005 0.0279055 0.921687 0.0309903 9.997E-005
9.99101E-005 9.99101E-005 9.99101E-005 9.99101E-005 9.99101E-005 9.99101E-005 9.99101E-005 9.99101E-005 0.999001 9.99101E-005 9.99101E-005
9.99417E-005 9.99417E-005 9.99417E-005 9.99417E-005 0.000489224 9.99417E-005 0.000430968 9.99417E-005 0.993068 9.99417E-005 0.00531174
9.99101E-005 9.99101E-005 9.99101E-005 9.99101E-005 9.99101E-005 9.99101E-005 9.99101E-005 9.99101E-005 0.999001 9.99101E-005 9.99101E-005
0.00629561 9.9928E-005 9.9928E-005 0.987335 9.9928E-005 0.00556953 9.9928E-005 9.9928E-005 9.9928E-005 9.9928E-005 9.9928E-005
9.9937E-005 0.00034232 9.9937E-005 0.00482921 9.9937E-005 0.00386014 9.9937E-005 9.9937E-005 9.9937E-005 0.990269 9.9937E-005
9.9937E-005 9.9937E-005 0.000660394 0.00233394 9.9937E-005 0.00430006 9.9937E-005 9.9937E-005 9.9937E-005 0.992006 9.9937E-005
9.9955E-005 0.016909 0.785213 0.0767535 9.9955E-005 0.0533998 0.0462243 9.9955E-005 9.9955E-005 9.9955E-005 0.0210005
9.9928E-005 9.9928E-005 0.00481914 9.9928E-005 9.9928E-005 0.000673425 9.9928E-005 9.9928E-005 9.9928E-005 0.993708 9.9928E-005
9.9937E-005 0.000802733 0.00151208 9.9937E-005 9.9937E-005 0.00316883 9.9937E-005 9.9937E-005 9.9937E-005 0.993817 9.9937E-005
9.9937E-005 0.000640793 0.00344518 9.9937E-005 9.9937E-005 0.00222798 9.9937E-005 9.9937E-005 9.9937E-005 0.992986 9.9937E-005
9.9937E-005 9.9937E-005 0.00188873 0.00361514 9.9937E-005 0.000167521 9.9937E-005 9.9937E-005 9.9937E-005 0.993629 9.9937E-005
0.0043712 0.00726977 0.775314 0.0892063 9.9973E-005 0.0491527 0.041308 0.00722627 9.9973E-005 9.9973E-005 0.0258521
9.9946E-005 0.00909905 9.9946E-005 9.9946E-005 9.9946E-005 9.9946E-005 9.9946E-005 0.965656 0.0171749 0.00603887 0.00143185
9.99101E-005 0.999001 9.99101E-005 9.99101E-005 9.99101E-005 9.99101E-005 9.99101E-005 9.99101E-005 9.99101E-005 9.99101E-005 9.99101E-005
0.00267395 0.996138 9.9937E-005 9.9937E-005 9.9937E-005 0.000137683 0.000351131 9.9937E-005 9.9937E-005 9.9937E-005 9.9937E-005
9.9919E-005 0.99195 9.9919E-005 9.9919E-005 9.9919E-005 9.9919E-005 9.9919E-005 0.0071505 9.9919E-005 9.9919E-005 9.9919E-005
9.99101E-005 0.999001 9.99101E-005 9.99101E-005 9.99101E-005 9.99101E-005 9.99101E-005 9.99101E-005 9.99101E-005 9.99101E-005 9.99101E-005
9.9919E-005 0.997214 9.9919E-005 9.9919E-005 9.9919E-005 9.9919E-005 0.00188722 9.9919E-005 9.9919E-005 9.9919E-005 9.9919E-005
9.99101E-005 0.999001 9.99101E-005 9.99101E-005 9.99101E-005 9.99101E-005 9.99101E-005 9.99101E-005 9.99101E-005 9.99101E-005 9.99101E-005
9.99101E-005 0.999001 9.99101E-005 9.99101E-005 9.99101E-005 9.99101E-005 9.99101E-005 9.99101E-005 9.99101E-005 9.99101E-005 9.99101E-005
9.99101E-005 0.999001 9.99101E-005 9.99101E-005 9.99101E-005 9.99101E-005 9.99101E-005 9.99101E-005 9.99101E-005 9.99101E-005 9.99101E-005
9.9919E-005 0.994721 9.9919E-005 9.9919E-005 9.9919E-005 9.9919E-005 9.9919E-005 0.00437932 9.9919E-005 9.9919E-005 9.9919E-005
9.9937E-005 0.995289 0.000602128 9.9937E-005 9.9937E-005 0.00104268 0.00236696 9.9937E-005 9.9937E-005 9.9937E-005 9.9937E-005
9.9937E-005 0.0294233 9.9937E-005 9.9937E-005 0.875862 9.9937E-005 9.9937E-005 9.9937E-005 0.00420559 9.9937E-005 0.0898099
9.9937E-005 0.00838079 9.9937E-005 9.9937E-005 0.895253 9.9937E-005 9.9937E-005 9.9937E-005 0.0170126 9.9937E-005 0.0786545
9.99101E-005 9.99101E-005 9.99101E-005 9.99101E-005 0.999001 9.99101E-005 9.99101E-005 9.99101E-005 9.99101E-005 9.99101E-005 9.99101E-005
9.9928E-005 9.9928E-005 0.00188581 9.9928E-005 0.99666 0.000655131 9.9928E-005 9.9928E-005 9.9928E-005 9.9928E-005 9.9928E-005
9.9919E-005 0.00182976 9.9919E-005 9.9919E-005 0.997271 9.9919E-005 9.9919E-005 9.9919E-005 9.9919E-005 9.9919E-005 9.9919E-005
9.99101E-005 9.99101E-005 9.99101E-005 9.99101E-005 9.99101E-005 9.99101E-005 9.99101E-005 0.999001 9.99101E-005 9.99101E-005 9.99101E-005
9.99101E-005 9.99101E-005 9.99101E-005 9.99101E-005 9.99101E-005 9.99101E-005 9.99101E-005 0.999001 9.99101E-005 9.99101E-005 9.99101E-005
9.99101E-005 9.99101E-005 9.99101E-005 9.99101E-005 9.99101E-005 9.99101E-005 9.99101E-005 0.999001 9.99101E-005 9.99101E-005 9.99101E-005
9.9919E-005 9.9919E-005 0.00281921 9.9919E-005 9.9919E-005 9.9919E-005 9.9919E-005 0.996282 9.9919E-005 9.9919E-005 9.9919E-005
9.99101E-005 9.99101E-005 0.999001 9.99101E-005 9.99101E-005 9.99101E-005 9.99101E-005 9.99101E-005 9.99101E-005 9.99101E-005 9.99101E-005
9.9946E-005 9.9946E-005 0.00158971 9.9946E-005 0.985847 9.9946E-005 9.9946E-005 0.00391965 9.9946E-005 0.00412278 0.00392109
9.9955E-005 9.9955E-005 0.00149767 9.9955E-005 0.986096 0.00316764 0.000883865 0.00217746 9.9955E-005 0.00567722 9.9955E-005
9.99101E-005 9.99101E-005 9.99101E-005 9.99101E-005 0.999001 9.99101E-005 9.99101E-005 9.99101E-005 9.99101E-005 9.99101E-005 9.99101E-005
9.9928E-005 0.0054148 0.00160208 9.9928E-005 0.992184 9.9928E-005 9.9928E-005 9.9928E-005 9.9928E-005 9.9928E-005 9.9928E-005
9.9937E-005 0.00508553 9.9937E-005 0.986665 9.9937E-005 0.00659981 9.9937E-005 9.9937E-005 9.9937E-005 0.000949916 9.9937E-005
9.9955E-005 0.00234996 0.00586701 0.921929 9.9955E-005 0.00156661 0.0630153 9.9955E-005 9.9955E-005 9.9955E-005 0.00477202
9.9919E-005 0.00480333 9.9919E-005 0.994297 9.9919E-005 9.9919E-005 9.9919E-005 9.9919E-005 9.9919E-005 9.9919E-005 9.9919E-005
9.9955E-005 9.9955E-005 0.00176576 0.985393 0.00685362 9.9955E-005 0.00253435 0.00138817 9.9955E-005 0.00156493 9.9955E-005
9.9946E-005 9.9946E-005 0.000634934 0.985369 0.000301553 0.000913396 9.9946E-005 9.9946E-005 0.0121811 9.9946E-005 9.9946E-005
9.9946E-005 9.9946E-005 9.9946E-005 0.98442 9.9946E-005 9.9946E-005 0.00722347 0.0020396 0.00210634 9.9946E-005 0.00361051
9.9937E-005 9.9937E-005 0.00135589 0.994669 9.9937E-005 0.000275097 0.00300081 9.9937E-005 9.9937E-005 9.9937E-005 9.9937E-005
9.9946E-005 9.9946E-005 0.0085061 0.985953 9.9946E-005 9.9946E-005 0.00452405 9.9946E-005 9.9946E-005 0.000180988 0.000236207
0.0184385 9.9939E-005 9.9939E-005 9.9939E-005 0.00167472 9.9939E-005 9.9939E-005 0.000955062 9.9939E-005 0.978232 9.9939E-005
9.9964E-005 0.00403083 9.9964E-005 9.9964E-005 0.000862883 0.00292823 9.9964E-005 0.000952466 0.0107202 0.965397 0.0147081
9.9937E-005 9.9937E-005 9.9937E-005 9.9937E-005 9.9937E-005 9.9937E-005 9.9937E-005 0.00500596 0.0238536 0.966296 0.00414485
9.9928E-005 9.9928E-005 9.9928E-005 9.9928E-005 9.9928E-005 9.9928E-005 9.9928E-005 0.00519827 0.00238585 0.991616 9.9928E-005
9.9937E-005 9.9937E-005 0.00420949 0.0024087 9.9937E-005 0.0040649 9.9937E-005 9.9937E-005 9.9937E-005 0.988617 9.9937E-005
9.99101E-005 9.99101E-005 9.99101E-005 9.99101E-005 9.99101E-005 9.99101E-005 9.99101E-005 9.99101E-005 9.99101E-005 0.999001 9.99101E-005
9.9928E-005 0.000740438 0.000503383 9.9928E-005 9.9928E-005 0.997957 9.9928E-005 9.9928E-005 9.9928E-005 9.9928E-005 9.9928E-005
9.99101E-005 9.99101E-005 9.99101E-005 0.999001 9.99101E-005 9.99101E-005 9.99101E-005 9.99101E-005 9.99101E-005 9.99101E-005 9.99101E-005
9.99402E-005 9.99402E-005 9.99402E-005 9.99402E-005 9.99402E-005 0.98898 9.99402E-005 9.99402E-005 0.00430546 0.00105967 0.00495512
9.99101E-005 9.99101E-005 9.99101E-005 0.999001 9.99101E-005 9.99101E-005 9.99101E-005 9.99101E-005 9.99101E-005 9.99101E-005 9.99101E-005
9.99101E-005 9.99101E-005 9.99101E-005 0.999001 9.99101E-005 9.99101E-005 9.99101E-005 9.99101E-005 9.99101E-005 9.99101E-005 9.99101E-005
9.9982E-005 0.00260571 9.9982E-005 0.00314038 0.00540619 0.000362099 0.000506977 0.021083 0.911244 0.0300722 0.0253793
9.99101E-005 9.99101E-005 9.99101E-005 9.99101E-005 9.99101E-005 9.99101E-005 9.99101E-005 9.99101E-005 0.999001 9.99101E-005 9.99101E-005
0.000415392 9.9919E-005 9.9919E-005 9.9919E-005 9.9919E-005 9.9919E-005 9.9919E-005 9.9919E-005 0.998685 9.9919E-005 9.9919E-005
9.998E-005 0.00218688 9.998E-005 0.00681854 0.00513994 0.00129293 0.000367111 0.0169888 0.931556 0.0305782 0.00487123
9.9982E-005 0.00584891 0.00133225 0.00499491 0.00399621 0.000693021 0.000763415 0.0163075 0.938808 0.0270561 9.9982E-005
9.9928E-005 9.9928E-005 9.9928E-005 9.9928E-005 9.9928E-005 9.9928E-005 9.9928E-005 0.00926579 0.98763 9.9928E-005 0.00230484
9.9919E-005 9.9919E-005 9.9919E-005 0.99796 0.0011404 9.9919E-005 9.9919E-005 9.9919E-005 9.9919E-005 9.9919E-005 9.9919E-005
9.9955E-005 0.00571944 0.00527307 0.928931 9.9955E-005 0.00915282 0.0490708 0.00135311 9.9955E-005 9.9955E-005 9.9955E-005
9.9928E-005 9.9928E-005 0.00109942 0.996766 9.9928E-005 9.9928E-005 9.9928E-005 0.00133534 9.9928E-005 9.9928E-005 9.9928E-005
0.0034382 9.9937E-005 9.9937E-005 0.991031 9.9937E-005 0.000965904 9.9937E-005 9.9937E-005 9.9937E-005 9.9937E-005 0.00386558
9.9928E-005 0.000704387 9.9928E-005 0.998224 9.9928E-005 0.000272407 9.9928E-005 9.9928E-005 9.9928E-005 9.9928E-005 9.9928E-005
9.9937E-005 0.00226922 0.00415758 0.990833 9.9937E-005 9.9937E-005 0.00204024 9.9937E-005 9.9937E-005 9.9937E-005 9.9937E-005
9.9928E-005 9.9928E-005 0.00867126 0.933534 9.9928E-005 9.9928E-005 0.0569956 9.9928E-005 9.9928E-005 9.9928E-005 9.9928E-005
9.9955E-005 9.9955E-005 0.0158573 0.904797 9.9955E-005 9.9955E-005 0.0735404 0.00208515 9.9955E-005 0.00133143 0.00188922
9.9946E-005 9.9946E-005 0.00240904 0.912221 9.9946E-005 0.00196661 0.082519 0.000284207 9.9946E-005 9.9946E-005 9.9946E-005
9.99273E-005 9.99273E-005 9.99273E-005 0.991717 9.99273E-005 9.99273E-005 9.99273E-005 9.99273E-005 0.0073837 9.99273E-005 9.99273E-005
9.9937E-005 9.9937E-005 0.0147035 0.908347 9.9937E-005 0.000689776 0.0755604 9.9937E-005 9.9937E-005 9.9937E-005 9.9937E-005
0.0135942 9.99371E-005 0.00777192 0.89654 9.99371E-005 9.99371E-005 0.0813945 9.99371E-005 9.99371E-005 9.99371E-005 9.99371E-005
9.9955E-005 9.9955E-005 0.0155061 0.921641 9.9955E-005 0.0135132 0.0431301 9.9955E-005 0.004469 9.9955E-005 0.00124082
9.9946E-005 9.9946E-005 0.00941192 0.924042 9.9946E-005 0.00324126 0.0601723 9.9946E-005 9.9946E-005 9.9946E-005 0.00253266
9.99624E-005 0.0121352 9.99624E-005 9.99624E-005 9.99624E-005 0.00168061 9.99624E-005 0.0484765 0.90489 0.0218428 0.010475
9.9955E-005 0.00533283 9.9955E-005 9.9955E-005 0.00509634 9.9955E-005 9.9955E-005 0.917708 0.0400322 0.0205979 0.0107326
0.00186133 9.9946E-005 9.9946E-005 9.9946E-005 9.9946E-005 9.9946E-005 0.00182007 0.987458 0.00713732 0.00112339 9.9946E-005
9.99191E-005 9.99191E-005 0.996411 0.00269016 9.99191E-005 9.99191E-005 9.99191E-005 9.99191E-005 9.99191E-005 9.99191E-005 9.99191E-005
9.99101E-005 9.99101E-005 0.999001 9.99101E-005 9.99101E-005 9.99101E-005 9.99101E-005 9.99101E-005 9.99101E-005 9.99101E-005 9.99101E-005
9.9928E-005 9.9928E-005 9.9928E-005 9.9928E-005 0.000248507 9.9928E-005 9.9928E-005 0.983206 9.9928E-005 0.0157458 9.9928E-005
9.9982E-005 0.0420555 0.000466466 9.9982E-005 0.0208271 0.00602854 0.00497619 0.445769 0.314347 0.138622 0.0267087
0.0632673 0.0406069 0.0354269 0.0650915 0.0521239 0.0665266 9.9991E-005 0.31784 0.199366 0.137728 0.0219225
9.99101E-005 9.99101E-005 9.99101E-005 9.99101E-005 9.99101E-005 9.99101E-005 9.99101E-005 9.99101E-005 9.99101E-005 9.99101E-005 0.999001
9.9937E-005 9.9937E-005 9.9937E-005 9.9937E-005 0.0141139 9.9937E-005 9.9937E-005 0.00367311 9.9937E-005 0.00114838 0.980365
9.99101E-005 9.99101E-005 0.999001 9.99101E-005 9.99101E-005 9.99101E-005 9.99101E-005 9.99101E-005 9.99101E-005 9.99101E-005 9.99101E-005
9.99191E-005 9.99191E-005 0.998433 9.99191E-005 9.99191E-005 9.99191E-005 0.000668202 9.99191E-005 9.99191E-005 9.99191E-005 9.99191E-005
9.99101E-005 9.99101E-005 9.99101E-005 9.99101E-005 9.99101E-005 9.99101E-005 9.99101E-005 9.99101E-005 9.99101E-005 9.99101E-005 0.999001
0.0060443 0.0320217 0.00121693 9.9973E-005 0.0250674 9.9973E-005 9.9973E-005 0.443196 0.331579 0.136478 0.0240968
9.99101E-005 9.99101E-005 0.999001 9.99101E-005 9.99101E-005 9.99101E-005 9.99101E-005 9.99101E-005 9.99101E-005 9.99101E-005 9.99101E-005
9.99101E-005 9.99101E-005 9.99101E-005 9.99101E-005 9.99101E-005 9.99101E-005 9.99101E-005 9.99101E-005 9.99101E-005 9.99101E-005 0.999001
9.99763E-005 0.00810814 9.99763E-005 0.00744872 0.0121367 0.00508277 9.99763E-005 0.912276 0.0196488 0.0337261 0.00127326
9.9928E-005 9.9928E-005 9.9928E-005 9.9928E-005 9.9928E-005 9.9928E-005 9.9928E-005 0.971988 0.018599 0.00861348 9.9928E-005
0.0056397 0.0569244 0.0131836 0.0288003 0.0409197 0.0369443 0.00923808 0.42955 0.225645 0.146138 0.00701681
9.998E-005 0.274045 9.998E-005 0.0111848 0.107433 0.00663623 0.00113136 0.121634 0.138939 0.107249 0.231547
0.000149858 0.000451919 9.9955E-005 9.9955E-005 0.00218482 9.9955E-005 9.9955E-005 0.979677 0.000970653 0.0160656 9.9955E-005
0.000777302 0.00958124 9.9955E-005 9.9955E-005 9.9955E-005 9.9955E-005 9.9955E-005 0.935443 0.0216491 0.025152 0.00689787
0.0038187 9.9973E-005 0.0012584 9.9973E-005 0.00426109 0.00148594 0.00262309 0.965841 0.00158182 0.0188304 9.9973E-005
9.9928E-005 0.00430157 0.990765 9.9928E-005 9.9928E-005 0.00413435 9.9928E-005 9.9928E-005 9.9928E-005 9.9928E-005 9.9928E-005
9.9946E-005 0.00511301 9.9946E-005 9.9946E-005 0.00652179 9.9946E-005 9.9946E-005 0.957249 0.0190155 0.0115007 9.9946E-005
9.99281E-005 0.000119464 0.99662 9.99281E-005 9.99281E-005 9.99281E-005 9.99281E-005 9.99281E-005 9.99281E-005 0.00246062 9.99281E-005
9.99101E-005 9.99101E-005 9.99101E-005 9.99101E-005 9.99101E-005 9.99101E-005 9.99101E-005 0.999001 9.99101E-005 9.99101E-005 9.99101E-005
9.99101E-005 9.99101E-005 0.999001 9.99101E-005 9.99101E-005 9.99101E-005 9.99101E-005 9.99101E-005 9.99101E-005 9.99101E-005 9.99101E-005
9.9928E-005 0.00185494 9.9928E-005 9.9928E-005 0.996961 9.9928E-005 9.9928E-005 9.9928E-005 9.9928E-005 9.9928E-005 0.000384618
9.99101E-005 9.99101E-005 9.99101E-005 9.99101E-005 9.99101E-005 9.99101E-005 9.99101E-005 0.999001 9.99101E-005 9.99101E-005 9.99101E-005
9.9964E-005 0.0336188 9.9964E-005 9.9964E-005 0.861363 9.9964E-005 0.00028432 0.0071323 0.00863434 0.0106163 0.0779507
9.99101E-005 9.99101E-005 9.99101E-005 9.99101E-005 9.99101E-005 9.99101E-005 9.99101E-005 0.999001 9.99101E-005 9.99101E-005 9.99101E-005
9.9928E-005 0.00953436 9.9928E-005 9.9928E-005 9.9928E-005 9.9928E-005 9.9928E-005 0.98083 9.9928E-005 9.9928E-005 0.00883649
9.99101E-005 9.99101E-005 9.99101E-005 9.99101E-005 9.99101E-005 9.99101E-005 9.99101E-005 0.999001 9.99101E-005 9.99101E-005 9.99101E-005
9.99101E-005 9.99101E-005 9.99101E-005 9.99101E-005 9.99101E-005 9.99101E-005 9.99101E-005 0.999001 9.99101E-005 9.99101E-005 9.99101E-005
9.99101E-005 9.99101E-005 0.999001 9.99101E-005 9.99101E-005 9.99101E-005 9.99101E-005 9.99101E-005 9.99101E-005 9.99101E-005 9.99101E-005
0.00513185 0.0126333 9.9946E-005 9.9946E-005 9.9946E-005 9.9946E-005 9.9946E-005 0.00147128 0.952259 0.027905 9.9946E-005
0.00685548 0.0117883 0.000217336 9.9964E-005 9.9964E-005 9.9964E-005 0.000111387 9.9964E-005 0.959048 0.0207134 0.000866669
9.9964E-005 0.000392372 0.00124205 9.9964E-005 9.9964E-005 0.000729201 9.9964E-005 0.0446244 0.915457 0.0207469 0.0164087
9.99191E-005 9.99191E-005 0.0015948 9.99191E-005 9.99191E-005 9.99191E-005 9.99191E-005 9.99191E-005 9.99191E-005 0.997506 9.99191E-005
0.0056198 9.994E-005 0.975302 9.994E-005 9.994E-005 9.994E-005 0.00831513 9.994E-005 9.994E-005 0.00771115 0.00245263
9.9955E-005 0.000981399 9.9955E-005 9.9955E-005 0.000251939 9.9955E-005 9.9955E-005 0.0168774 0.0170555 0.957867 0.00646655
9.9928E-005 9.9928E-005 0.00151482 9.9928E-005 9.9928E-005 9.9928E-005 9.9928E-005 9.9928E-005 9.9928E-005 0.99447 0.00321583
0.0146863 0.00266173 9.9964E-005 9.9964E-005 0.00123187 9.9964E-005 9.9964E-005 0.00922494 0.00414538 0.959793 0.00785706
0.00417216 9.99191E-005 9.99191E-005 9.99191E-005 9.99191E-005 9.99191E-005 9.99191E-005 9.99191E-005 9.99191E-005 0.994929 9.99191E-005
9.9937E-005 9.9937E-005 9.9937E-005 9.9937E-005 0.00197638 9.9937E-005 9.9937E-005 0.00551701 9.9937E-005 0.984127 0.00768014
9.99191E-005 9.99191E-005 9.99191E-005 9.99191E-005 0.991998 9.99191E-005 9.99191E-005 0.00710303 9.99191E-005 9.99191E-005 9.99191E-005
9.99101E-005 9.99101E-005 9.99101E-005 9.99101E-005 0.999001 9.99101E-005 9.99101E-005 9.99101E-005 9.99101E-005 9.99101E-005 9.99101E-005
0.0128286 9.9928E-005 9.9928E-005 9.9928E-005 0.977402 9.9928E-005 9.9928E-005 9.9928E-005 0.00896997 9.9928E-005 9.9928E-005
0.00438503 9.9937E-005 9.9937E-005 9.9937E-005 0.992997 0.00173487 0.0001834 9.9937E-005 9.9937E-005 9.9937E-005 9.9937E-005
9.9955E-005 0.00731161 0.0281918 9.9955E-005 0.0107775 9.9955E-005 9.9955E-005 0.00637667 9.9955E-005 0.938812 0.00803102
9.9955E-005 0.00701456 9.9955E-005 9.9955E-005 0.886798 9.9955E-005 9.9955E-005 0.00433948 0.010206 0.0186283 0.0725143
0.00825893 9.99191E-005 9.99191E-005 9.99191E-005 9.99191E-005 9.99191E-005 9.99191E-005 9.99191E-005 9.99191E-005 0.990842 9.99191E-005
9.99614E-005 0.000345766 9.99614E-005 9.99614E-005 0.00859276 9.99614E-005 9.99614E-005 0.0157885 0.00746902 0.965421 0.00188333
9.9946E-005 0.00369796 9.9946E-005 9.9946E-005 0.00137688 9.9946E-005 9.9946E-005 0.0182971 0.013198 0.96283 9.9946E-005
9.99191E-005 9.99191E-005 9.99191E-005 9.99191E-005 9.99191E-005 9.99191E-005 9.99191E-005 0.00799758 9.99191E-005 0.991103 9.99191E-005
9.99531E-005 0.00134182 9.99531E-005 9.99531E-005 9.99531E-005 9.99531E-005 9.99531E-005 0.00735342 0.031086 0.956374 0.00324485
9.9937E-005 0.00502182 9.9937E-005 9.9937E-005 0.00454647 9.9937E-005 9.9937E-005 9.9937E-005 0.0103581 0.979374 9.9937E-005
9.995E-005 0.00462354 9.995E-005 0.00269722 9.995E-005 9.995E-005 9.995E-005 0.010309 0.0126729 0.960674 0.00852312
9.9928E-005 9.9928E-005 9.9928E-005 9.9928E-005 9.9928E-005 9.9928E-005 9.9928E-005 0.0274379 0.0139559 0.957807 9.9928E-005
0.0163614 0.00726797 9.9955E-005 0.00207322 0.000451136 9.9955E-005 9.9955E-005 9.9955E-005 0.0237611 0.949585 9.9955E-005
0.0173464 0.0020154 9.9955E-005 9.9955E-005 0.00357735 9.9955E-005 9.9955E-005 9.9955E-005 0.0179481 0.958484 0.000129212
9.9937E-005 0.00914531 9.9937E-005 0.00311548 9.9937E-005 0.00198674 9.9937E-005 9.9937E-005 9.9937E-005 0.985053 9.9937E-005
9.9955E-005 0.0180903 9.9955E-005 0.000650068 0.00257343 9.9955E-005 9.9955E-005 0.00650542 9.9955E-005 0.971222 0.000459155
9.9946E-005 9.9946E-005 9.9946E-005 9.9946E-005 0.00575407 9.9946E-005 9.9946E-005 0.0212219 0.00888613 0.962139 0.00139899
0.00483124 0.00333265 9.9964E-005 0.00176964 9.9964E-005 0.00141032 9.9964E-005 0.00974212 0.0127458 0.965768 9.9964E-005
9.9937E-005 0.00062285 9.9937E-005 9.9937E-005 9.9937E-005 9.9937E-005 9.9937E-005 0.019339 0.00670896 0.97263 9.9937E-005
0.0329101 9.99595E-005 9.99595E-005 9.99595E-005 0.00620178 0.0092943 0.00932846 9.99595E-005 0.0113935 0.930372 9.99595E-005
9.9928E-005 9.9928E-005 0.0102614 0.964802 9.9928E-005 9.9928E-005 0.0241374 9.9928E-005 9.9928E-005 9.9928E-005 9.9928E-005
0.00176292 9.99281E-005 9.99281E-005 0.996917 9.99281E-005 0.000520628 9.99281E-005 9.99281E-005 9.99281E-005 9.99281E-005 9.99281E-005
0.000760314 9.9928E-005 9.9928E-005 0.993187 9.9928E-005 0.00525371 9.9928E-005 9.9928E-005 9.9928E-005 9.9928E-005 9.9928E-005
0.0124459 9.9955E-005 9.9955E-005 0.00600533 9.9955E-005 0.0046424 9.9955E-005 0.000583919 0.000855691 0.974967 9.9955E-005
0.102974 0.257519 0.010953 0.011975 0.0850664 0.0149731 0.0106211 0.109401 0.0634659 0.10371 0.229341
0.00188598 9.9937E-005 9.9937E-005 9.9937E-005 9.9937E-005 0.993523 9.9937E-005 0.00191136 9.9937E-005 9.9937E-005 0.00197977
9.9946E-005 9.9946E-005 0.00476244 0.0036128 0.00164936 0.988199 9.9946E-005 9.9946E-005 9.9946E-005 9.9946E-005 0.00117678
9.99101E-005 9.99101E-005 9.99101E-005 9.99101E-005 9.99101E-005 0.999001 9.99101E-005 9.99101E-005 9.99101E-005 9.99101E-005 9.99101E-005
9.99281E-005 9.99281E-005 0.00375505 9.99281E-005 9.99281E-005 0.992114 0.00333128 9.99281E-005 9.99281E-005 9.99281E-005 9.99281E-005
9.99101E-005 9.99101E-005 9.99101E-005 9.99101E-005 9.99101E-005 0.999001 9.99101E-005 9.99101E-005 9.99101E-005 9.99101E-005 9.99101E-005
9.99101E-005 9.99101E-005 9.99101E-005 9.99101E-005 9.99101E-005 0.999001 9.99101E-005 9.99101E-005 9.99101E-005 9.99101E-005 9.99101E-005
9.9919E-005 9.9919E-005 9.9919E-005 0.0195792 9.9919E-005 9.9919E-005 0.979522 9.9919E-005 9.9919E-005 9.9919E-005 9.9919E-005
9.99101E-005 9.99101E-005 9.99101E-005 9.99101E-005 9.99101E-005 0.999001 9.99101E-005 9.99101E-005 9.99101E-005 9.99101E-005 9.99101E-005
0.00248431 9.99281E-005 9.99281E-005 0.996031 9.99281E-005 9.99281E-005 9.99281E-005 9.99281E-005 9.99281E-005 0.00068498 9.99281E-005
0.0118134 9.9946E-005 0.00161695 9.9946E-005 0.0016989 0.980342 0.00392901 9.9946E-005 9.9946E-005 9.9946E-005 9.9946E-005
9.99281E-005 9.99281E-005 0.0041638 0.00632229 9.99281E-005 0.988714 9.99281E-005 9.99281E-005 9.99281E-005 9.99281E-005 9.99281E-005
9.99101E-005 9.99101E-005 9.99101E-005 9.99101E-005 9.99101E-005 0.999001 9.99101E-005 9.99101E-005 9.99101E-005 9.99101E-005 9.99101E-005
0.00397147 9.99191E-005 9.99191E-005 9.99191E-005 9.99191E-005 0.995129 9.99191E-005 9.99191E-005 9.99191E-005 9.99191E-005 9.99191E-005
0.00219539 0.00679661 0.000582049 9.9964E-005 9.9964E-005 9.9964E-005 9.9964E-005 0.035349 0.0110986 0.939084 0.00449418
9.99101E-005 9.99101E-005 9.99101E-005 9.99101E-005 9.99101E-005 0.999001 9.99101E-005 9.99101E-005 9.99101E-005 9.99101E-005 9.99101E-005
9.9928E-005 9.9928E-005 9.9928E-005 0.994704 9.9928E-005 0.00191768 9.9928E-005 0.00257919 9.9928E-005 9.9928E-005 9.9928E-005
0.0026132 0.00170525 0.000489557 9.9955E-005 9.9955E-005 9.9955E-005 0.00580952 0.0117638 9.9955E-005 0.977119 9.9955E-005
0.00637259 0.00400909 9.9946E-005 9.9946E-005 9.9946E-005 9.9946E-005 9.9946E-005 9.9946E-005 0.975951 0.00691929 0.00614856
0.000591846 9.99281E-005 9.99281E-005 9.99281E-005 9.99281E-005 0.997554 0.00105446 9.99281E-005 9.99281E-005 9.99281E-005 9.99281E-005
9.99101E-005 9.99101E-005 0.999001 9.99101E-005 9.99101E-005 9.99101E-005 9.99101E-005 9.99101E-005 9.99101E-005 9.99101E-005 9.99101E-005
9.9928E-005 9.9928E-005 0.994886 9.9928E-005 9.9928E-005 9.9928E-005 9.9928E-005 9.9928E-005 0.00140675 0.0029078 9.9928E-005
0.010888 9.9919E-005 9.9919E-005 9.9919E-005 9.9919E-005 9.9919E-005 9.9919E-005 9.9919E-005 0.988213 9.9919E-005 9.9919E-005
9.9919E-005 9.9919E-005 0.997244 9.9919E-005 9.9919E-005 0.00185711 9.9919E-005 9.9919E-005 9.9919E-005 9.9919E-005 9.9919E-005
9.99191E-005 9.99191E-005 9.99191E-005 9.99191E-005 9.99191E-005 9.99191E-005 9.99191E-005 0.0139926 9.99191E-005 0.985108 9.99191E-005
0.00146137 9.9946E-005 9.9946E-005 9.9946E-005 0.00159586 9.9946E-005 9.9946E-005 0.0143792 9.9946E-005 0.981281 0.000682545
0.00520592 9.9973E-005 0.00364879 9.9973E-005 9.9973E-005 0.000725418 0.00277057 0.0324737 0.0152147 0.93929 0.000371309
9.9937E-005 0.00117961 9.9937E-005 9.9937E-005 0.00210263 9.9937E-005 9.9937E-005 9.9937E-005 9.9937E-005 0.989654 0.0063637
9.9955E-005 9.9955E-005 0.00102614 9.9955E-005 0.00281537 9.9955E-005 9.9955E-005 0.0246344 0.0298843 0.940489 0.00065056
0.0267052 0.00163445 9.998E-005 9.998E-005 0.0010382 0.00492044 0.00173225 0.000903726 0.0031773 0.958591 0.00109721
9.99191E-005 9.99191E-005 9.99191E-005 9.99191E-005 9.99191E-005 9.99191E-005 9.99191E-005 9.99191E-005 9.99191E-005 0.991272 0.00782894
0.0110733 9.9928E-005 9.9928E-005 9.9928E-005 9.9928E-005 9.9928E-005 9.9928E-005 9.9928E-005 0.987927 0.000200115 9.9928E-005
0.0180873 9.9928E-005 9.9928E-005 9.9928E-005 9.9928E-005 9.9928E-005 0.000810672 9.9928E-005 0.980303 9.9928E-005 9.9928E-005
0.00608735 9.99281E-005 9.99281E-005 9.99281E-005 9.99281E-005 9.99281E-005 9.99281E-005 9.99281E-005 0.00551489 0.987598 9.99281E-005
0.00269359 9.9946E-005 0.00362703 0.978436 9.9946E-005 9.9946E-005 0.0112219 9.9946E-005 9.9946E-005 0.00342193 9.9946E-005
9.9919E-005 9.9919E-005 9.9919E-005 0.0109816 9.9919E-005 9.9919E-005 0.988119 9.9919E-005 9.9919E-005 9.9919E-005 9.9919E-005
9.99101E-005 9.99101E-005 9.99101E-005 9.99101E-005 9.99101E-005 9.99101E-005 0.999001 9.99101E-005 9.99101E-005 9.99101E-005 9.99101E-005
0.0224246 0.0210148 0.0123641 9.9991E-005 0.0330619 0.0521368 0.720931 0.00062484 0.0403492 0.0951469 0.00184573
9.9919E-005 9.9919E-005 9.9919E-005 0.0330582 9.9919E-005 9.9919E-005 0.966043 9.9919E-005 9.9919E-005 9.9919E-005 9.9919E-005
0.0114785 9.9955E-005 0.00400438 0.975855 0.00313584 0.00336077 9.9955E-005 9.9955E-005 9.9955E-005 0.00166563 9.9955E-005
9.99191E-005 9.99191E-005 9.99191E-005 0.998455 9.99191E-005 9.99191E-005 9.99191E-005 9.99191E-005 0.000645415 9.99191E-005 9.99191E-005
9.99101E-005 9.99101E-005 9.99101E-005 0.999001 9.99101E-005 9.99101E-005 9.99101E-005 9.99101E-005 9.99101E-005 9.99101E-005 9.99101E-005
9.9919E-005 9.9919E-005 9.9919E-005 0.005841 9.9919E-005 9.9919E-005 0.99326 9.9919E-005 9.9919E-005 9.9919E-005 9.9919E-005
0.0121429 9.9919E-005 9.9919E-005 9.9919E-005 9.9919E-005 9.9919E-005 9.9919E-005 9.9919E-005 0.986958 9.9919E-005 9.9919E-005
9.99101E-005 9.99101E-005 0.999001 9.99101E-005 9.99101E-005 9.99101E-005 9.99101E-005 9.99101E-005 9.99101E-005 9.99101E-005 9.99101E-005
0.999001 9.99101E-005 9.99101E-005 9.99101E-005 9.99101E-005 9.99101E-005 9.99101E-005 9.99101E-005 9.99101E-005 9.99101E-005 9.99101E-005
0.0224317 9.9937E-005 9.9937E-005 9.9937E-005 0.00510863 9.9937E-005 9.9937E-005 9.9937E-005 0.96462 0.0071405 9.9937E-005
0.0176673 9.9937E-005 9.9937E-005 9.9937E-005 0.00108827 9.9937E-005 9.9937E-005 9.9937E-005 0.962546 0.0179989 9.9937E-005
0.00378458 9.99191E-005 0.995316 9.99191E-005 9.99191E-005 9.99191E-005 9.99191E-005 9.99191E-005 9.99191E-005 9.99191E-005 9.99191E-005
0.000854346 9.99191E-005 9.99191E-005 9.99191E-005 9.99191E-005 0.998246 9.99191E-005 9.99191E-005 9.99191E-005 9.99191E-005 9.99191E-005
0.00196856 0.0273769 0.00203645 9.9982E-005 0.0177413 9.9982E-005 0.00202402 0.149361 0.141425 0.641941 0.0159253
9.99101E-005 9.99101E-005 9.99101E-005 9.99101E-005 9.99101E-005 9.99101E-005 9.99101E-005 9.99101E-005 0.999001 9.99101E-005 9.99101E-005
9.99101E-005 9.99101E-005 9.99101E-005 9.99101E-005 9.99101E-005 9.99101E-005 9.99101E-005 9.99101E-005 0.999001 9.99101E-005 9.99101E-005
9.99101E-005 9.99101E-005 9.99101E-005 9.99101E-005 9.99101E-005 9.99101E-005 9.99101E-005 9.99101E-005 0.999001 9.99101E-005 9.99101E-005
0.0148005 9.99281E-005 9.99281E-005 9.99281E-005 9.99281E-005 9.99281E-005 0.00144914 9.99281E-005 0.982951 9.99281E-005 9.99281E-005
9.99101E-005 9.99101E-005 9.99101E-005 9.99101E-005 9.99101E-005 9.99101E-005 9.99101E-005 9.99101E-005 0.999001 9.99101E-005 9.99101E-005
0.00176564 9.99191E-005 9.99191E-005 9.99191E-005 9.99191E-005 9.99191E-005 9.99191E-005 9.99191E-005 0.997335 9.99191E-005 9.99191E-005
