0.901904 0.0276283 0.0465173 0.0228631 9.9982E-005 0.000887206 9.9982E-005
0.905451 0.0273777 0.0409579 0.0202473 9.9991E-005 0.00262567 0.00324057
9.9982E-005 9.9982E-005 0.991506 0.00237369 0.00448701 0.000409742 0.00102388
9.9955E-005 0.000454044 0.999046 9.9955E-005 9.9955E-005 9.9955E-005 9.9955E-005
9.9982E-005 9.9982E-005 0.98867 0.00588853 0.00355065 0.000873824 0.00081687
9.995E-005 9.995E-005 0.9994 9.995E-005 9.995E-005 9.995E-005 9.995E-005
9.9955E-005 9.9955E-005 0.999243 9.9955E-005 9.9955E-005 0.000256968 9.9955E-005
9.995E-005 9.995E-005 0.9994 9.995E-005 9.995E-005 9.995E-005 9.995E-005
9.9964E-005 9.9964E-005 0.00568131 9.9964E-005 0.987813 9.9964E-005 0.00610592
0.00179862 9.9973E-005 9.9973E-005 0.993155 0.000618355 9.9973E-005 0.00412792
9.9964E-005 9.9964E-005 9.9964E-005 0.993681 9.9964E-005 0.00249224 0.0034269
0.0174169 0.017599 9.99835E-005 9.99835E-005 0.120734 0.787429 0.0566215
9.9964E-005 9.9964E-005 9.9964E-005 0.995802 0.000256697 0.00354112 9.9964E-005
0.000195449 9.9973E-005 9.9973E-005 0.995742 0.00208969 0.00167334 9.9973E-005
9.9964E-005 9.9964E-005 9.9964E-005 0.993461 9.9964E-005 0.0039457 0.0021935
9.9964E-005 9.9964E-005 9.9964E-005 0.993577 0.00529635 0.000727111 9.9964E-005
0.0101794 0.0218548 0.0115891 9.9991E-005 0.125318 0.780003 0.0509556
0.0419228 0.028094 0.846436 0.0803979 0.00194345 0.00110632 9.9991E-005
0.9994 9.995E-005 9.995E-005 9.995E-005 9.995E-005 9.995E-005 9.995E-005
0.997173 9.9964E-005 9.9964E-005 9.9964E-005 9.9964E-005 0.000597506 0.00182956
0.9994 9.995E-005 9.995E-005 9.995E-005 9.995E-005 9.995E-005 9.995E-005
0.9994 9.995E-005 9.995E-005 9.995E-005 9.995E-005 9.995E-005 9.995E-005
0.997929 9.9955E-005 9.9955E-005 9.9955E-005 0.00157094 9.9955E-005 9.9955E-005
0.9994 9.995E-005 9.995E-005 9.995E-005 9.995E-005 9.995E-005 9.995E-005
0.9994 9.995E-005 9.995E-005 9.995E-005 9.995E-005 9.995E-005 9.995E-005
0.9994 9.995E-005 9.995E-005 9.995E-005 9.995E-005 9.995E-005 9.995E-005
0.993372 9.9955E-005 0.00612792 9.9955E-005 9.9955E-005 9.9955E-005 9.9955E-005
0.996011 9.9973E-005 9.9973E-005 9.9973E-005 0.0015551 0.000478963 0.00165507
0.026501 0.967857 0.00145055 0.00389199 9.9973E-005 9.9973E-005 9.9973E-005
0.000955174 0.970762 0.0227342 0.00513133 0.000217658 9.9982E-005 9.9982E-005
9.995E-005 0.9994 9.995E-005 9.995E-005 9.995E-005 9.995E-005 9.995E-005
9.995E-005 0.9994 9.995E-005 9.995E-005 9.995E-005 9.995E-005 9.995E-005
9.995E-005 0.9994 9.995E-005 9.995E-005 9.995E-005 9.995E-005 9.995E-005
0.0383369 0.0215389 0.869716 0.0701009 9.9982E-005 0.000107391 9.9982E-005
0.0418562 0.0132765 0.855286 0.0882939 0.00108693 9.9982E-005 9.9982E-005
0.0332759 0.0164808 0.873563 0.0737818 9.9982E-005 0.00269835 9.9982E-005
0.0412867 0.0240728 0.846368 0.0816096 9.9982E-005 0.00646328 9.9982E-005
9.995E-005 9.995E-005 9.995E-005 9.995E-005 9.995E-005 0.9994 9.995E-005
9.995E-005 0.9994 9.995E-005 9.995E-005 9.995E-005 9.995E-005 9.995E-005
9.9964E-005 0.996397 9.9964E-005 9.9964E-005 9.9964E-005 0.000141903 0.00306128
9.995E-005 0.9994 9.995E-005 9.995E-005 9.995E-005 9.995E-005 9.995E-005
9.9964E-005 0.99768 9.9964E-005 9.9964E-005 0.00181224 0.000107768 9.9964E-005
0.0052547 9.9964E-005 9.9964E-005 9.9964E-005 0.991224 9.9964E-005 0.00312138
0.00192804 0.000957638 9.9991E-005 0.0029132 0.988357 0.004024 0.00171991
0.00236026 9.9955E-005 9.9955E-005 9.9955E-005 0.99714 9.9955E-005 9.9955E-005
0.00222026 0.00163683 0.000976873 9.9973E-005 0.994866 9.9973E-005 9.9973E-005
0.00411987 0.0029739 0.0021121 9.9973E-005 0.990494 9.9973E-005 9.9973E-005
9.9955E-005 9.9955E-005 0.00270004 9.9955E-005 0.9968 9.9955E-005 9.9955E-005
9.995E-005 9.995E-005 9.995E-005 9.995E-005 0.9994 9.995E-005 9.995E-005
9.9955E-005 9.9955E-005 9.9955E-005 9.9955E-005 0.99765 0.00185003 9.9955E-005
9.9964E-005 9.9964E-005 0.00729245 0.987996 0.00431163 9.9964E-005 9.9964E-005
0.0148087 0.00659192 0.0144008 0.96331 9.9982E-005 9.9982E-005 0.000688489
0.000206645 0.00571831 0.0290959 0.964679 9.9973E-005 9.9973E-005 9.9973E-005
9.9955E-005 9.9955E-005 0.00574489 0.993755 9.9955E-005 9.9955E-005 9.9955E-005
9.9973E-005 9.9973E-005 9.9973E-005 0.988352 0.00142003 0.00352713 0.00640047
9.995E-005 9.995E-005 9.995E-005 0.9994 9.995E-005 9.995E-005 9.995E-005
9.9955E-005 9.9955E-005 0.00086181 9.9955E-005 9.9955E-005 9.9955E-005 0.998638
9.995E-005 9.995E-005 9.995E-005 9.995E-005 0.9994 9.995E-005 9.995E-005
9.9978E-005 0.00202539 0.00475633 0.00130008 9.9978E-005 9.9978E-005 0.991618
9.995E-005 9.995E-005 9.995E-005 9.995E-005 0.9994 9.995E-005 9.995E-005
9.995E-005 9.995E-005 9.995E-005 9.995E-005 0.9994 9.995E-005 9.995E-005
9.9964E-005 0.0208411 0.976906 9.9964E-005 0.00185303 9.9964E-005 9.9964E-005
9.995E-005 9.995E-005 0.9994 9.995E-005 9.995E-005 9.995E-005 9.995E-005
9.995E-005 9.995E-005 0.9994 9.995E-005 9.995E-005 9.995E-005 9.995E-005
9.9991E-005 0.000982453 0.986543 0.00853429 0.00177632 0.000528873 0.00153492
9.9973E-005 9.9973E-005 0.993659 9.9973E-005 0.00232133 0.00148491 0.00223476
9.995E-005 9.995E-005 0.9994 9.995E-005 9.995E-005 9.995E-005 9.995E-005
9.995E-005 9.995E-005 9.995E-005 9.995E-005 0.9994 9.995E-005 9.995E-005
0.00471964 9.9982E-005 9.9982E-005 0.000525731 0.980825 0.00293462 0.0107946
9.995E-005 9.995E-005 9.995E-005 9.995E-005 0.9994 9.995E-005 9.995E-005
9.995E-005 9.995E-005 9.995E-005 9.995E-005 0.9994 9.995E-005 9.995E-005
9.995E-005 9.995E-005 9.995E-005 9.995E-005 0.9994 9.995E-005 9.995E-005
0.000436561 0.000292757 9.9964E-005 9.9964E-005 0.998871 9.9964E-005 9.9964E-005
9.9955E-005 9.9955E-005 9.9955E-005 9.9955E-005 0.988941 0.0105588 9.9955E-005
0.00512905 9.9973E-005 9.9973E-005 0.00380064 0.97468 0.0160906 9.9973E-005
0.00452078 9.9982E-005 9.9982E-005 0.00213299 0.989322 0.00299482 0.000829541
0.00298102 0.00562122 9.9964E-005 9.9964E-005 0.990998 9.9964E-005 9.9964E-005
0.000887738 9.9973E-005 9.9973E-005 9.9973E-005 0.981796 0.0158996 0.00111687
9.9964E-005 9.9964E-005 9.9964E-005 0.00502184 0.978984 0.0155946 9.9964E-005
9.9982E-005 0.00373232 0.00231266 9.9982E-005 0.973293 0.00824475 0.0122169
0.00372667 9.9982E-005 0.00287988 9.9982E-005 0.983207 0.0076004 0.00238606
0.0037758 0.00367426 0.990927 9.9982E-005 0.00117654 9.9982E-005 0.000246482
0.0416086 0.0278852 0.823936 0.105942 9.9982E-005 0.000428797 9.9982E-005
0.0425877 0.0154715 0.848447 0.086415 0.00256863 0.00440569 0.000104964
9.995E-005 9.995E-005 9.995E-005 9.995E-005 9.995E-005 0.9994 9.995E-005
9.995E-005 9.995E-005 9.995E-005 9.995E-005 9.995E-005 0.9994 9.995E-005
0.040791 0.0232093 0.831064 0.102621 0.000804686 9.9991E-005 0.00140986
0.0520299 0.0575945 0.723346 0.148268 0.00727029 0.00424533 0.00724575
0.0686712 0.0523777 0.543345 0.160352 0.0695709 0.032566 0.0731166
0.0936274 0.745294 0.131767 0.0190095 0.00872238 9.9991E-005 0.00147932
0.10207 0.742436 0.12479 0.0266852 0.000746738 0.00123638 0.00203543
9.995E-005 9.995E-005 9.995E-005 9.995E-005 9.995E-005 0.9994 9.995E-005
9.995E-005 9.995E-005 9.995E-005 9.995E-005 9.995E-005 0.9994 9.995E-005
0.104549 0.736627 0.120505 0.0300449 0.00366078 0.001838 0.00277513
0.0478754 0.0490083 0.742383 0.155525 0.00411392 9.9991E-005 0.000994198
9.995E-005 9.995E-005 9.995E-005 9.995E-005 9.995E-005 0.9994 9.995E-005
0.0974593 0.751174 0.123538 0.0217572 0.00515722 9.9991E-005 0.000814872
0.0462131 0.0387075 0.796063 0.104516 0.0075375 0.00185389 0.005109
0.0312885 0.0219935 0.852706 0.0937118 9.9973E-005 9.9973E-005 9.9973E-005
0.0591943 0.0530991 0.610516 0.177521 0.0409228 0.0195023 0.0392443
0.292032 0.278324 0.290048 0.118407 0.0110863 0.000452443 0.00964937
0.033083 0.0285158 0.835448 0.0976994 0.00169105 0.00346241 9.9991E-005
0.0497323 0.0253428 0.819382 0.104139 9.9982E-005 0.00120483 9.9982E-005
0.0309949 0.0314853 0.827528 0.102154 0.000970865 0.00640204 0.000465531
9.9964E-005 0.00360292 9.9964E-005 9.9964E-005 9.9964E-005 0.994185 0.00181242
0.0372373 0.0281066 0.843106 0.0869423 9.9982E-005 0.0044081 9.9982E-005
9.9955E-005 9.9955E-005 9.9955E-005 0.00323465 9.9955E-005 0.996266 9.9955E-005
0.0370919 0.0184965 0.848172 0.0951411 9.9982E-005 0.000898306 9.9982E-005
9.995E-005 9.995E-005 9.995E-005 9.995E-005 9.995E-005 0.9994 9.995E-005
9.995E-005 0.9994 9.995E-005 9.995E-005 9.995E-005 9.995E-005 9.995E-005
0.0362695 0.0108069 0.87348 0.0766016 0.00264164 9.9982E-005 9.9982E-005
0.0302123 0.936665 0.0182912 0.0144555 0.00017639 9.9982E-005 9.9982E-005
0.0333552 0.0171713 0.856031 0.0884888 0.00434316 9.9991E-005 0.000510655
0.0538991 0.0324778 0.841611 0.0691598 0.00123711 9.9991E-005 0.00151509
0.0428826 0.0194576 0.870308 0.0668455 9.9982E-005 0.00030682 9.9982E-005
0.0294951 0.0152642 0.868006 0.0863277 0.000183994 0.000623029 9.9991E-005
9.995E-005 9.995E-005 9.995E-005 9.995E-005 9.995E-005 0.9994 9.995E-005
9.995E-005 9.995E-005 0.9994 9.995E-005 9.995E-005 9.995E-005 9.995E-005
9.9973E-005 9.9973E-005 0.997247 9.9973E-005 0.000221303 0.00128106 0.000950891
9.9982E-005 0.00265775 0.992551 9.9982E-005 0.000157203 0.00290217 0.00153185
9.9964E-005 9.9964E-005 9.9964E-005 0.997326 9.9964E-005 0.00197723 0.000297038
9.9973E-005 0.00172271 9.9973E-005 0.0109638 0.000171931 0.986842 9.9973E-005
9.9964E-005 0.00219387 0.021518 0.975888 9.9964E-005 9.9964E-005 9.9964E-005
9.9964E-005 0.00476784 9.9964E-005 0.994309 9.9964E-005 0.000523695 9.9964E-005
0.00187181 0.00274868 0.0274233 0.96703 0.000613749 0.000212474 9.9991E-005
9.995E-005 9.995E-005 9.995E-005 0.9994 9.995E-005 9.995E-005 9.995E-005
9.9964E-005 0.00412356 0.0013037 0.994173 9.9964E-005 9.9964E-005 9.9964E-005
9.995E-005 0.9994 9.995E-005 9.995E-005 9.995E-005 9.995E-005 9.995E-005
9.995E-005 0.9994 9.995E-005 9.995E-005 9.995E-005 9.995E-005 9.995E-005
9.995E-005 0.9994 9.995E-005 9.995E-005 9.995E-005 9.995E-005 9.995E-005
9.9955E-005 0.998735 9.9955E-005 9.9955E-005 9.9955E-005 9.9955E-005 0.000765058
0.00212823 0.0211114 9.9973E-005 0.947499 9.9973E-005 0.0289614 9.9973E-005
9.9955E-005 0.964174 0.0353263 9.9955E-005 9.9955E-005 9.9955E-005 9.9955E-005
9.995E-005 9.995E-005 9.995E-005 0.9994 9.995E-005 9.995E-005 9.995E-005
0.000726422 0.00327855 0.0234621 0.972233 9.9973E-005 9.9973E-005 9.9973E-005
0.000880796 0.0046153 0.0240115 0.970193 9.9973E-005 9.9973E-005 9.9973E-005
9.9955E-005 9.9955E-005 0.00958113 0.989919 9.9955E-005 9.9955E-005 9.9955E-005
9.9964E-005 0.00218239 0.0330836 0.964334 9.9964E-005 9.9964E-005 9.9964E-005
0.0086364 0.00797543 0.00472412 0.978364 9.99753E-005 9.99753E-005 9.99753E-005
0.00260254 0.00796419 0.012714 0.974435 9.9982E-005 0.00208383 9.9982E-005
9.9955E-005 9.9955E-005 0.0300098 0.96949 9.9955E-005 9.9955E-005 9.9955E-005
0.00543036 0.00171702 0.0364716 0.951364 0.00391855 9.9991E-005 0.00099826
9.9982E-005 0.00976193 0.0239725 0.962109 0.00319632 9.9982E-005 0.00076038
0.0118638 0.00134516 9.9973E-005 0.985074 9.9973E-005 9.9973E-005 0.00141751
0.0243963 0.00965842 9.9964E-005 0.965545 9.9964E-005 9.9964E-005 9.9964E-005
9.9964E-005 0.00643391 0.0189278 0.974238 9.9964E-005 9.9964E-005 9.9964E-005
9.99844E-005 0.00057131 0.0262651 0.968324 0.00220705 0.00243257 9.99844E-005
0.00689055 0.0014198 0.00417779 0.986936 9.9982E-005 0.000375587 9.9982E-005
0.00189206 0.00885843 0.00926172 0.952343 0.0136734 0.000593523 0.0133781
9.99639E-005 9.99639E-005 9.99639E-005 9.99639E-005 0.992521 0.00697957 9.99639E-005
9.995E-005 9.995E-005 9.995E-005 9.995E-005 0.9994 9.995E-005 9.995E-005
9.9964E-005 0.00058973 9.9964E-005 9.9964E-005 0.998876 9.9964E-005 0.000134038
9.9973E-005 0.00213016 9.9973E-005 0.985382 0.0060939 9.9973E-005 0.00609425
0.28859 0.263136 0.237891 0.137744 0.0336401 0.0151747 0.0238238
9.9964E-005 0.00139686 9.9964E-005 9.9964E-005 0.00134675 9.9964E-005 0.996857
9.9973E-005 0.00313611 9.9973E-005 9.9973E-005 0.00155902 0.0056356 0.989369
9.995E-005 9.995E-005 9.995E-005 9.995E-005 9.995E-005 9.995E-005 0.9994
0.000673506 9.9973E-005 9.9973E-005 9.9973E-005 0.000273859 0.00621932 0.992533
9.995E-005 9.995E-005 9.995E-005 9.995E-005 9.995E-005 9.995E-005 0.9994
9.995E-005 9.995E-005 9.995E-005 9.995E-005 9.995E-005 9.995E-005 0.9994
0.00539918 9.9982E-005 9.9982E-005 0.00229383 0.917096 0.0632197 0.0117912
9.995E-005 9.995E-005 9.995E-005 9.995E-005 9.995E-005 9.995E-005 0.9994
9.9955E-005 9.9955E-005 9.9955E-005 0.0038431 0.995657 9.9955E-005 9.9955E-005
0.00192582 0.00381094 0.00167743 0.00329504 0.000459258 0.00722611 0.981605
9.9964E-005 9.9964E-005 9.9964E-005 9.9964E-005 0.00838177 0.0021834 0.989035
9.995E-005 9.995E-005 9.995E-005 9.995E-005 9.995E-005 9.995E-005 0.9994
9.9964E-005 0.00036324 9.9964E-005 9.9964E-005 9.9964E-005 0.00193253 0.997304
0.00748943 0.00694604 0.0195034 0.964755 0.000668281 0.000538249 9.9991E-005
9.9955E-005 0.000448803 9.9955E-005 9.9955E-005 9.9955E-005 9.9955E-005 0.999051
9.9964E-005 9.9964E-005 0.00142579 9.9964E-005 0.997758 9.9964E-005 0.000416035
9.9973E-005 9.9973E-005 9.9973E-005 0.991136 0.00274097 0.00519355 0.000629327
9.9955E-005 9.9955E-005 0.998166 9.9955E-005 9.9955E-005 0.00133414 9.9955E-005
9.995E-005 9.995E-005 9.995E-005 9.995E-005 9.995E-005 9.995E-005 0.9994
9.995E-005 9.995E-005 9.995E-005 9.995E-005 9.995E-005 0.9994 9.995E-005
9.9955E-005 9.9955E-005 0.00122761 9.9955E-005 9.9955E-005 0.998273 9.9955E-005
9.995E-005 9.995E-005 0.9994 9.995E-005 9.995E-005 9.995E-005 9.995E-005
9.9955E-005 9.9955E-005 9.9955E-005 9.9955E-005 9.9955E-005 0.999138 0.000361957
9.9964E-005 0.00348596 0.000820902 0.995293 9.9964E-005 9.9964E-005 9.9964E-005
9.9955E-005 9.9955E-005 0.0075425 0.991958 9.9955E-005 9.9955E-005 9.9955E-005
0.00159324 0.00274566 0.0464617 0.942127 0.00249453 0.00246371 0.00211464
0.00752848 0.00243007 9.9964E-005 0.989642 9.9964E-005 9.9964E-005 9.9964E-005
9.99617E-005 9.99617E-005 0.0473118 0.952188 9.99617E-005 9.99617E-005 9.99617E-005
0.00840418 9.9991E-005 0.0164308 0.963783 0.00237754 0.00408044 0.00482384
9.9955E-005 0.00521389 9.9955E-005 0.994286 9.9955E-005 9.9955E-005 9.9955E-005
9.995E-005 9.995E-005 0.9994 9.995E-005 9.995E-005 9.995E-005 9.995E-005
9.995E-005 9.995E-005 0.9994 9.995E-005 9.995E-005 9.995E-005 9.995E-005
9.995E-005 9.995E-005 9.995E-005 0.9994 9.995E-005 9.995E-005 9.995E-005
9.9964E-005 0.00140818 9.9964E-005 0.00715793 0.991034 9.9964E-005 9.9964E-005
9.9982E-005 0.00311973 0.0133861 9.9982E-005 0.903355 0.0633689 0.0165704
9.9991E-005 0.00809895 0.0103077 0.00427462 0.900324 0.069474 0.00742103
0.0246674 0.039232 0.0902265 0.0829848 0.597977 0.0924981 0.0724147
0.00530526 9.9973E-005 9.9973E-005 9.9973E-005 0.925804 0.0575533 0.0110377
9.9982E-005 9.9982E-005 0.00540317 0.00747797 0.979762 0.00540644 0.00175072
9.9955E-005 9.9955E-005 9.9955E-005 0.000219421 0.999281 9.9955E-005 9.9955E-005
9.995E-005 9.995E-005 9.995E-005 9.995E-005 0.9994 9.995E-005 9.995E-005
0.00354961 0.00111875 0.00435312 0.000400615 0.912376 0.0594309 0.0187707
9.995E-005 9.995E-005 0.9994 9.995E-005 9.995E-005 9.995E-005 9.995E-005
9.995E-005 9.995E-005 9.995E-005 9.995E-005 9.995E-005 0.9994 9.995E-005
0.0432167 0.0324012 0.610902 0.110064 0.0827615 0.0410026 0.0796519
9.995E-005 9.995E-005 0.9994 9.995E-005 9.995E-005 9.995E-005 9.995E-005
9.995E-005 9.995E-005 0.9994 9.995E-005 9.995E-005 9.995E-005 9.995E-005
9.995E-005 9.995E-005 9.995E-005 9.995E-005 9.995E-005 0.9994 9.995E-005
9.99505E-005 9.99505E-005 9.99505E-005 9.99505E-005 9.99505E-005 9.99505E-005 0.9994
0.0355372 0.0349538 0.266905 0.65836 9.9991E-005 0.00233805 0.00180562
9.995E-005 9.995E-005 0.9994 9.995E-005 9.995E-005 9.995E-005 9.995E-005
9.995E-005 9.995E-005 0.9994 9.995E-005 9.995E-005 9.995E-005 9.995E-005
9.995E-005 9.995E-005 0.9994 9.995E-005 9.995E-005 9.995E-005 9.995E-005
9.9955E-005 9.9955E-005 0.997733 9.9955E-005 9.9955E-005 9.9955E-005 0.00176751
9.995E-005 9.995E-005 0.9994 9.995E-005 9.995E-005 9.995E-005 9.995E-005
9.995E-005 9.995E-005 0.9994 9.995E-005 9.995E-005 9.995E-005 9.995E-005
