0.0242518 9.9946E-005 9.9946E-005 9.9946E-005 0.0227351 0.0137337 9.9946E-005 0.0267307 0.0271685 9.9946E-005 9.9946E-005 0.88478
0.0394126 9.9955E-005 9.9955E-005 9.9955E-005 0.0142569 0.00983724 0.00419601 0.0126899 0.0186989 9.9955E-005 9.9955E-005 0.900409
0.901866 9.9973E-005 0.00299066 9.9973E-005 0.0261906 0.00185976 0.00088832 0.044836 0.0187019 0.00151214 9.9973E-005 0.00085501
0.897896 9.9946E-005 9.9946E-005 9.9946E-005 0.0198447 0.00186074 9.9946E-005 0.0586342 0.0156751 9.9946E-005 9.9946E-005 0.00548923
0.924223 9.9973E-005 9.9973E-005 0.000524456 0.026146 0.012342 0.0027459 0.0294363 9.9973E-005 0.00229199 0.00186173 0.000128833
0.998901 9.99011E-005 9.99011E-005 9.99011E-005 9.99011E-005 9.99011E-005 9.99011E-005 9.99011E-005 9.99011E-005 9.99011E-005 9.99011E-005 9.99011E-005
0.989402 9.9919E-005 9.9919E-005 9.9919E-005 9.9919E-005 9.9919E-005 9.9919E-005 0.00861275 9.9919E-005 9.9919E-005 0.00108622 9.9919E-005
0.998901 9.99011E-005 9.99011E-005 9.99011E-005 9.99011E-005 9.99011E-005 9.99011E-005 9.99011E-005 9.99011E-005 9.99011E-005 9.99011E-005 9.99011E-005
9.9919E-005 9.9919E-005 9.9919E-005 0.983453 9.9919E-005 9.9919E-005 9.9919E-005 9.9919E-005 9.9919E-005 0.00668546 0.0089625 9.9919E-005
9.99191E-005 9.99191E-005 9.99191E-005 0.00148005 0.99496 9.99191E-005 9.99191E-005 9.99191E-005 9.99191E-005 0.00266042 9.99191E-005 9.99191E-005
9.9928E-005 9.9928E-005 9.9928E-005 0.00104862 0.994668 9.9928E-005 0.00064999 9.9928E-005 9.9928E-005 0.00283417 9.9928E-005 9.9928E-005
9.9919E-005 9.9919E-005 9.9919E-005 9.9919E-005 9.9919E-005 9.9919E-005 0.00527083 9.9919E-005 9.9919E-005 0.000908906 0.992921 9.9919E-005
9.9928E-005 9.9928E-005 9.9928E-005 0.000634423 0.994526 9.9928E-005 0.00325842 9.9928E-005 9.9928E-005 0.000781361 9.9928E-005 9.9928E-005
9.9937E-005 9.9937E-005 9.9937E-005 9.9937E-005 0.984893 9.9937E-005 0.00425945 9.9937E-005 9.9937E-005 0.000497217 0.0014253 0.00822596
9.9928E-005 9.9928E-005 9.9928E-005 9.9928E-005 0.992338 9.9928E-005 0.00297791 9.9928E-005 9.9928E-005 0.00272829 0.00115613 9.9928E-005
9.9937E-005 9.9937E-005 9.9937E-005 0.000501446 0.994041 9.9937E-005 0.002236 9.9937E-005 9.9937E-005 0.000195053 9.9937E-005 0.00232665
9.99011E-005 9.99011E-005 9.99011E-005 9.99011E-005 9.99011E-005 9.99011E-005 9.99011E-005 9.99011E-005 9.99011E-005 9.99011E-005 0.998901 9.99011E-005
0.00707666 0.000916639 9.9928E-005 9.9928E-005 9.9928E-005 9.9928E-005 9.9928E-005 0.983039 9.9928E-005 9.9928E-005 9.9928E-005 0.00816824
9.99011E-005 9.99011E-005 9.99011E-005 9.99011E-005 9.99011E-005 9.99011E-005 9.99011E-005 9.99011E-005 9.99011E-005 9.99011E-005 9.99011E-005 0.998901
9.99101E-005 9.99101E-005 9.99101E-005 0.00190911 9.99101E-005 9.99101E-005 9.99101E-005 9.99101E-005 9.99101E-005 9.99101E-005 9.99101E-005 0.997092
9.99011E-005 9.99011E-005 9.99011E-005 9.99011E-005 9.99011E-005 9.99011E-005 9.99011E-005 9.99011E-005 9.99011E-005 9.99011E-005 9.99011E-005 0.998901
9.99011E-005 9.99011E-005 9.99011E-005 9.99011E-005 9.99011E-005 9.99011E-005 9.99011E-005 9.99011E-005 9.99011E-005 9.99011E-005 9.99011E-005 0.998901
9.99011E-005 9.99011E-005 9.99011E-005 9.99011E-005 9.99011E-005 9.99011E-005 9.99011E-005 9.99011E-005 9.99011E-005 9.99011E-005 9.99011E-005 0.998901
9.99101E-005 9.99101E-005 9.99101E-005 9.99101E-005 9.99101E-005 9.99101E-005 9.99101E-005 0.000964072 9.99101E-005 9.99101E-005 9.99101E-005 0.998037
9.99011E-005 9.99011E-005 9.99011E-005 9.99011E-005 9.99011E-005 9.99011E-005 9.99011E-005 9.99011E-005 9.99011E-005 9.99011E-005 9.99011E-005 0.998901
9.99101E-005 9.99101E-005 9.99101E-005 9.99101E-005 0.0021324 9.99101E-005 9.99101E-005 9.99101E-005 9.99101E-005 9.99101E-005 9.99101E-005 0.996868
0.00135765 9.9928E-005 9.9928E-005 9.9928E-005 9.9928E-005 9.9928E-005 9.9928E-005 0.00383122 9.9928E-005 0.000714708 9.9928E-005 0.993297
9.99101E-005 9.99101E-005 9.99101E-005 9.99101E-005 9.99101E-005 9.99101E-005 9.99101E-005 9.99101E-005 9.99101E-005 0.00397333 9.99101E-005 0.995028
0.00379963 9.9937E-005 9.9937E-005 9.9937E-005 0.00134424 0.879387 9.9937E-005 9.9937E-005 0.0874467 9.9937E-005 9.9937E-005 0.0273233
0.0119877 9.99191E-005 9.99191E-005 9.99191E-005 9.99191E-005 0.914186 9.99191E-005 9.99191E-005 0.0729266 9.99191E-005 9.99191E-005 9.99191E-005
9.99011E-005 9.99011E-005 9.99011E-005 9.99011E-005 9.99011E-005 0.998901 9.99011E-005 9.99011E-005 9.99011E-005 9.99011E-005 9.99011E-005 9.99011E-005
9.99101E-005 9.99101E-005 0.000165476 9.99101E-005 9.99101E-005 0.998835 9.99101E-005 9.99101E-005 9.99101E-005 9.99101E-005 9.99101E-005 9.99101E-005
9.9919E-005 9.9919E-005 9.9919E-005 9.9919E-005 9.9919E-005 0.992519 9.9919E-005 9.9919E-005 0.00336657 9.9919E-005 9.9919E-005 0.00321478
9.99011E-005 9.99011E-005 9.99011E-005 9.99011E-005 9.99011E-005 9.99011E-005 9.99011E-005 0.998901 9.99011E-005 9.99011E-005 9.99011E-005 9.99011E-005
9.99011E-005 9.99011E-005 9.99011E-005 9.99011E-005 9.99011E-005 9.99011E-005 9.99011E-005 0.998901 9.99011E-005 9.99011E-005 9.99011E-005 9.99011E-005
9.99011E-005 9.99011E-005 9.99011E-005 9.99011E-005 9.99011E-005 9.99011E-005 9.99011E-005 0.998901 9.99011E-005 9.99011E-005 9.99011E-005 9.99011E-005
9.99101E-005 9.99101E-005 9.99101E-005 9.99101E-005 9.99101E-005 0.00036928 9.99101E-005 0.998632 9.99101E-005 9.99101E-005 9.99101E-005 9.99101E-005
9.99191E-005 9.99191E-005 0.00144622 9.99191E-005 9.99191E-005 9.99191E-005 0.985212 9.99191E-005 9.99191E-005 9.99191E-005 0.0124421 9.99191E-005
9.9928E-005 0.00090451 9.9928E-005 9.9928E-005 9.9928E-005 0.990996 9.9928E-005 0.00225241 9.9928E-005 9.9928E-005 9.9928E-005 0.00504758
9.9937E-005 9.9937E-005 0.00237288 9.9937E-005 0.00486228 0.988566 9.9937E-005 0.00245494 9.9937E-005 0.00104461 9.9937E-005 9.9937E-005
0.00487056 9.9919E-005 9.9919E-005 9.9919E-005 9.9919E-005 0.993736 9.9919E-005 9.9919E-005 9.9919E-005 0.000494555 9.9919E-005 9.9919E-005
9.9919E-005 9.9919E-005 0.00319026 9.9919E-005 9.9919E-005 0.993473 9.9919E-005 9.9919E-005 9.9919E-005 0.00243701 9.9919E-005 9.9919E-005
9.99101E-005 9.99101E-005 0.992757 9.99101E-005 9.99101E-005 9.99101E-005 9.99101E-005 9.99101E-005 9.99101E-005 9.99101E-005 0.00624394 9.99101E-005
9.996E-005 0.0388335 0.920328 0.023987 0.00190455 9.996E-005 0.0100005 9.996E-005 0.00207892 0.00193624 9.996E-005 0.000531736
9.99011E-005 9.99011E-005 0.998901 9.99011E-005 9.99011E-005 9.99011E-005 9.99011E-005 9.99011E-005 9.99011E-005 9.99011E-005 9.99011E-005 9.99011E-005
0.00277602 9.99191E-005 0.98195 0.0143749 9.99191E-005 9.99191E-005 9.99191E-005 9.99191E-005 9.99191E-005 9.99191E-005 9.99191E-005 9.99191E-005
9.9937E-005 0.00790388 0.305414 0.682437 9.9937E-005 9.9937E-005 9.9937E-005 9.9937E-005 9.9937E-005 0.000703319 9.9937E-005 0.00284289
9.9919E-005 0.0349718 0.237044 0.727085 9.9919E-005 9.9919E-005 9.9919E-005 9.9919E-005 9.9919E-005 9.9919E-005 9.9919E-005 9.9919E-005
9.9937E-005 0.000317798 0.250312 0.730505 9.9937E-005 9.9937E-005 0.00254486 9.9937E-005 9.9937E-005 9.9937E-005 0.0156202 9.9937E-005
9.9928E-005 0.0137228 0.258729 0.715712 9.9928E-005 9.9928E-005 0.0110363 9.9928E-005 9.9928E-005 9.9928E-005 9.9928E-005 9.9928E-005
0.0110587 9.99338E-005 0.0048888 9.99338E-005 0.981677 9.99338E-005 9.99338E-005 9.99338E-005 9.99338E-005 0.00157568 9.99338E-005 9.99338E-005
0.0188261 9.9955E-005 9.9955E-005 0.000977104 0.952736 9.9955E-005 9.9955E-005 0.00637681 0.0086099 0.00290921 9.9955E-005 0.00906549
0.02655 9.9937E-005 9.9937E-005 9.9937E-005 0.965599 9.9937E-005 9.9937E-005 0.00206956 0.00405343 9.9937E-005 0.00102824 9.9937E-005
0.00639672 9.99101E-005 9.99101E-005 9.99101E-005 0.992604 9.99101E-005 9.99101E-005 9.99101E-005 9.99101E-005 9.99101E-005 9.99101E-005 9.99101E-005
9.9937E-005 0.000386227 0.00156017 9.9937E-005 0.990099 9.9937E-005 0.00182908 9.9937E-005 9.9937E-005 0.00542602 9.9937E-005 9.9937E-005
9.99011E-005 9.99011E-005 9.99011E-005 9.99011E-005 0.998901 9.99011E-005 9.99011E-005 9.99011E-005 9.99011E-005 9.99011E-005 9.99011E-005 9.99011E-005
9.99011E-005 9.99011E-005 9.99011E-005 9.99011E-005 9.99011E-005 9.99011E-005 9.99011E-005 9.99011E-005 9.99011E-005 0.998901 9.99011E-005 9.99011E-005
9.99011E-005 9.99011E-005 9.99011E-005 0.998901 9.99011E-005 9.99011E-005 9.99011E-005 9.99011E-005 9.99011E-005 9.99011E-005 9.99011E-005 9.99011E-005
9.99431E-005 9.99431E-005 0.000526631 9.99431E-005 9.99431E-005 9.99431E-005 0.00136632 9.99431E-005 0.000507305 0.992101 9.99431E-005 0.00479908
9.99011E-005 9.99011E-005 9.99011E-005 0.998901 9.99011E-005 9.99011E-005 9.99011E-005 9.99011E-005 9.99011E-005 9.99011E-005 9.99011E-005 9.99011E-005
9.99011E-005 9.99011E-005 9.99011E-005 0.998901 9.99011E-005 9.99011E-005 9.99011E-005 9.99011E-005 9.99011E-005 9.99011E-005 9.99011E-005 9.99011E-005
0.912146 9.9964E-005 9.9964E-005 0.000216878 0.0193319 0.00355942 9.9964E-005 0.0302088 0.0243013 0.00108487 9.9964E-005 0.00875057
0.995781 9.991E-005 9.991E-005 9.991E-005 9.991E-005 9.991E-005 9.991E-005 9.991E-005 0.00321954 9.991E-005 9.991E-005 9.991E-005
0.998901 9.99011E-005 9.99011E-005 9.99011E-005 9.99011E-005 9.99011E-005 9.99011E-005 9.99011E-005 9.99011E-005 9.99011E-005 9.99011E-005 9.99011E-005
0.924486 9.9964E-005 9.9964E-005 0.00134831 0.0359426 0.00204216 9.9964E-005 0.0235227 0.00550014 0.000789194 9.9964E-005 0.00596896
0.926156 9.9964E-005 9.9964E-005 0.00187182 0.0219518 0.0119412 0.00010367 0.0242516 0.00328437 9.9964E-005 9.9964E-005 0.0100393
0.998901 9.99011E-005 9.99011E-005 9.99011E-005 9.99011E-005 9.99011E-005 9.99011E-005 9.99011E-005 9.99011E-005 9.99011E-005 9.99011E-005 9.99011E-005
9.99011E-005 9.99011E-005 0.998901 9.99011E-005 9.99011E-005 9.99011E-005 9.99011E-005 9.99011E-005 9.99011E-005 9.99011E-005 9.99011E-005 9.99011E-005
9.994E-005 0.0140818 0.950395 0.00610358 9.994E-005 0.00374077 9.994E-005 9.994E-005 9.994E-005 0.0073924 0.0176866 9.994E-005
9.99011E-005 9.99011E-005 0.998901 9.99011E-005 9.99011E-005 9.99011E-005 9.99011E-005 9.99011E-005 9.99011E-005 9.99011E-005 9.99011E-005 9.99011E-005
9.99018E-005 9.99018E-005 0.998901 9.99018E-005 9.99018E-005 9.99018E-005 9.99018E-005 9.99018E-005 9.99018E-005 9.99018E-005 9.99018E-005 9.99018E-005
9.99101E-005 9.99101E-005 0.998412 9.99101E-005 9.99101E-005 9.99101E-005 9.99101E-005 9.99101E-005 9.99101E-005 0.000588967 9.99101E-005 9.99101E-005
9.99101E-005 9.99101E-005 0.916141 0.0828596 9.99101E-005 9.99101E-005 9.99101E-005 9.99101E-005 9.99101E-005 9.99101E-005 9.99101E-005 9.99101E-005
9.9928E-005 0.0319885 0.964223 9.9928E-005 9.9928E-005 9.9928E-005 0.00282984 9.9928E-005 9.9928E-005 9.9928E-005 9.9928E-005 0.000158758
9.9928E-005 0.0442528 0.89207 0.0454631 9.9928E-005 9.9928E-005 0.0174143 9.9928E-005 9.9928E-005 9.9928E-005 9.9928E-005 9.9928E-005
9.9946E-005 0.0430129 0.921005 0.0172483 0.000820988 9.9946E-005 9.9946E-005 9.9946E-005 9.9946E-005 0.00359618 0.013717 9.9946E-005
9.99101E-005 9.99101E-005 0.997266 9.99101E-005 9.99101E-005 9.99101E-005 9.99101E-005 9.99101E-005 9.99101E-005 9.99101E-005 9.99101E-005 0.00173532
9.99191E-005 0.0468288 0.934451 9.99191E-005 9.99191E-005 9.99191E-005 0.0178208 9.99191E-005 9.99191E-005 9.99191E-005 9.99191E-005 9.99191E-005
9.99281E-005 0.0771365 0.906206 0.00108847 9.99281E-005 9.99281E-005 0.0147691 9.99281E-005 9.99281E-005 9.99281E-005 9.99281E-005 9.99281E-005
9.9937E-005 0.0192413 0.947709 9.9937E-005 9.9937E-005 9.9937E-005 9.9937E-005 9.9937E-005 0.00357915 0.00980243 0.0189687 9.9937E-005
9.99191E-005 0.0403135 0.95033 9.99191E-005 9.99191E-005 9.99191E-005 9.99191E-005 9.99191E-005 9.99191E-005 9.99191E-005 0.00845746 9.99191E-005
0.894301 9.99447E-005 9.99447E-005 9.99447E-005 0.0287738 9.99447E-005 9.99447E-005 0.0533984 0.010689 9.99447E-005 9.99447E-005 0.0121387
0.0386173 9.9937E-005 9.9937E-005 9.9937E-005 0.0229347 9.9937E-005 9.9937E-005 0.922316 0.01216 9.9937E-005 9.9937E-005 0.00327206
9.99101E-005 9.99101E-005 9.99101E-005 9.99101E-005 0.00193487 9.99101E-005 9.99101E-005 0.997066 9.99101E-005 9.99101E-005 9.99101E-005 9.99101E-005
0.00179968 0.0123351 9.99191E-005 9.99191E-005 9.99191E-005 9.99191E-005 0.984966 9.99191E-005 9.99191E-005 9.99191E-005 9.99191E-005 9.99191E-005
9.99191E-005 9.99191E-005 0.00478782 9.99191E-005 9.99191E-005 9.99191E-005 0.990136 9.99191E-005 9.99191E-005 9.99191E-005 0.00417689 9.99191E-005
9.99101E-005 9.99101E-005 9.99101E-005 9.99101E-005 0.00448393 9.99101E-005 9.99101E-005 0.994517 9.99101E-005 9.99101E-005 9.99101E-005 9.99101E-005
0.317364 0.00330915 9.9982E-005 0.00451663 0.129594 0.0214358 0.00165802 0.443162 0.0303622 0.00435314 9.9982E-005 0.0440452
0.230206 9.9982E-005 0.0679396 0.00253293 0.140963 0.053729 0.0184601 0.346658 9.9982E-005 0.0639796 0.0211067 0.0542249
9.9901E-005 9.9901E-005 9.9901E-005 9.9901E-005 9.9901E-005 9.9901E-005 9.9901E-005 9.9901E-005 0.998901 9.9901E-005 9.9901E-005 9.9901E-005
0.00539524 9.9928E-005 9.9928E-005 9.9928E-005 9.9928E-005 0.0190867 9.9928E-005 9.9928E-005 0.970891 9.9928E-005 9.9928E-005 0.00382778
9.99011E-005 9.99011E-005 9.99011E-005 9.99011E-005 9.99011E-005 9.99011E-005 0.998901 9.99011E-005 9.99011E-005 9.99011E-005 9.99011E-005 9.99011E-005
9.99011E-005 9.99011E-005 9.99011E-005 9.99011E-005 9.99011E-005 9.99011E-005 0.998901 9.99011E-005 9.99011E-005 9.99011E-005 9.99011E-005 9.99011E-005
9.9901E-005 9.9901E-005 9.9901E-005 9.9901E-005 9.9901E-005 9.9901E-005 9.9901E-005 9.9901E-005 0.998901 9.9901E-005 9.9901E-005 9.9901E-005
0.336332 9.9957E-005 9.9957E-005 9.9957E-005 0.12564 0.0260415 0.000184864 0.447928 0.0268514 9.9957E-005 9.9957E-005 0.0365235
9.99011E-005 9.99011E-005 9.99011E-005 9.99011E-005 9.99011E-005 9.99011E-005 0.998901 9.99011E-005 9.99011E-005 9.99011E-005 9.99011E-005 9.99011E-005
9.9901E-005 9.9901E-005 9.9901E-005 9.9901E-005 9.9901E-005 9.9901E-005 9.9901E-005 9.9901E-005 0.998901 9.9901E-005 9.9901E-005 9.9901E-005
0.0229456 0.00112283 9.9973E-005 0.00450222 0.0425874 0.00906323 9.9973E-005 0.911382 0.00195284 0.00171047 0.00443301 9.9973E-005
0.0108834 9.9937E-005 9.9937E-005 9.9937E-005 0.0061146 9.9937E-005 9.9937E-005 0.978311 0.00179453 9.9937E-005 9.9937E-005 0.00219674
0.243688 0.0062815 0.0168776 0.0151456 0.143493 0.0258458 0.00688572 0.440376 0.0181862 0.0374002 0.0122384 0.0335824
0.128998 9.9973E-005 9.9973E-005 0.00506665 0.115075 0.112848 9.9973E-005 0.133412 0.218605 0.0060009 0.00930936 0.270386
0.0171851 9.9928E-005 9.9928E-005 9.9928E-005 0.00859338 0.00542744 9.9928E-005 0.967995 9.9928E-005 9.9928E-005 9.9928E-005 9.9928E-005
9.9928E-005 9.9928E-005 9.9928E-005 9.9928E-005 0.0120812 9.9928E-005 9.9928E-005 0.969381 0.00820085 9.9928E-005 9.9928E-005 0.00953746
0.0145359 9.99862E-005 0.000471611 0.00052257 0.0165026 0.00360706 0.00197195 0.957355 0.00300747 0.000629274 9.99862E-005 0.00119704
9.9928E-005 9.9928E-005 9.9928E-005 9.9928E-005 9.9928E-005 9.9928E-005 0.954261 0.00690377 9.9928E-005 0.00346577 0.0345698 9.9928E-005
0.0178503 9.9955E-005 9.9955E-005 0.00342117 0.00238066 0.00600762 0.000232624 0.969079 0.000528719 9.9955E-005 9.9955E-005 9.9955E-005
9.99391E-005 9.99391E-005 0.0127451 9.99391E-005 0.0015788 9.99391E-005 0.974782 9.99391E-005 9.99391E-005 0.000899647 0.00929469 9.99391E-005
9.99011E-005 9.99011E-005 9.99011E-005 9.99011E-005 9.99011E-005 9.99011E-005 9.99011E-005 0.998901 9.99011E-005 9.99011E-005 9.99011E-005 9.99011E-005
9.99191E-005 0.00277114 0.00987667 9.99191E-005 9.99191E-005 9.99191E-005 0.986453 9.99191E-005 9.99191E-005 9.99191E-005 9.99191E-005 9.99191E-005
9.9919E-005 9.9919E-005 9.9919E-005 9.9919E-005 0.00695026 0.985569 9.9919E-005 9.9919E-005 9.9919E-005 9.9919E-005 9.9919E-005 0.0065819
9.99011E-005 9.99011E-005 9.99011E-005 9.99011E-005 9.99011E-005 9.99011E-005 9.99011E-005 0.998901 9.99011E-005 9.99011E-005 9.99011E-005 9.99011E-005
0.00950475 9.9964E-005 9.9964E-005 9.9964E-005 0.0150466 0.855699 0.000277407 0.00591952 0.0804103 9.9964E-005 0.000435014 0.0323075
9.99114E-005 9.99114E-005 9.99114E-005 0.00177183 9.99114E-005 9.99114E-005 9.99114E-005 0.997229 9.99114E-005 9.99114E-005 9.99114E-005 9.99114E-005
9.9919E-005 9.9919E-005 9.9919E-005 9.9919E-005 9.9919E-005 9.9919E-005 9.9919E-005 0.990672 0.00441173 9.9919E-005 9.9919E-005 0.00401661
9.99011E-005 9.99011E-005 9.99011E-005 9.99011E-005 9.99011E-005 9.99011E-005 9.99011E-005 0.998901 9.99011E-005 9.99011E-005 9.99011E-005 9.99011E-005
9.99011E-005 9.99011E-005 9.99011E-005 9.99011E-005 9.99011E-005 9.99011E-005 9.99011E-005 0.998901 9.99011E-005 9.99011E-005 9.99011E-005 9.99011E-005
9.99101E-005 9.99101E-005 9.99101E-005 9.99101E-005 9.99101E-005 9.99101E-005 0.998194 0.000807304 9.99101E-005 9.99101E-005 9.99101E-005 9.99101E-005
0.96216 9.9928E-005 9.9928E-005 9.9928E-005 0.0227336 9.9928E-005 9.9928E-005 0.000732824 9.9928E-005 9.9928E-005 9.9928E-005 0.0135742
0.961821 9.9919E-005 9.9919E-005 9.9919E-005 0.0181488 9.9919E-005 9.9919E-005 9.9919E-005 9.9919E-005 9.9919E-005 9.9919E-005 0.0191309
0.927675 9.9946E-005 9.9946E-005 9.9946E-005 0.0145278 0.00104038 9.9946E-005 0.0372438 0.013121 9.9946E-005 9.9946E-005 0.00579195
9.9937E-005 9.9937E-005 9.9937E-005 9.9937E-005 0.992763 0.000455024 0.00158832 0.00425982 9.9937E-005 9.9937E-005 9.9937E-005 0.000233973
0.00593012 0.0121068 9.9946E-005 9.9946E-005 0.00564639 9.9946E-005 0.968137 9.9946E-005 0.00299722 0.00458288 9.9946E-005 9.9946E-005
0.016364 9.9928E-005 9.9928E-005 9.9928E-005 0.963289 9.9928E-005 9.9928E-005 0.0166986 0.00284899 9.9928E-005 9.9928E-005 9.9928E-005
9.99101E-005 9.99101E-005 9.99101E-005 9.99101E-005 0.996791 0.00220959 9.99101E-005 9.99101E-005 9.99101E-005 9.99101E-005 9.99101E-005 9.99101E-005
0.0196691 9.9946E-005 9.9946E-005 9.9946E-005 0.968038 0.000509587 9.9946E-005 0.00723625 9.9946E-005 9.9946E-005 0.00158004 0.00236758
9.99011E-005 9.99011E-005 9.99011E-005 9.99011E-005 0.998901 9.99011E-005 9.99011E-005 9.99011E-005 9.99011E-005 9.99011E-005 9.99011E-005 9.99011E-005
9.99101E-005 9.99101E-005 9.99101E-005 9.99101E-005 0.998198 9.99101E-005 9.99101E-005 9.99101E-005 0.000803165 9.99101E-005 9.99101E-005 9.99101E-005
0.00456359 9.99101E-005 9.99101E-005 9.99101E-005 9.99101E-005 0.994437 9.99101E-005 9.99101E-005 9.99101E-005 9.99101E-005 9.99101E-005 9.99101E-005
9.99011E-005 9.99011E-005 9.99011E-005 9.99011E-005 9.99011E-005 0.998901 9.99011E-005 9.99011E-005 9.99011E-005 9.99011E-005 9.99011E-005 9.99011E-005
0.00856006 9.99101E-005 9.99101E-005 9.99101E-005 9.99101E-005 0.990441 9.99101E-005 9.99101E-005 9.99101E-005 9.99101E-005 9.99101E-005 9.99101E-005
9.9946E-005 0.00253966 9.9946E-005 0.00175646 0.000572277 0.989217 9.9946E-005 0.00403436 9.9946E-005 0.00128074 9.9946E-005 9.9946E-005
9.9937E-005 9.9937E-005 9.9937E-005 9.9937E-005 0.949786 0.00664054 0.0287276 0.00358736 0.0105591 9.9937E-005 9.9937E-005 9.9937E-005
0.0191283 9.9928E-005 9.9928E-005 9.9928E-005 9.9928E-005 0.896354 9.9928E-005 0.0029551 0.0807635 9.9928E-005 9.9928E-005 9.9928E-005
9.99011E-005 9.99011E-005 9.99011E-005 9.99011E-005 0.998901 9.99011E-005 9.99011E-005 9.99011E-005 9.99011E-005 9.99011E-005 9.99011E-005 9.99011E-005
0.00808596 9.9937E-005 9.9937E-005 9.9937E-005 0.96605 0.00202015 9.9937E-005 0.020182 0.00296256 9.9937E-005 9.9937E-005 9.9937E-005
0.0119565 9.9919E-005 9.9919E-005 9.9919E-005 0.95897 9.9919E-005 9.9919E-005 0.0281745 9.9919E-005 9.9919E-005 9.9919E-005 9.9919E-005
0.00488628 9.99225E-005 9.99225E-005 9.99225E-005 0.980791 9.99225E-005 9.99225E-005 0.0134236 9.99225E-005 9.99225E-005 9.99225E-005 9.99225E-005
0.021116 9.9919E-005 9.9919E-005 9.9919E-005 0.956147 9.9919E-005 9.9919E-005 0.021838 9.9919E-005 9.9919E-005 9.9919E-005 9.9919E-005
9.9946E-005 0.000497292 9.9946E-005 0.000946225 0.990091 0.00303114 9.9946E-005 9.9946E-005 9.9946E-005 0.00157017 9.9946E-005 0.00326402
0.014444 9.9955E-005 0.00110494 9.9955E-005 0.96651 0.00161018 9.9955E-005 0.00482596 0.00518139 9.9955E-005 9.9955E-005 0.00582397
0.0108699 9.9928E-005 9.9928E-005 9.9928E-005 0.957596 0.00183502 9.9928E-005 0.0288997 9.9928E-005 9.9928E-005 9.9928E-005 9.9928E-005
0.0256705 0.00281929 9.9955E-005 9.9955E-005 0.949666 0.000423915 9.9955E-005 0.00192028 9.9955E-005 0.00109931 9.9955E-005 0.0179014
0.0180745 0.00131158 9.9955E-005 9.9955E-005 0.966979 0.00914667 0.00140054 9.9955E-005 9.9955E-005 0.00245622 0.000132069 9.9955E-005
9.9946E-005 9.9946E-005 9.9946E-005 0.000199734 0.980335 0.00310729 9.9946E-005 9.9946E-005 0.00164887 0.00607901 9.9946E-005 0.00803027
9.99191E-005 9.99191E-005 9.99191E-005 9.99191E-005 0.980022 9.99191E-005 9.99191E-005 9.99191E-005 9.99191E-005 0.00117129 9.99191E-005 0.0179071
0.00963582 9.9937E-005 9.9937E-005 9.9937E-005 0.968335 0.0027768 9.9937E-005 0.0105991 0.007954 9.9937E-005 9.9937E-005 9.9937E-005
0.0170337 0.000293884 9.9955E-005 0.00206566 0.963747 0.00373067 9.9955E-005 0.012038 9.9955E-005 9.9955E-005 9.9955E-005 0.000591114
0.00277842 9.9928E-005 9.9928E-005 9.9928E-005 0.986165 0.00216841 9.9928E-005 0.0080888 9.9928E-005 9.9928E-005 9.9928E-005 9.9928E-005
0.0206117 0.0120764 9.99724E-005 9.99724E-005 0.936802 0.00992168 9.99724E-005 9.99724E-005 0.000595356 0.0106694 0.00234085 0.00658228
9.9928E-005 0.0376371 0.319439 0.629473 9.9928E-005 9.9928E-005 0.0126507 9.9928E-005 9.9928E-005 9.9928E-005 9.9928E-005 9.9928E-005
9.99191E-005 0.0386686 0.187993 0.77244 9.99191E-005 9.99191E-005 9.99191E-005 9.99191E-005 9.99191E-005 9.99191E-005 9.99191E-005 9.99191E-005
0.00298466 0.00674509 0.225161 0.76431 9.99337E-005 9.99337E-005 9.99337E-005 9.99337E-005 9.99337E-005 9.99337E-005 9.99337E-005 9.99337E-005
0.0083558 9.9964E-005 0.00456347 9.9964E-005 0.96073 0.00834478 9.9964E-005 0.00566065 9.9964E-005 0.00588151 0.00533737 0.000726953
0.109792 0.00529786 9.998E-005 0.0118859 0.124172 0.09358 9.998E-005 0.121096 0.22139 0.0218745 0.0330856 0.257626
9.9946E-005 9.9946E-005 9.9946E-005 9.9946E-005 9.9946E-005 0.000840221 0.000452439 0.00273519 0.00346674 0.991719 0.000186834 9.9946E-005
0.000909994 9.9937E-005 9.9937E-005 9.9937E-005 9.9937E-005 9.9937E-005 0.00424863 9.9937E-005 0.000839416 0.992852 0.000450121 9.9937E-005
9.99011E-005 9.99011E-005 9.99011E-005 9.99011E-005 9.99011E-005 9.99011E-005 9.99011E-005 9.99011E-005 9.99011E-005 0.998901 9.99011E-005 9.99011E-005
9.9927E-005 9.9927E-005 9.9927E-005 9.9927E-005 9.9927E-005 9.9927E-005 0.00289719 9.9927E-005 9.9927E-005 0.988686 0.00751764 9.9927E-005
9.99011E-005 9.99011E-005 9.99011E-005 9.99011E-005 9.99011E-005 9.99011E-005 9.99011E-005 9.99011E-005 9.99011E-005 0.998901 9.99011E-005 9.99011E-005
9.99011E-005 9.99011E-005 9.99011E-005 9.99011E-005 9.99011E-005 9.99011E-005 9.99011E-005 9.99011E-005 9.99011E-005 0.998901 9.99011E-005 9.99011E-005
9.991E-005 0.970139 0.0288615 9.991E-005 9.991E-005 9.991E-005 9.991E-005 9.991E-005 9.991E-005 9.991E-005 9.991E-005 9.991E-005
9.99011E-005 9.99011E-005 9.99011E-005 9.99011E-005 9.99011E-005 9.99011E-005 9.99011E-005 9.99011E-005 9.99011E-005 0.998901 9.99011E-005 9.99011E-005
9.99011E-005 9.99011E-005 9.99011E-005 0.998901 9.99011E-005 9.99011E-005 9.99011E-005 9.99011E-005 9.99011E-005 9.99011E-005 9.99011E-005 9.99011E-005
0.00630339 9.9964E-005 9.9964E-005 0.00350777 0.0016189 0.000398768 0.00330301 9.9964E-005 0.00763182 0.976287 9.9964E-005 0.000549714
9.99191E-005 9.99191E-005 0.00131123 0.00367922 9.99191E-005 9.99191E-005 9.99191E-005 9.99191E-005 9.99191E-005 0.99411 9.99191E-005 9.99191E-005
9.99011E-005 9.99011E-005 9.99011E-005 9.99011E-005 9.99011E-005 9.99011E-005 9.99011E-005 9.99011E-005 9.99011E-005 0.998901 9.99011E-005 9.99011E-005
9.99101E-005 9.99101E-005 9.99101E-005 9.99101E-005 9.99101E-005 9.99101E-005 9.99101E-005 9.99101E-005 9.99101E-005 0.997204 0.00179666 9.99101E-005
0.0117591 0.000256714 9.9946E-005 9.9946E-005 0.946659 9.9946E-005 9.9946E-005 0.0297992 0.00564209 9.9946E-005 9.9946E-005 0.00528375
9.99101E-005 0.00244974 9.99101E-005 9.99101E-005 9.99101E-005 9.99101E-005 9.99101E-005 9.99101E-005 9.99101E-005 0.996551 9.99101E-005 9.99101E-005
9.9919E-005 9.9919E-005 9.9919E-005 0.995213 9.9919E-005 9.9919E-005 9.9919E-005 9.9919E-005 9.9919E-005 0.000559903 0.00332808 9.9919E-005
9.996E-005 0.00191056 0.000448588 9.996E-005 0.984233 0.000134115 0.0029651 0.00854875 9.996E-005 0.00112023 0.000240278 9.996E-005
0.987128 9.9937E-005 9.9937E-005 9.9937E-005 0.00542275 0.000830809 9.9937E-005 9.9937E-005 0.00125007 9.9937E-005 9.9937E-005 0.00466885
0.000596524 9.9928E-005 9.9928E-005 9.9928E-005 0.000269374 9.9928E-005 9.9928E-005 9.9928E-005 0.000136677 0.998198 9.9928E-005 9.9928E-005
9.99191E-005 9.99191E-005 9.99191E-005 9.99191E-005 9.99191E-005 9.99191E-005 0.990173 9.99191E-005 9.99191E-005 0.000603206 0.00832492 9.99191E-005
9.9919E-005 9.9919E-005 9.9919E-005 9.9919E-005 9.9919E-005 9.9919E-005 0.966886 9.9919E-005 9.9919E-005 0.0038149 0.0283998 9.9919E-005
0.990419 9.9928E-005 9.9928E-005 9.9928E-005 9.9928E-005 0.00300677 9.9928E-005 0.00370151 0.00207377 9.9928E-005 9.9928E-005 9.9928E-005
9.99191E-005 9.99191E-005 9.99191E-005 9.99191E-005 9.99191E-005 9.99191E-005 0.979454 9.99191E-005 9.99191E-005 0.000557057 0.0190895 9.99191E-005
0.00347748 9.99235E-005 9.99235E-005 9.99235E-005 0.987593 9.99235E-005 9.99235E-005 0.00803009 9.99235E-005 9.99235E-005 9.99235E-005 9.99235E-005
0.00407659 9.9937E-005 9.9937E-005 9.9937E-005 0.982634 0.00399221 9.9937E-005 0.00714159 0.00145572 9.9937E-005 9.9937E-005 9.9937E-005
0.016707 9.995E-005 0.0018998 9.995E-005 0.930188 9.995E-005 0.0046229 0.0413639 0.00268491 0.00203409 9.995E-005 9.995E-005
9.99191E-005 9.99191E-005 9.99191E-005 9.99191E-005 0.992107 0.00111295 9.99191E-005 9.99191E-005 0.00588048 9.99191E-005 9.99191E-005 9.99191E-005
0.0365583 9.9937E-005 9.9937E-005 9.9937E-005 0.947841 0.000410607 9.9937E-005 0.0103111 0.00417955 9.9937E-005 9.9937E-005 9.9937E-005
0.013481 0.00342938 9.9964E-005 0.00443521 0.971613 9.9964E-005 0.000922272 0.000785166 9.9964E-005 0.00432138 0.000612347 9.9964E-005
9.9928E-005 0.00373767 0.00031239 9.9928E-005 0.993959 9.9928E-005 9.9928E-005 9.9928E-005 0.00119151 9.9928E-005 9.9928E-005 9.9928E-005
0.988651 9.9928E-005 9.9928E-005 9.9928E-005 0.00288702 9.9928E-005 9.9928E-005 0.00298018 9.9928E-005 9.9928E-005 9.9928E-005 0.00468237
0.994598 9.99101E-005 9.99101E-005 9.99101E-005 0.0044029 9.99101E-005 9.99101E-005 9.99101E-005 9.99101E-005 9.99101E-005 9.99101E-005 9.99101E-005
0.00840835 9.99101E-005 9.99101E-005 9.99101E-005 0.990593 9.99101E-005 9.99101E-005 9.99101E-005 9.99101E-005 9.99101E-005 9.99101E-005 9.99101E-005
0.00640794 0.0365715 0.219119 0.731317 9.9937E-005 9.9937E-005 0.00588513 9.9937E-005 9.9937E-005 9.9937E-005 9.9937E-005 9.9937E-005
9.991E-005 0.993415 0.00558634 9.991E-005 9.991E-005 9.991E-005 9.991E-005 9.991E-005 9.991E-005 9.991E-005 9.991E-005 9.991E-005
9.99011E-005 0.998901 9.99011E-005 9.99011E-005 9.99011E-005 9.99011E-005 9.99011E-005 9.99011E-005 9.99011E-005 9.99011E-005 9.99011E-005 9.99011E-005
0.0602404 0.734611 9.9973E-005 9.9973E-005 0.0786749 0.0269784 0.0141493 0.0116442 0.00552377 0.0492489 9.9973E-005 0.0186295
9.991E-005 0.969828 9.991E-005 0.0291727 9.991E-005 9.991E-005 9.991E-005 9.991E-005 9.991E-005 9.991E-005 9.991E-005 9.991E-005
0.00767915 0.0171049 0.000716662 0.957117 0.000451349 0.000835133 9.9964E-005 9.9964E-005 9.9964E-005 0.00569444 0.0100017 9.9964E-005
9.99191E-005 0.00843116 9.99191E-005 0.987173 9.99191E-005 9.99191E-005 0.00349607 9.99191E-005 9.99191E-005 9.99191E-005 9.99191E-005 9.99191E-005
9.99011E-005 9.99011E-005 9.99011E-005 0.998901 9.99011E-005 9.99011E-005 9.99011E-005 9.99011E-005 9.99011E-005 9.99011E-005 9.99011E-005 9.99011E-005
9.991E-005 0.966582 0.0324192 9.991E-005 9.991E-005 9.991E-005 9.991E-005 9.991E-005 9.991E-005 9.991E-005 9.991E-005 9.991E-005
0.998901 9.99011E-005 9.99011E-005 9.99011E-005 9.99011E-005 9.99011E-005 9.99011E-005 9.99011E-005 9.99011E-005 9.99011E-005 9.99011E-005 9.99011E-005
9.99011E-005 9.99011E-005 9.99011E-005 9.99011E-005 9.99011E-005 9.99011E-005 0.998901 9.99011E-005 9.99011E-005 9.99011E-005 9.99011E-005 9.99011E-005
0.581886 0.0184044 0.0305563 0.0353351 0.135554 0.046463 0.017802 9.9982E-005 9.9982E-005 0.0797622 0.0201869 0.0338505
0.985884 0.00170378 9.9946E-005 9.9946E-005 0.00641492 0.00320218 9.9946E-005 9.9946E-005 0.00130131 9.9946E-005 0.000894419 9.9946E-005
0.983378 0.00181504 9.9928E-005 9.9928E-005 0.00486414 0.00914344 9.9928E-005 9.9928E-005 9.9928E-005 9.9928E-005 9.9928E-005 9.9928E-005
9.99281E-005 0.00467718 9.99281E-005 0.00661303 0.00751177 9.99281E-005 0.980399 9.99281E-005 9.99281E-005 9.99281E-005 9.99281E-005 9.99281E-005
9.99191E-005 9.99191E-005 9.99191E-005 9.99191E-005 0.00296197 9.99191E-005 9.99191E-005 9.99191E-005 9.99191E-005 0.995597 0.000541445 9.99191E-005
0.132343 9.9955E-005 9.9955E-005 9.9955E-005 0.648106 0.0238737 9.9955E-005 0.14502 0.0184759 9.9955E-005 0.00166579 0.0300163
0.998901 9.99011E-005 9.99011E-005 9.99011E-005 9.99011E-005 9.99011E-005 9.99011E-005 9.99011E-005 9.99011E-005 9.99011E-005 9.99011E-005 9.99011E-005
0.998901 9.99011E-005 9.99011E-005 9.99011E-005 9.99011E-005 9.99011E-005 9.99011E-005 9.99011E-005 9.99011E-005 9.99011E-005 9.99011E-005 9.99011E-005
0.998901 9.99011E-005 9.99011E-005 9.99011E-005 9.99011E-005 9.99011E-005 9.99011E-005 9.99011E-005 9.99011E-005 9.99011E-005 9.99011E-005 9.99011E-005
0.997525 9.99191E-005 9.99191E-005 9.99191E-005 9.99191E-005 9.99191E-005 0.000991608 9.99191E-005 9.99191E-005 0.000584266 9.99191E-005 9.99191E-005
0.998901 9.99011E-005 9.99011E-005 9.99011E-005 9.99011E-005 9.99011E-005 9.99011E-005 9.99011E-005 9.99011E-005 9.99011E-005 9.99011E-005 9.99011E-005
0.998901 9.99011E-005 9.99011E-005 9.99011E-005 9.99011E-005 9.99011E-005 9.99011E-005 9.99011E-005 9.99011E-005 9.99011E-005 9.99011E-005 9.99011E-005
