0.0315351 9.9964E-005 0.0132091 9.9964E-005 0.902894 0.0139618 9.9964E-005 9.9964E-005 0.0214993 0.0165011
0.0432748 9.9973E-005 0.00581736 9.9973E-005 0.894476 0.0155775 0.00203154 9.9973E-005 0.0244538 0.0140695
0.889187 9.9991E-005 0.0143355 0.00126924 0.00369677 0.0548977 0.00358725 0.00356746 0.01248 0.0168795
0.890784 9.9955E-005 9.9955E-005 9.9955E-005 0.00793625 0.0608583 9.9955E-005 9.9955E-005 0.011405 0.028517
0.918491 0.00123408 9.9991E-005 0.00441933 0.000929566 0.0365441 0.00286679 0.000757875 0.00606935 0.0285877
0.99834 9.9928E-005 9.9928E-005 9.9928E-005 0.000860323 9.9928E-005 9.9928E-005 9.9928E-005 9.9928E-005 9.9928E-005
0.999101 9.99201E-005 9.99201E-005 9.99201E-005 9.99201E-005 9.99201E-005 9.99201E-005 9.99201E-005 9.99201E-005 9.99201E-005
0.997742 9.9928E-005 9.9928E-005 9.9928E-005 9.9928E-005 9.9928E-005 9.9928E-005 9.9928E-005 0.00145896 9.9928E-005
9.9937E-005 9.9937E-005 9.9937E-005 0.985063 9.9937E-005 9.9937E-005 0.010282 9.9937E-005 9.9937E-005 0.00395512
9.9964E-005 0.00149015 9.9964E-005 0.00393432 0.000968078 9.9964E-005 0.00290527 0.000185094 9.9964E-005 0.990117
9.995E-005 0.000817079 9.995E-005 0.0015674 9.995E-005 9.995E-005 0.00255943 0.00130019 9.995E-005 0.993256
9.9964E-005 0.0158871 0.0503465 0.0998389 0.00276832 9.9964E-005 0.0472816 0.783478 9.9964E-005 9.9964E-005
9.9946E-005 9.9946E-005 9.9946E-005 0.00702662 9.9946E-005 9.9946E-005 0.00158224 0.000356067 9.9946E-005 0.990435
9.9946E-005 9.9946E-005 9.9946E-005 9.9946E-005 0.00211784 9.9946E-005 0.0012995 0.00472788 9.9946E-005 0.991255
9.995E-005 9.995E-005 9.995E-005 0.00136115 0.00983414 9.995E-005 0.00301064 0.00316442 9.995E-005 0.98213
9.9937E-005 9.9937E-005 9.9937E-005 0.000582373 9.9937E-005 9.9937E-005 9.9937E-005 0.00272816 9.9937E-005 0.99599
9.9964E-005 0.0263883 0.0539319 0.100916 0.000764213 9.9964E-005 0.0480135 0.769586 9.9964E-005 9.9964E-005
0.0150179 9.9955E-005 0.00137107 9.9955E-005 0.00918521 0.972492 9.9955E-005 9.9955E-005 0.00143365 9.9955E-005
9.99201E-005 9.99201E-005 9.99201E-005 9.99201E-005 0.999101 9.99201E-005 9.99201E-005 9.99201E-005 9.99201E-005 9.99201E-005
9.9946E-005 0.000747261 9.9946E-005 9.9946E-005 0.992047 9.9946E-005 0.00515382 0.00145266 9.9946E-005 9.9946E-005
9.99201E-005 9.99201E-005 9.99201E-005 9.99201E-005 0.999101 9.99201E-005 9.99201E-005 9.99201E-005 9.99201E-005 9.99201E-005
9.99201E-005 9.99201E-005 9.99201E-005 9.99201E-005 0.999101 9.99201E-005 9.99201E-005 9.99201E-005 9.99201E-005 9.99201E-005
0.00299599 0.00124435 9.9955E-005 9.9955E-005 0.989187 0.000311618 9.9955E-005 9.9955E-005 0.0057613 9.9955E-005
0.00642047 9.9928E-005 9.9928E-005 9.9928E-005 0.99278 9.9928E-005 9.9928E-005 9.9928E-005 9.9928E-005 9.9928E-005
9.99201E-005 9.99201E-005 9.99201E-005 9.99201E-005 0.999101 9.99201E-005 9.99201E-005 9.99201E-005 9.99201E-005 9.99201E-005
9.99201E-005 9.99201E-005 9.99201E-005 9.99201E-005 0.999101 9.99201E-005 9.99201E-005 9.99201E-005 9.99201E-005 9.99201E-005
9.99201E-005 9.99201E-005 9.99201E-005 9.99201E-005 0.999101 9.99201E-005 9.99201E-005 9.99201E-005 9.99201E-005 9.99201E-005
9.9946E-005 9.9946E-005 9.9946E-005 0.00251331 0.994168 9.9946E-005 0.00261457 0.000104215 9.9946E-005 9.9946E-005
0.00396128 9.9964E-005 9.9964E-005 0.00162702 0.0200028 9.9964E-005 9.9964E-005 0.00126857 0.965987 0.00675324
0.0223555 9.9946E-005 9.9946E-005 9.9946E-005 0.0040552 0.000874632 9.9946E-005 9.9946E-005 0.972115 9.9946E-005
9.99201E-005 9.99201E-005 9.99201E-005 9.99201E-005 9.99201E-005 9.99201E-005 9.99201E-005 9.99201E-005 0.999101 9.99201E-005
9.99201E-005 9.99201E-005 9.99201E-005 9.99201E-005 9.99201E-005 9.99201E-005 9.99201E-005 9.99201E-005 0.999101 9.99201E-005
9.99201E-005 9.99201E-005 9.99201E-005 9.99201E-005 9.99201E-005 9.99201E-005 9.99201E-005 9.99201E-005 0.999101 9.99201E-005
9.99201E-005 9.99201E-005 9.99201E-005 9.99201E-005 9.99201E-005 0.999101 9.99201E-005 9.99201E-005 9.99201E-005 9.99201E-005
9.99201E-005 9.99201E-005 9.99201E-005 9.99201E-005 9.99201E-005 0.999101 9.99201E-005 9.99201E-005 9.99201E-005 9.99201E-005
9.99201E-005 9.99201E-005 9.99201E-005 9.99201E-005 9.99201E-005 0.999101 9.99201E-005 9.99201E-005 9.99201E-005 9.99201E-005
9.99201E-005 9.99201E-005 9.99201E-005 9.99201E-005 9.99201E-005 0.999101 9.99201E-005 9.99201E-005 9.99201E-005 9.99201E-005
9.99201E-005 9.99201E-005 9.99201E-005 9.99201E-005 9.99201E-005 9.99201E-005 9.99201E-005 0.999101 9.99201E-005 9.99201E-005
9.99201E-005 9.99201E-005 9.99201E-005 9.99201E-005 9.99201E-005 9.99201E-005 9.99201E-005 9.99201E-005 0.999101 9.99201E-005
9.9928E-005 9.9928E-005 9.9928E-005 9.9928E-005 9.9928E-005 9.9928E-005 0.00236197 9.9928E-005 0.996839 9.9928E-005
9.99201E-005 9.99201E-005 9.99201E-005 9.99201E-005 9.99201E-005 9.99201E-005 9.99201E-005 9.99201E-005 0.999101 9.99201E-005
9.9928E-005 9.9928E-005 9.9928E-005 9.9928E-005 9.9928E-005 9.9928E-005 0.000460123 9.9928E-005 0.99874 9.9928E-005
9.9937E-005 9.9937E-005 9.9937E-005 0.990511 0.00466127 9.9937E-005 0.00412859 9.9937E-005 9.9937E-005 9.9937E-005
9.996E-005 0.0668268 9.996E-005 0.906884 9.996E-005 9.996E-005 0.00347117 0.0122227 0.00640766 0.00378838
9.9928E-005 9.9928E-005 9.9928E-005 0.993108 0.00609235 9.9928E-005 9.9928E-005 9.9928E-005 9.9928E-005 9.9928E-005
0.00846101 0.0120855 9.9946E-005 0.977111 9.9946E-005 9.9946E-005 9.9946E-005 0.00174316 9.9946E-005 9.9946E-005
9.995E-005 9.995E-005 9.995E-005 0.987243 9.995E-005 9.995E-005 0.00325361 0.000897139 0.00638303 0.00172387
0.00254635 9.9946E-005 9.9946E-005 0.994999 9.9946E-005 9.9946E-005 9.9946E-005 9.9946E-005 0.00154111 0.000314248
9.9928E-005 9.9928E-005 9.9928E-005 0.996647 9.9928E-005 9.9928E-005 9.9928E-005 0.00255402 9.9928E-005 9.9928E-005
9.9946E-005 9.9946E-005 0.00226326 0.990694 9.9946E-005 9.9946E-005 9.9946E-005 0.004433 9.9946E-005 0.00200986
9.9946E-005 0.000313776 0.0209863 9.9946E-005 9.9946E-005 9.9946E-005 9.9946E-005 0.000859062 9.9946E-005 0.977241
0.00456412 9.9973E-005 9.9973E-005 0.00119827 0.0158693 0.0112468 0.000720244 9.9973E-005 0.00610941 0.959992
0.0123886 9.9946E-005 9.9946E-005 9.9946E-005 9.9946E-005 0.0106393 9.9946E-005 9.9946E-005 0.00476492 0.971608
9.99417E-005 9.99417E-005 9.99417E-005 9.99417E-005 9.99417E-005 0.00389728 9.99417E-005 0.000174159 9.99417E-005 0.995229
9.994E-005 0.00143592 9.994E-005 9.994E-005 9.994E-005 9.994E-005 0.00569469 0.00406599 9.994E-005 0.988204
9.9928E-005 9.9928E-005 9.9928E-005 9.9928E-005 9.9928E-005 0.00371905 9.9928E-005 9.9928E-005 9.9928E-005 0.995482
9.99201E-005 9.99201E-005 9.99201E-005 9.99201E-005 9.99201E-005 9.99201E-005 0.999101 9.99201E-005 9.99201E-005 9.99201E-005
9.99201E-005 9.99201E-005 9.99201E-005 0.999101 9.99201E-005 9.99201E-005 9.99201E-005 9.99201E-005 9.99201E-005 9.99201E-005
9.9946E-005 0.00187582 0.00226075 9.9946E-005 9.9946E-005 9.9946E-005 0.993542 0.00172162 9.9946E-005 9.9946E-005
9.99201E-005 9.99201E-005 9.99201E-005 0.999101 9.99201E-005 9.99201E-005 9.99201E-005 9.99201E-005 9.99201E-005 9.99201E-005
9.99201E-005 9.99201E-005 9.99201E-005 0.999101 9.99201E-005 9.99201E-005 9.99201E-005 9.99201E-005 9.99201E-005 9.99201E-005
0.898653 9.9955E-005 9.9955E-005 9.9955E-005 0.015346 0.0484466 9.9955E-005 9.9955E-005 0.0247823 0.0122725
0.999101 9.99201E-005 9.99201E-005 9.99201E-005 9.99201E-005 9.99201E-005 9.99201E-005 9.99201E-005 9.99201E-005 9.99201E-005
0.997195 9.9928E-005 9.9928E-005 9.9928E-005 9.9928E-005 0.002006 9.9928E-005 9.9928E-005 9.9928E-005 9.9928E-005
0.92914 9.99733E-005 9.99733E-005 0.00317732 0.0016795 0.0275824 0.00318182 9.99733E-005 0.00832016 0.0266188
0.93998 0.00273657 9.9973E-005 0.00254852 9.9973E-005 0.0155021 0.00249763 9.9973E-005 0.0116515 0.0247833
0.99604 9.9964E-005 9.9964E-005 0.000523795 9.9964E-005 0.00168478 0.000111653 0.000182589 9.9964E-005 0.00105713
9.9928E-005 9.9928E-005 9.9928E-005 0.997776 9.9928E-005 9.9928E-005 9.9928E-005 0.00142459 9.9928E-005 9.9928E-005
9.9964E-005 0.0430774 9.9964E-005 0.937962 0.00558483 9.9964E-005 0.0105105 0.00116987 0.00129548 9.9964E-005
9.99201E-005 9.99201E-005 9.99201E-005 0.999101 9.99201E-005 9.99201E-005 9.99201E-005 9.99201E-005 9.99201E-005 9.99201E-005
9.9937E-005 9.9937E-005 9.9937E-005 0.995144 0.00293792 9.9937E-005 0.0012187 9.9937E-005 9.9937E-005 9.9937E-005
9.9937E-005 0.00123089 9.9937E-005 0.997298 0.000771264 9.9937E-005 9.9937E-005 9.9937E-005 9.9937E-005 9.9937E-005
9.9946E-005 0.00449889 9.9946E-005 0.99072 0.00353121 9.9946E-005 9.9946E-005 0.000650454 9.9946E-005 9.9946E-005
9.9946E-005 0.0554647 9.9946E-005 0.935405 0.000216057 9.9946E-005 9.9946E-005 0.00831477 9.9946E-005 9.9946E-005
9.9946E-005 0.0757407 9.9946E-005 0.904695 9.9946E-005 9.9946E-005 9.9946E-005 0.0161462 9.9946E-005 0.00281798
0.000422688 0.0621486 9.9964E-005 0.914951 9.9964E-005 9.9964E-005 0.00529221 0.0123574 9.9964E-005 0.00442795
9.9937E-005 0.0065976 9.9937E-005 0.988107 0.00459614 9.9937E-005 9.9937E-005 9.9937E-005 9.9937E-005 9.9937E-005
9.9946E-005 0.0720987 9.9946E-005 0.905191 0.0022299 9.9946E-005 9.9946E-005 0.0198805 9.9946E-005 9.9946E-005
9.9946E-005 0.0875997 0.00102584 0.893436 9.9946E-005 9.9946E-005 9.9946E-005 0.0173384 9.9946E-005 9.9946E-005
9.9973E-005 0.0458219 9.9973E-005 0.928075 0.0088471 9.9973E-005 0.010562 0.00380161 0.000764447 0.00182763
9.9955E-005 0.0631529 9.9955E-005 0.926184 0.00268896 9.9955E-005 0.00357611 0.00389813 9.9955E-005 9.9955E-005
0.904872 9.9973E-005 9.9973E-005 9.9973E-005 0.0156626 0.0420107 0.000338369 0.00229574 0.00547197 0.0290482
0.0475057 9.9964E-005 9.9964E-005 0.000164076 0.00621801 0.905198 9.9964E-005 9.9964E-005 0.0107734 0.0297408
9.9928E-005 9.9928E-005 9.9928E-005 9.9928E-005 9.9928E-005 0.998453 9.9928E-005 0.0007472 9.9928E-005 9.9928E-005
9.9928E-005 0.000674892 9.9928E-005 9.9928E-005 9.9928E-005 9.9928E-005 9.9928E-005 0.998526 9.9928E-005 9.9928E-005
9.99201E-005 9.99201E-005 9.99201E-005 9.99201E-005 9.99201E-005 9.99201E-005 9.99201E-005 0.999101 9.99201E-005 9.99201E-005
0.00679634 9.9964E-005 0.000952505 9.9964E-005 9.9964E-005 0.966223 0.00285922 0.000794679 9.9964E-005 0.0219741
0.259381 9.9964E-005 0.241347 9.9964E-005 0.0198816 0.380305 9.9964E-005 9.9964E-005 0.0101766 0.0885084
9.99459E-005 0.000145283 0.992149 0.00499817 9.99459E-005 9.99459E-005 0.00210809 9.99459E-005 9.99459E-005 9.99459E-005
0.06214 9.9982E-005 0.0233386 0.00253015 0.0997128 0.0471382 0.000468074 9.9982E-005 0.736722 0.0277506
0.0627272 0.00306303 0.0274583 9.9973E-005 0.0969714 0.0625855 9.9973E-005 9.9973E-005 0.736115 0.0107793
9.99201E-005 9.99201E-005 9.99201E-005 9.99201E-005 9.99201E-005 9.99201E-005 9.99201E-005 0.999101 9.99201E-005 9.99201E-005
9.99201E-005 9.99201E-005 9.99201E-005 9.99201E-005 9.99201E-005 9.99201E-005 9.99201E-005 0.999101 9.99201E-005 9.99201E-005
0.0519563 9.9982E-005 0.0225171 0.00396936 0.0981022 0.0562666 0.00127726 9.9982E-005 0.743137 0.0225747
0.291352 9.9964E-005 0.204912 9.9964E-005 0.00946182 0.377902 9.9964E-005 9.9964E-005 0.0125926 0.10338
9.9928E-005 9.9928E-005 9.9928E-005 0.000443704 9.9928E-005 9.9928E-005 9.9928E-005 0.998757 9.9928E-005 9.9928E-005
0.0537419 0.00199676 0.0358878 9.9973E-005 0.0947085 0.0598063 9.9973E-005 9.9973E-005 0.737447 0.0161114
0.0109514 0.000577714 0.00477674 0.00797915 0.0125002 0.904318 0.00442033 0.00315515 0.0110636 0.0402572
0.0121506 9.9946E-005 9.9946E-005 9.9946E-005 9.9946E-005 0.96979 9.9946E-005 9.9946E-005 0.00165969 0.0158
0.204138 9.999E-005 0.147042 0.0246884 0.0365241 0.389767 0.0308567 0.0171586 0.0234057 0.126319
0.130639 9.9982E-005 0.113156 0.00159141 0.281148 0.124955 0.00274081 9.9982E-005 0.259063 0.0865062
0.0258862 0.000625108 0.00661531 0.000176748 9.997E-005 0.953404 9.997E-005 9.997E-005 0.00163585 0.0113573
0.0115409 9.9964E-005 0.000771849 9.9964E-005 0.0124851 0.946128 9.9964E-005 9.9964E-005 0.00594557 0.022729
0.000816121 0.00224381 0.00443025 0.00032029 9.9991E-005 0.969131 0.00188636 0.00113502 0.0113182 0.008619
9.9946E-005 9.9946E-005 9.9946E-005 9.9946E-005 0.00170188 0.00430879 0.00607735 0.987312 9.9946E-005 9.9946E-005
0.028367 9.9955E-005 0.0112412 9.9955E-005 9.9955E-005 0.947872 9.9955E-005 9.9955E-005 0.0105645 0.0014557
9.99281E-005 9.99281E-005 9.99281E-005 9.99281E-005 0.00115424 9.99281E-005 9.99281E-005 0.998046 9.99281E-005 9.99281E-005
9.9928E-005 9.9928E-005 9.9928E-005 9.9928E-005 9.9928E-005 0.99899 9.9928E-005 9.9928E-005 9.9928E-005 0.000210137
9.99201E-005 9.99201E-005 9.99201E-005 9.99201E-005 9.99201E-005 9.99201E-005 9.99201E-005 0.999101 9.99201E-005 9.99201E-005
9.99433E-005 9.99433E-005 9.99433E-005 0.00158039 9.99433E-005 9.99433E-005 9.99433E-005 0.00032296 0.997397 9.99433E-005
9.99201E-005 9.99201E-005 9.99201E-005 9.99201E-005 9.99201E-005 0.999101 9.99201E-005 9.99201E-005 9.99201E-005 9.99201E-005
0.0184923 9.9964E-005 9.9964E-005 9.9964E-005 0.0309819 0.00492742 0.000462384 9.9964E-005 0.937302 0.00743375
9.9928E-005 9.9928E-005 9.9928E-005 9.9928E-005 9.9928E-005 0.992161 9.9928E-005 9.9928E-005 9.9928E-005 0.0070397
9.9946E-005 9.9946E-005 9.9946E-005 9.9946E-005 0.00209401 0.992934 0.00176295 9.9946E-005 0.00260974 9.9946E-005
9.99201E-005 9.99201E-005 9.99201E-005 9.99201E-005 9.99201E-005 0.999101 9.99201E-005 9.99201E-005 9.99201E-005 9.99201E-005
9.99201E-005 9.99201E-005 9.99201E-005 9.99201E-005 9.99201E-005 0.999101 9.99201E-005 9.99201E-005 9.99201E-005 9.99201E-005
9.99201E-005 9.99201E-005 9.99201E-005 9.99201E-005 9.99201E-005 9.99201E-005 9.99201E-005 0.999101 9.99201E-005 9.99201E-005
0.964151 9.9946E-005 9.9946E-005 9.9946E-005 0.00808465 0.00063794 9.9946E-005 9.9946E-005 9.9946E-005 0.0265267
0.96271 9.9955E-005 0.00211766 9.9955E-005 0.00803266 9.9955E-005 9.9955E-005 0.00250586 9.9955E-005 0.0241341
0.927009 9.9973E-005 9.9973E-005 9.9973E-005 0.00722007 0.040589 0.000767107 0.00125016 0.00402501 0.0188399
9.99281E-005 9.99281E-005 9.99281E-005 9.99281E-005 0.00230612 9.99281E-005 9.99281E-005 9.99281E-005 9.99281E-005 0.996894
9.9955E-005 0.0108504 9.9955E-005 9.9955E-005 9.9955E-005 0.00629699 0.0040226 0.974411 0.00391945 9.9955E-005
0.0151114 9.995E-005 9.995E-005 9.995E-005 0.00667746 0.0146937 9.995E-005 9.995E-005 0.00161416 0.961404
9.9928E-005 9.9928E-005 9.9928E-005 9.9928E-005 9.9928E-005 9.9928E-005 9.9928E-005 9.9928E-005 0.00627331 0.992927
0.0131954 9.99543E-005 0.0226613 9.99543E-005 9.99543E-005 9.99543E-005 9.99543E-005 0.00292965 9.99543E-005 0.960614
9.99201E-005 9.99201E-005 9.99201E-005 9.99201E-005 9.99201E-005 9.99201E-005 9.99201E-005 9.99201E-005 9.99201E-005 0.999101
0.00410043 9.9946E-005 9.9946E-005 9.9946E-005 0.000459675 0.014475 9.9946E-005 9.9946E-005 9.9946E-005 0.980365
9.99201E-005 9.99201E-005 9.99201E-005 9.99201E-005 9.99201E-005 9.99201E-005 9.99201E-005 9.99201E-005 0.999101 9.99201E-005
9.99201E-005 9.99201E-005 9.99201E-005 9.99201E-005 9.99201E-005 9.99201E-005 9.99201E-005 9.99201E-005 0.999101 9.99201E-005
9.99201E-005 9.99201E-005 9.99201E-005 9.99201E-005 9.99201E-005 9.99201E-005 9.99201E-005 9.99201E-005 0.999101 9.99201E-005
9.9946E-005 0.000352563 0.0148164 9.9946E-005 9.9946E-005 9.9946E-005 0.00107934 9.9946E-005 0.983152 9.9946E-005
9.9937E-005 9.9937E-005 9.9937E-005 9.9937E-005 9.9937E-005 9.9937E-005 9.9937E-005 0.0312073 0.0156592 0.952434
0.0197898 9.9946E-005 9.9946E-005 9.9946E-005 9.9946E-005 0.000483165 9.9946E-005 9.9946E-005 0.966934 0.0121931
9.99201E-005 9.99201E-005 9.99201E-005 9.99201E-005 9.99201E-005 9.99201E-005 9.99201E-005 9.99201E-005 9.99201E-005 0.999101
0.0200428 9.9937E-005 9.9937E-005 9.9937E-005 9.9937E-005 0.0139853 9.9937E-005 9.9937E-005 9.9937E-005 0.965272
0.00591405 9.9937E-005 9.9937E-005 9.9937E-005 9.9937E-005 0.0160344 9.9937E-005 9.9937E-005 9.9937E-005 0.977352
9.9937E-005 9.9937E-005 9.9937E-005 9.9937E-005 9.9937E-005 0.0123313 9.9937E-005 9.9937E-005 0.000565942 0.986403
0.00881429 9.9937E-005 9.9937E-005 9.9937E-005 9.9937E-005 0.00884955 9.9937E-005 9.9937E-005 9.9937E-005 0.981637
9.997E-005 0.000390294 0.00862498 0.00169233 0.0125365 9.997E-005 0.000797671 9.997E-005 0.00339377 0.972265
0.0122236 9.9964E-005 9.9964E-005 0.00333901 0.00028242 0.00806715 9.9964E-005 0.00162158 9.9964E-005 0.974066
0.0179939 9.9946E-005 9.9946E-005 9.9946E-005 9.9946E-005 0.0226422 9.9946E-005 9.9946E-005 0.00420576 0.954558
0.0234731 9.9955E-005 0.0348953 0.000127172 0.00446803 9.9955E-005 9.9955E-005 9.9955E-005 9.9955E-005 0.936537
0.0219093 9.9955E-005 0.03098 9.9955E-005 9.9955E-005 0.00588767 9.9955E-005 9.9955E-005 0.00221664 0.938507
9.995E-005 0.00161236 9.995E-005 9.995E-005 0.00723716 9.995E-005 0.00301722 9.995E-005 0.00661764 0.981016
9.9946E-005 9.9946E-005 9.9946E-005 9.9946E-005 0.0108909 9.9946E-005 0.0017876 9.9946E-005 0.00504982 0.981672
0.0210636 9.9964E-005 0.000735979 9.9964E-005 0.000398816 0.0120444 9.9964E-005 9.9964E-005 0.0143177 0.95104
0.0268618 9.998E-005 0.00681977 0.00286719 0.00115147 0.00292828 0.0016922 9.998E-005 0.00507347 0.952406
0.0201434 9.9955E-005 0.00561269 9.9955E-005 0.00471666 0.00801627 9.9955E-005 9.9955E-005 9.9955E-005 0.961011
0.0148721 0.00645051 0.022724 0.00205617 9.998E-005 9.998E-005 0.0088185 0.00605749 0.00482032 0.934001
9.9937E-005 0.00427673 9.9937E-005 0.980252 9.9937E-005 9.9937E-005 9.9937E-005 0.0147717 9.9937E-005 9.9937E-005
9.9937E-005 0.00195751 0.00574707 0.991596 9.9937E-005 9.9937E-005 9.9937E-005 9.9937E-005 9.9937E-005 9.9937E-005
9.9937E-005 9.9937E-005 0.0006939 0.996536 9.9937E-005 0.00207017 9.9937E-005 9.9937E-005 9.9937E-005 9.9937E-005
9.9964E-005 9.9964E-005 0.023638 0.00423208 9.9964E-005 0.00352687 0.00695814 9.9964E-005 0.00972633 0.951519
9.9937E-005 9.9937E-005 0.746238 9.9937E-005 0.134711 9.9937E-005 9.9937E-005 9.9937E-005 0.118351 9.9937E-005
9.9937E-005 9.9937E-005 9.9937E-005 9.9937E-005 9.9937E-005 9.9937E-005 0.996874 0.000690407 9.9937E-005 0.00173573
9.9955E-005 9.9955E-005 9.9955E-005 0.00375289 9.9955E-005 9.9955E-005 0.991885 0.0020602 0.000334215 0.00146806
9.9928E-005 9.9928E-005 9.9928E-005 9.9928E-005 9.9928E-005 0.000985956 0.998215 9.9928E-005 9.9928E-005 9.9928E-005
9.9955E-005 0.00291449 9.9955E-005 0.00436984 0.000244812 9.9955E-005 0.991114 0.000856827 9.9955E-005 9.9955E-005
9.9928E-005 9.9928E-005 0.00154842 9.9928E-005 9.9928E-005 9.9928E-005 0.997652 9.9928E-005 9.9928E-005 9.9928E-005
9.99201E-005 9.99201E-005 9.99201E-005 9.99201E-005 9.99201E-005 9.99201E-005 0.999101 9.99201E-005 9.99201E-005 9.99201E-005
9.9928E-005 0.983733 9.9928E-005 0.0154672 9.9928E-005 9.9928E-005 9.9928E-005 9.9928E-005 9.9928E-005 9.9928E-005
9.99201E-005 9.99201E-005 9.99201E-005 9.99201E-005 9.99201E-005 9.99201E-005 0.999101 9.99201E-005 9.99201E-005 9.99201E-005
9.99201E-005 9.99201E-005 9.99201E-005 0.999101 9.99201E-005 9.99201E-005 9.99201E-005 9.99201E-005 9.99201E-005 9.99201E-005
9.9955E-005 0.00519535 0.0173498 9.9955E-005 0.000302778 9.9955E-005 0.975843 9.9955E-005 9.9955E-005 0.00080954
0.00190346 9.9946E-005 9.9946E-005 0.00479848 9.9946E-005 9.9946E-005 0.98961 0.00308867 9.9946E-005 9.9946E-005
9.99201E-005 9.99201E-005 9.99201E-005 9.99201E-005 9.99201E-005 9.99201E-005 0.999101 9.99201E-005 9.99201E-005 9.99201E-005
0.000286727 9.9937E-005 9.9937E-005 9.9937E-005 9.9937E-005 0.00312728 0.995886 9.9937E-005 9.9937E-005 9.9937E-005
0.0176482 9.99608E-005 0.00543551 9.99608E-005 0.00486443 0.0106708 9.99608E-005 9.99608E-005 9.99608E-005 0.960881
9.99201E-005 9.99201E-005 9.99201E-005 9.99201E-005 9.99201E-005 9.99201E-005 0.999101 9.99201E-005 9.99201E-005 9.99201E-005
9.9937E-005 9.9937E-005 9.9937E-005 0.994114 9.9937E-005 0.000491644 0.00469451 9.9937E-005 9.9937E-005 9.9937E-005
9.996E-005 9.996E-005 0.00612355 0.00296262 9.996E-005 0.00480297 0.000598498 0.00257284 9.996E-005 0.98254
0.963717 9.9964E-005 9.9964E-005 9.9964E-005 0.00389735 0.0140967 9.9964E-005 0.000513112 0.00383937 0.0135368
9.99281E-005 0.000738255 9.99281E-005 9.99281E-005 9.99281E-005 9.99281E-005 0.998462 9.99281E-005 9.99281E-005 9.99281E-005
9.99201E-005 9.99201E-005 9.99201E-005 9.99201E-005 9.99201E-005 9.99201E-005 9.99201E-005 0.999101 9.99201E-005 9.99201E-005
0.00201316 9.9937E-005 9.9937E-005 9.9937E-005 9.9937E-005 9.9937E-005 0.000361169 0.996926 9.9937E-005 9.9937E-005
0.99282 9.9937E-005 9.9937E-005 9.9937E-005 9.9937E-005 0.00346489 9.9937E-005 9.9937E-005 0.00301554 9.9937E-005
9.9928E-005 9.9928E-005 9.9928E-005 9.9928E-005 9.9928E-005 9.9928E-005 0.000190605 0.99901 9.9928E-005 9.9928E-005
9.9946E-005 9.9946E-005 0.000597833 9.9946E-005 9.9946E-005 0.00264708 9.9946E-005 0.000304789 9.9946E-005 0.995851
0.0130067 9.9946E-005 0.00107229 9.9946E-005 9.9946E-005 0.0107329 9.9946E-005 9.9946E-005 9.9946E-005 0.974588
0.0213838 0.00390395 0.0117 9.996E-005 9.996E-005 0.0330036 9.996E-005 9.996E-005 0.00191101 0.927698
9.9937E-005 0.000965093 9.9937E-005 9.9937E-005 9.9937E-005 0.000122828 9.9937E-005 9.9937E-005 9.9937E-005 0.998213
0.0232298 9.9946E-005 0.00623142 9.9946E-005 9.9946E-005 0.0100512 9.9946E-005 9.9946E-005 9.9946E-005 0.959888
0.0100402 0.00325625 0.0374208 9.9964E-005 9.9964E-005 0.00300377 0.002926 9.9964E-005 9.9964E-005 0.942953
9.9928E-005 9.9928E-005 9.9928E-005 9.9928E-005 9.9928E-005 9.9928E-005 9.9928E-005 9.9928E-005 0.0121468 0.987054
0.99634 9.9937E-005 9.9937E-005 0.00157511 9.9937E-005 9.9937E-005 9.9937E-005 9.9937E-005 9.9937E-005 0.00138569
0.992324 9.9928E-005 0.00687629 9.9928E-005 9.9928E-005 9.9928E-005 9.9928E-005 9.9928E-005 9.9928E-005 9.9928E-005
9.99281E-005 9.99281E-005 0.00612423 9.99281E-005 9.99281E-005 9.99281E-005 9.99281E-005 9.99281E-005 9.99281E-005 0.993076
9.9946E-005 0.00858251 0.00727028 0.976167 9.9946E-005 9.9946E-005 9.9946E-005 0.00738011 9.9946E-005 9.9946E-005
9.9928E-005 0.996849 9.9928E-005 0.00235146 9.9928E-005 9.9928E-005 9.9928E-005 9.9928E-005 9.9928E-005 9.9928E-005
9.99201E-005 0.999101 9.99201E-005 9.99201E-005 9.99201E-005 9.99201E-005 9.99201E-005 9.99201E-005 9.99201E-005 9.99201E-005
0.0505808 0.73059 0.0220066 9.999E-005 0.0161387 0.0155224 0.0525745 0.0131295 0.0270097 0.0723476
9.9928E-005 0.961242 9.9928E-005 0.0379591 9.9928E-005 9.9928E-005 9.9928E-005 9.9928E-005 9.9928E-005 9.9928E-005
0.00758627 9.9955E-005 9.9955E-005 0.978968 9.9955E-005 0.00537097 0.00260828 0.00496714 9.9955E-005 9.9955E-005
9.9937E-005 9.9937E-005 0.00132975 0.99752 9.9937E-005 9.9937E-005 9.9937E-005 0.000450318 9.9937E-005 9.9937E-005
9.99201E-005 9.99201E-005 9.99201E-005 0.999101 9.99201E-005 9.99201E-005 9.99201E-005 9.99201E-005 9.99201E-005 9.99201E-005
9.9928E-005 0.966663 9.9928E-005 0.0325377 9.9928E-005 9.9928E-005 9.9928E-005 9.9928E-005 9.9928E-005 9.9928E-005
0.998672 0.000247459 0.000381066 9.9937E-005 9.9937E-005 9.9937E-005 9.9937E-005 9.9937E-005 9.9937E-005 9.9937E-005
9.99201E-005 9.99201E-005 9.99201E-005 9.99201E-005 9.99201E-005 9.99201E-005 9.99201E-005 0.999101 9.99201E-005 9.99201E-005
0.415507 0.00462987 0.438041 0.0427774 9.9973E-005 9.9973E-005 0.0490993 0.0299273 9.9973E-005 0.0197184
0.972582 9.9955E-005 0.0128734 9.9955E-005 0.00162707 9.9955E-005 9.9955E-005 9.9955E-005 0.0116802 0.000737882
0.97942 9.9937E-005 0.0117457 9.9937E-005 9.9937E-005 9.9937E-005 9.9937E-005 9.9937E-005 9.9937E-005 0.00813445
9.9937E-005 0.00128142 0.00505366 9.9937E-005 9.9937E-005 9.9937E-005 9.9937E-005 0.992965 9.9937E-005 9.9937E-005
9.99281E-005 9.99281E-005 9.99281E-005 9.99281E-005 9.99281E-005 9.99281E-005 0.998736 0.00046456 9.99281E-005 9.99281E-005
0.136389 9.9964E-005 0.02411 9.9964E-005 0.037014 0.145957 9.9964E-005 9.9964E-005 0.026799 0.629332
0.999101 9.99201E-005 9.99201E-005 9.99201E-005 9.99201E-005 9.99201E-005 9.99201E-005 9.99201E-005 9.99201E-005 9.99201E-005
0.999101 9.99201E-005 9.99201E-005 9.99201E-005 9.99201E-005 9.99201E-005 9.99201E-005 9.99201E-005 9.99201E-005 9.99201E-005
0.999101 9.99201E-005 9.99201E-005 9.99201E-005 9.99201E-005 9.99201E-005 9.99201E-005 9.99201E-005 9.99201E-005 9.99201E-005
0.995675 9.99371E-005 9.99371E-005 9.99371E-005 9.99371E-005 9.99371E-005 0.00325329 0.000372585 9.99371E-005 9.99371E-005
0.999101 9.99201E-005 9.99201E-005 9.99201E-005 9.99201E-005 9.99201E-005 9.99201E-005 9.99201E-005 9.99201E-005 9.99201E-005
0.999101 9.99201E-005 9.99201E-005 9.99201E-005 9.99201E-005 9.99201E-005 9.99201E-005 9.99201E-005 9.99201E-005 9.99201E-005
