0.680476 0.20741 0.00465053 0.00471445 0.00765602 0.0950929
0.676881 0.20309 0.0063938 0.00731449 0.004458 0.101863
9.999E-005 0.988206 0.00310153 0.00224563 0.00528352 0.00106333
9.9964E-005 0.999113 9.9964E-005 9.9964E-005 9.9964E-005 0.000487443
9.9964E-005 0.995145 9.9964E-005 9.9964E-005 0.00445509 9.9964E-005
9.996E-005 0.9995 9.996E-005 9.996E-005 9.996E-005 9.996E-005
9.996E-005 0.9995 9.996E-005 9.996E-005 9.996E-005 9.996E-005
9.996E-005 0.9995 9.996E-005 9.996E-005 9.996E-005 9.996E-005
9.9982E-005 0.00468525 0.00304598 9.9982E-005 0.99112 0.000948703
9.9973E-005 9.9973E-005 0.00333751 9.9973E-005 0.00448899 0.991874
9.9982E-005 9.9982E-005 0.00351327 0.00388562 0.000719543 0.991682
0.0390698 9.9982E-005 0.0535783 0.790102 0.11705 9.9982E-005
9.9982E-005 9.9982E-005 0.00216431 0.00184032 0.00268813 0.993107
9.9973E-005 9.9973E-005 0.00144715 0.00192768 9.9973E-005 0.996325
9.9964E-005 9.9964E-005 9.9964E-005 0.00237321 9.9964E-005 0.997227
9.9982E-005 9.9982E-005 0.00138006 0.00372143 0.00203545 0.992663
0.0242074 0.0184297 0.0508313 0.789816 0.115864 0.000851197
0.0439646 0.867659 9.9982E-005 0.00129705 9.9982E-005 0.0868795
0.740489 0.157054 0.00425867 0.00993066 0.00110788 0.0871598
0.70321 0.173602 0.00821795 0.00543664 0.00760015 0.101933
0.715962 0.16864 0.0049297 0.00777322 0.000506962 0.102188
0.732303 0.164126 0.00444107 0.00741383 0.00585253 0.085863
0.729426 0.167493 0.00851039 0.00276231 0.0123341 0.0794737
0.721538 0.173529 0.00755422 0.00298868 0.00601557 0.0883746
0.739783 0.147218 0.0049258 0.0040744 0.00694463 0.0970536
0.724021 0.1551 0.00438569 0.000863486 0.00957874 0.106051
0.727295 0.167197 0.00796342 0.00146518 0.00603651 0.0900427
0.728351 0.157427 0.00879707 0.00242389 0.00973924 0.0932613
0.9995 9.996E-005 9.996E-005 9.996E-005 9.996E-005 9.996E-005
0.9995 9.996E-005 9.996E-005 9.996E-005 9.996E-005 9.996E-005
0.9995 9.996E-005 9.996E-005 9.996E-005 9.996E-005 9.996E-005
0.9995 9.996E-005 9.996E-005 9.996E-005 9.996E-005 9.996E-005
0.9995 9.996E-005 9.996E-005 9.996E-005 9.996E-005 9.996E-005
0.029893 0.897485 9.9982E-005 0.0037999 9.9982E-005 0.068622
0.0325641 0.883963 9.9991E-005 0.00264361 0.000577162 0.0801524
0.0363558 0.905029 0.00121507 0.000513294 9.9991E-005 0.0567872
0.0383026 0.873045 9.9982E-005 0.0063099 9.9982E-005 0.0821428
9.996E-005 9.996E-005 9.996E-005 0.9995 9.996E-005 9.996E-005
0.9995 9.996E-005 9.996E-005 9.996E-005 9.996E-005 9.996E-005
0.999406 9.9964E-005 9.9964E-005 0.000193859 9.9964E-005 9.9964E-005
0.9995 9.996E-005 9.996E-005 9.996E-005 9.996E-005 9.996E-005
0.9995 9.996E-005 9.996E-005 9.996E-005 9.996E-005 9.996E-005
0.00562659 9.9973E-005 0.00099071 9.9973E-005 0.993083 9.9973E-005
9.9982E-005 0.000669536 9.9982E-005 0.0071849 0.982904 0.00904122
0.00307019 9.99692E-005 9.99692E-005 9.99692E-005 0.99653 9.99692E-005
9.9973E-005 0.000780853 9.9973E-005 9.9973E-005 0.99016 0.00875906
0.00835089 0.0013217 9.9973E-005 9.9973E-005 0.990027 9.9973E-005
9.9964E-005 0.00337246 9.9964E-005 9.9964E-005 0.996228 9.9964E-005
9.9964E-005 9.9964E-005 0.000139492 9.9964E-005 0.999461 9.9964E-005
9.9973E-005 9.9973E-005 9.9973E-005 0.00804502 0.989083 0.00257193
9.9964E-005 9.9964E-005 9.9964E-005 9.9964E-005 0.00304309 0.996557
0.0252503 0.00870086 0.00241522 9.9991E-005 0.000766649 0.962767
0.00109593 0.0402215 9.9973E-005 9.9973E-005 9.9973E-005 0.958383
9.9964E-005 9.9964E-005 0.00265804 9.9964E-005 9.9964E-005 0.996942
9.9982E-005 9.9982E-005 0.00378471 0.00245247 0.00589394 0.987669
9.996E-005 9.996E-005 9.996E-005 9.996E-005 9.996E-005 0.9995
9.996E-005 9.996E-005 0.9995 9.996E-005 9.996E-005 9.996E-005
9.996E-005 9.996E-005 9.996E-005 9.996E-005 0.9995 9.996E-005
9.9973E-005 9.9973E-005 0.990923 0.00104072 9.9973E-005 0.00773654
9.996E-005 9.996E-005 9.996E-005 9.996E-005 0.9995 9.996E-005
9.996E-005 9.996E-005 9.996E-005 9.996E-005 0.9995 9.996E-005
0.00232623 0.994046 0.00311574 9.9982E-005 0.000311743 9.9982E-005
9.996E-005 0.9995 9.996E-005 9.996E-005 9.996E-005 9.996E-005
9.996E-005 0.9995 9.996E-005 9.996E-005 9.996E-005 9.996E-005
9.9982E-005 0.989056 0.0025975 9.9982E-005 0.0042728 0.00387362
9.9973E-005 0.995049 0.0015595 9.9973E-005 0.00309126 9.9973E-005
9.996E-005 0.9995 9.996E-005 9.996E-005 9.996E-005 9.996E-005
9.996E-005 9.996E-005 9.996E-005 9.996E-005 0.9995 9.996E-005
0.00698397 9.9973E-005 0.00929011 9.9973E-005 0.983426 9.9973E-005
9.996E-005 9.996E-005 9.996E-005 9.996E-005 0.9995 9.996E-005
9.9964E-005 9.9964E-005 0.00264028 9.9964E-005 0.99696 9.9964E-005
9.996E-005 9.996E-005 9.996E-005 9.996E-005 0.9995 9.996E-005
9.996E-005 9.996E-005 9.996E-005 9.996E-005 0.9995 9.996E-005
9.9964E-005 9.9964E-005 9.9964E-005 0.00468126 0.994919 9.9964E-005
9.9982E-005 0.00480045 0.00179337 0.0148726 0.978334 9.9982E-005
0.00294123 9.9991E-005 0.00279524 0.00865873 0.98522 0.000285119
0.00562778 9.9964E-005 9.9964E-005 9.9964E-005 0.993972 9.9964E-005
0.00495507 9.9973E-005 9.9973E-005 0.0138845 0.98086 9.9973E-005
9.9973E-005 9.9973E-005 9.9973E-005 0.0112806 0.985107 0.00331278
0.00868842 9.9982E-005 0.0103286 0.00543609 0.975347 9.9982E-005
0.000849594 9.9991E-005 0.00316288 0.0036618 0.990425 0.00180107
0.00109716 0.98504 0.00183524 9.99916E-005 0.00152493 0.0104028
0.0484641 0.850421 0.00235829 0.00197593 9.9991E-005 0.0966808
0.031535 0.873243 0.00040835 9.9991E-005 0.00593189 0.088782
0.00173806 9.9973E-005 9.9973E-005 0.994697 0.0032652 9.9973E-005
9.996E-005 9.996E-005 9.996E-005 0.9995 9.996E-005 9.996E-005
0.0401885 0.854832 0.00134399 0.0025508 0.00235228 0.098733
0.0804122 0.744293 0.0061332 0.00339636 0.00696266 0.158802
0.10483 0.541269 0.0727101 0.0327209 0.0732243 0.175246
0.864016 0.106414 9.9991E-005 0.00138815 0.00557953 0.0225027
0.858917 0.105608 9.9991E-005 0.000167385 0.00199456 0.0332132
9.996E-005 9.996E-005 9.996E-005 0.9995 9.996E-005 9.996E-005
9.996E-005 9.996E-005 9.996E-005 0.9995 9.996E-005 9.996E-005
0.874056 0.0949374 0.00185407 9.9991E-005 0.00432082 0.0247317
0.0830669 0.75054 9.9982E-005 0.00682774 9.9982E-005 0.159365
9.996E-005 9.996E-005 9.996E-005 0.9995 9.996E-005 9.996E-005
0.870755 0.103343 0.00111174 9.9991E-005 0.00378595 0.0209038
0.0576814 0.818549 0.00397112 0.00288469 0.00949482 0.107418
0.0376604 0.861309 9.9982E-005 0.00162758 9.9982E-005 0.0992034
0.0699963 0.651295 0.0369644 0.0207294 0.0394332 0.181581
0.499218 0.315018 0.0117349 0.00609526 0.0137535 0.15418
0.0411719 0.862619 0.000790647 0.00530799 0.00124324 0.0888676
0.0534392 0.830482 0.00105405 0.00260132 0.00314453 0.109279
0.0331182 0.852651 0.00132393 0.005862 0.00527819 0.101767
0.010044 9.9982E-005 0.00322946 0.985987 9.9982E-005 0.000539687
0.0479321 0.854281 9.9991E-005 0.00603867 0.000646708 0.091002
9.996E-005 9.996E-005 9.996E-005 0.9995 9.996E-005 9.996E-005
0.0364667 0.875971 9.9982E-005 0.00275987 9.9982E-005 0.0846027
9.9964E-005 9.9964E-005 9.9964E-005 0.999076 0.000523736 9.9964E-005
0.9995 9.996E-005 9.996E-005 9.996E-005 9.996E-005 9.996E-005
0.038649 0.875591 9.9982E-005 0.00319689 9.9982E-005 0.082363
0.9995 9.996E-005 9.996E-005 9.996E-005 9.996E-005 9.996E-005
0.0359767 0.872331 0.000594717 0.00196082 0.00362568 0.0855116
0.0526162 0.860126 0.00592771 9.9991E-005 0.00233695 0.0788927
0.0344077 0.88948 9.9982E-005 0.00219946 9.9982E-005 0.0737128
0.0297735 0.89479 0.00153377 0.00111825 9.9991E-005 0.0726843
9.996E-005 9.996E-005 9.996E-005 0.9995 9.996E-005 9.996E-005
9.996E-005 0.9995 9.996E-005 9.996E-005 9.996E-005 9.996E-005
9.9964E-005 0.998923 9.9964E-005 9.9964E-005 0.000676997 9.9964E-005
9.9973E-005 0.996759 0.00160964 0.00133147 9.9973E-005 9.9973E-005
9.9973E-005 9.9973E-005 0.000135212 0.00163728 9.9973E-005 0.997928
9.9991E-005 0.00724087 0.00400543 0.980681 0.00156109 0.00641176
9.9964E-005 0.020746 9.9964E-005 9.9964E-005 9.9964E-005 0.978854
9.996E-005 9.996E-005 9.996E-005 9.996E-005 9.996E-005 0.9995
9.9964E-005 0.0319686 9.9964E-005 9.9964E-005 9.9964E-005 0.967632
9.996E-005 9.996E-005 9.996E-005 9.996E-005 9.996E-005 0.9995
9.9964E-005 0.0170867 9.9964E-005 9.9964E-005 9.9964E-005 0.982513
0.9995 9.996E-005 9.996E-005 9.996E-005 9.996E-005 9.996E-005
0.9995 9.996E-005 9.996E-005 9.996E-005 9.996E-005 9.996E-005
0.9995 9.996E-005 9.996E-005 9.996E-005 9.996E-005 9.996E-005
0.999115 9.9964E-005 0.00048513 9.9964E-005 9.9964E-005 9.9964E-005
0.0203687 0.00328266 9.9991E-005 0.027905 0.00208544 0.946258
0.9995 9.996E-005 9.996E-005 9.996E-005 9.996E-005 9.996E-005
9.996E-005 9.996E-005 9.996E-005 9.996E-005 9.996E-005 0.9995
9.9964E-005 0.0244878 9.9964E-005 9.9964E-005 9.9964E-005 0.975112
9.9964E-005 0.02729 9.9964E-005 9.9964E-005 9.9964E-005 0.97231
9.9964E-005 0.00287267 9.9964E-005 9.9964E-005 9.9964E-005 0.996727
9.9973E-005 0.0253775 9.9973E-005 0.000111143 9.9973E-005 0.974211
0.0052114 9.9982E-005 0.00116904 9.9982E-005 0.000112624 0.993307
0.00486217 0.0289691 9.9982E-005 0.00291122 9.9982E-005 0.963058
9.99707E-005 0.0220525 9.99707E-005 9.99707E-005 9.99707E-005 0.977548
0.0157144 0.00885633 0.00115984 9.9991E-005 0.00254695 0.971622
0.00856303 0.0271665 0.00248677 0.000978181 9.9991E-005 0.960706
0.00625328 9.9982E-005 0.00428004 9.9982E-005 0.000519035 0.988748
0.00582966 0.00566508 9.9973E-005 9.9973E-005 9.9973E-005 0.988205
0.000849073 0.0180958 9.9973E-005 9.9973E-005 9.9973E-005 0.980755
9.9973E-005 0.0418525 9.9973E-005 0.000394743 9.9973E-005 0.957453
0.00536816 0.0141847 9.9982E-005 0.000104704 9.9982E-005 0.980142
9.9991E-005 0.0243584 0.0109927 0.00263437 0.011265 0.95065
9.9964E-005 9.9964E-005 9.9964E-005 0.00738411 0.992216 9.9964E-005
9.9964E-005 9.9964E-005 9.9964E-005 9.9964E-005 0.997018 0.00258239
9.9973E-005 0.00280177 9.9973E-005 9.9973E-005 0.99425 0.00264813
0.00167198 0.00197263 0.00757262 0.00428399 0.00128633 0.983212
0.479524 0.29249 0.0319364 0.0121843 0.0326809 0.151185
9.9964E-005 0.000500628 0.9991 9.9964E-005 9.9964E-005 9.9964E-005
0.00143019 9.9991E-005 0.992426 0.00274125 0.000734478 0.00256799
9.996E-005 9.996E-005 0.9995 9.996E-005 9.996E-005 9.996E-005
9.9973E-005 9.9973E-005 0.989012 0.00927019 0.0014181 9.9973E-005
9.9964E-005 0.00401833 0.995582 9.9964E-005 9.9964E-005 9.9964E-005
9.996E-005 9.996E-005 0.9995 9.996E-005 9.996E-005 9.996E-005
9.9982E-005 0.00325605 0.0121996 0.0650631 0.919281 9.9982E-005
9.9964E-005 9.9964E-005 0.998912 0.000688516 9.9964E-005 9.9964E-005
9.996E-005 9.996E-005 9.996E-005 9.996E-005 0.9995 9.996E-005
9.9991E-005 0.01301 0.97881 0.00141298 0.00488044 0.00178686
9.9973E-005 9.9973E-005 0.994563 0.00210628 0.00303085 9.9973E-005
9.996E-005 9.996E-005 0.9995 9.996E-005 9.996E-005 9.996E-005
9.9982E-005 9.9982E-005 0.993714 0.00375159 0.00155307 0.00078102
0.0110142 0.0312854 0.000118811 0.00201095 0.00285609 0.952715
9.996E-005 9.996E-005 0.9995 9.996E-005 9.996E-005 9.996E-005
9.9964E-005 9.9964E-005 0.00241363 9.9964E-005 0.997187 9.9964E-005
9.9991E-005 0.00760641 0.00155914 0.00243684 0.00132412 0.986974
9.9965E-005 0.999121 9.9965E-005 0.000478951 9.9965E-005 9.9965E-005
0.00434115 9.9982E-005 0.99421 0.000807373 0.000441566 9.9982E-005
9.996E-005 9.996E-005 9.996E-005 0.9995 9.996E-005 9.996E-005
9.9973E-005 0.00293638 0.000954072 0.99581 9.9973E-005 9.9973E-005
9.996E-005 0.9995 9.996E-005 9.996E-005 9.996E-005 9.996E-005
9.9964E-005 9.9964E-005 0.00131954 0.998281 9.9964E-005 9.9964E-005
9.996E-005 9.996E-005 9.996E-005 9.996E-005 9.996E-005 0.9995
9.9964E-005 0.0086433 9.9964E-005 9.9964E-005 9.9964E-005 0.990957
0.000517759 0.0693519 0.0018949 9.9991E-005 0.00224273 0.925893
0.0041964 9.9964E-005 9.9964E-005 9.9964E-005 9.9964E-005 0.995404
9.9964E-005 0.0249745 9.9964E-005 9.9964E-005 9.9964E-005 0.974626
0.000331203 0.0130429 0.00464026 0.0012839 0.00458008 0.976122
0.00254028 9.9964E-005 9.9964E-005 9.9964E-005 9.9964E-005 0.99706
9.996E-005 0.9995 9.996E-005 9.996E-005 9.996E-005 9.996E-005
9.996E-005 0.9995 9.996E-005 9.996E-005 9.996E-005 9.996E-005
9.996E-005 9.996E-005 9.996E-005 9.996E-005 9.996E-005 0.9995
9.9964E-005 9.9964E-005 9.9964E-005 0.00465561 0.994945 9.9964E-005
9.9991E-005 0.00862203 0.0181894 0.0600114 0.907097 0.00598038
0.00492792 9.9991E-005 0.0126611 0.0754007 0.890846 0.0160641
0.0361068 0.106739 0.0768282 0.0964448 0.597318 0.0865632
9.9982E-005 0.00785687 0.010783 0.0661836 0.914977 9.9982E-005
9.9982E-005 0.0108694 0.00137149 0.00392143 0.983638 9.9982E-005
9.9964E-005 0.00142086 9.9964E-005 9.9964E-005 0.998179 9.9964E-005
9.996E-005 9.996E-005 9.996E-005 9.996E-005 0.9995 9.996E-005
9.9982E-005 0.0096709 0.012085 0.0546533 0.923391 9.9982E-005
9.996E-005 0.9995 9.996E-005 9.996E-005 9.996E-005 9.996E-005
9.996E-005 9.996E-005 9.996E-005 0.9995 9.996E-005 9.996E-005
0.0696511 0.648468 0.0770373 0.0410722 0.0854434 0.0783285
9.996E-005 0.9995 9.996E-005 9.996E-005 9.996E-005 9.996E-005
9.996E-005 0.9995 9.996E-005 9.996E-005 9.996E-005 9.996E-005
9.9964E-005 0.00334516 9.9964E-005 0.996255 9.9964E-005 9.9964E-005
9.996E-005 9.996E-005 0.9995 9.996E-005 9.996E-005 9.996E-005
0.0641259 0.271511 9.9991E-005 0.00208044 0.00225251 0.65993
9.996E-005 0.9995 9.996E-005 9.996E-005 9.996E-005 9.996E-005
9.996E-005 0.9995 9.996E-005 9.996E-005 9.996E-005 9.996E-005
9.996E-005 0.9995 9.996E-005 9.996E-005 9.996E-005 9.996E-005
9.9973E-005 0.996367 0.00173087 9.9973E-005 0.00160208 9.9973E-005
9.996E-005 0.9995 9.996E-005 9.996E-005 9.996E-005 9.996E-005
9.996E-005 0.9995 9.996E-005 9.996E-005 9.996E-005 9.996E-005
