0.0210273 0.897702 0.049824 9.9973E-005 9.9973E-005 9.9973E-005 0.0311463
0.0319451 0.900165 0.0409511 0.00341583 9.9991E-005 0.00135365 0.0220695
9.9973E-005 9.9973E-005 0.988129 0.00137854 0.00317165 9.9973E-005 0.00702115
0.00267295 9.9964E-005 0.992488 9.9964E-005 9.9964E-005 9.9964E-005 0.00443946
9.9973E-005 9.9973E-005 0.991442 0.00194515 0.00504323 9.9973E-005 0.00126934
9.995E-005 9.995E-005 0.9994 9.995E-005 9.995E-005 9.995E-005 9.995E-005
9.995E-005 9.995E-005 0.9994 9.995E-005 9.995E-005 9.995E-005 9.995E-005
9.995E-005 9.995E-005 0.9994 9.995E-005 9.995E-005 9.995E-005 9.995E-005
9.9964E-005 9.9964E-005 0.00334522 0.00537287 0.990882 9.9964E-005 9.9964E-005
0.990499 0.00241824 9.9973E-005 0.00229672 0.00448584 9.9973E-005 9.9973E-005
0.994156 9.9964E-005 9.9964E-005 0.00237007 9.9964E-005 0.00307441 9.9964E-005
9.9982E-005 0.0253983 9.9982E-005 0.0525433 0.117149 0.790357 0.0143524
0.994378 9.9973E-005 9.9973E-005 0.00126434 0.00208819 0.00196965 9.9973E-005
0.993485 9.9973E-005 9.9973E-005 0.00123819 0.00256762 0.00240877 9.9973E-005
0.993739 0.000992961 9.9973E-005 0.00130801 9.9973E-005 0.00366013 9.9973E-005
0.992521 9.9964E-005 9.9964E-005 9.9964E-005 0.00463965 0.00243937 9.9964E-005
0.000451391 0.0233445 0.00645553 0.0507354 0.125879 0.783888 0.0092462
0.0853156 0.0369255 0.851641 9.9982E-005 0.00370111 9.9982E-005 0.0222173
9.995E-005 0.9994 9.995E-005 9.995E-005 9.995E-005 9.995E-005 9.995E-005
9.9955E-005 0.997584 9.9955E-005 0.00191642 9.9955E-005 9.9955E-005 9.9955E-005
9.995E-005 0.9994 9.995E-005 9.995E-005 9.995E-005 9.995E-005 9.995E-005
9.995E-005 0.9994 9.995E-005 9.995E-005 9.995E-005 9.995E-005 9.995E-005
9.9955E-005 0.996969 9.9955E-005 9.9955E-005 0.00253168 9.9955E-005 9.9955E-005
9.995E-005 0.9994 9.995E-005 9.995E-005 9.995E-005 9.995E-005 9.995E-005
9.995E-005 0.9994 9.995E-005 9.995E-005 9.995E-005 9.995E-005 9.995E-005
9.995E-005 0.9994 9.995E-005 9.995E-005 9.995E-005 9.995E-005 9.995E-005
9.9955E-005 0.999306 9.9955E-005 9.9955E-005 9.9955E-005 0.000194254 9.9955E-005
9.9964E-005 0.995832 9.9964E-005 0.00130484 0.00246286 9.9964E-005 9.9964E-005
9.9973E-005 0.0203455 9.9973E-005 0.00216054 0.002113 9.9973E-005 0.975081
0.00474906 9.9973E-005 0.0125495 9.9973E-005 9.9973E-005 0.000823548 0.981578
9.995E-005 9.995E-005 9.995E-005 9.995E-005 9.995E-005 9.995E-005 0.9994
9.995E-005 9.995E-005 9.995E-005 9.995E-005 9.995E-005 9.995E-005 0.9994
9.995E-005 9.995E-005 9.995E-005 9.995E-005 9.995E-005 9.995E-005 0.9994
0.0717751 0.0372528 0.868622 9.9991E-005 0.000301816 0.00304949 0.0188991
0.0800661 0.04133 0.861068 0.00278404 0.00142057 0.000637424 0.0126935
0.0745454 0.0364463 0.86465 0.00202734 9.9991E-005 0.000340177 0.0218903
0.082775 0.0398984 0.843955 9.99827E-005 9.99827E-005 0.0078824 0.0252893
9.995E-005 9.995E-005 9.995E-005 9.995E-005 9.995E-005 0.9994 9.995E-005
9.9964E-005 9.9964E-005 9.9964E-005 0.000597921 0.00104438 9.9964E-005 0.997958
9.9955E-005 9.9955E-005 9.9955E-005 0.00241659 9.9955E-005 9.9955E-005 0.997084
9.995E-005 9.995E-005 9.995E-005 9.995E-005 9.995E-005 9.995E-005 0.9994
9.9964E-005 9.9964E-005 9.9964E-005 0.00104987 9.9964E-005 0.000820957 0.997729
9.9955E-005 9.9955E-005 9.9955E-005 0.00508206 0.994418 9.9955E-005 9.9955E-005
0.00778413 0.000735465 9.9991E-005 0.00195749 0.973371 0.00971861 0.00633284
9.9955E-005 0.00287135 9.9955E-005 9.9955E-005 0.996629 9.9955E-005 9.9955E-005
0.00241313 0.00150073 0.00091823 9.9973E-005 0.994868 9.9973E-005 9.9973E-005
0.0107689 0.00153016 9.9964E-005 9.9964E-005 0.987301 9.9964E-005 9.9964E-005
9.9955E-005 9.9955E-005 9.9955E-005 9.9955E-005 0.996296 9.9955E-005 0.00320382
0.0022941 9.9964E-005 9.9964E-005 0.000311094 0.996995 9.9964E-005 9.9964E-005
9.9955E-005 9.9955E-005 9.9955E-005 9.9955E-005 0.998601 9.9955E-005 0.000899033
0.997369 9.9982E-005 9.9982E-005 0.000565079 0.000837228 0.000499845 0.000529261
0.952739 0.00875096 0.0260552 9.9973E-005 9.9973E-005 9.9973E-005 0.0121554
0.954112 0.00184717 0.0436409 9.9964E-005 9.9964E-005 9.9964E-005 9.9964E-005
0.9994 9.995E-005 9.995E-005 9.995E-005 9.995E-005 9.995E-005 9.995E-005
0.985334 0.00137926 9.99773E-005 0.00653169 0.00645476 9.99773E-005 9.99773E-005
0.9994 9.995E-005 9.995E-005 9.995E-005 9.995E-005 9.995E-005 9.995E-005
9.995E-005 9.995E-005 9.995E-005 0.9994 9.995E-005 9.995E-005 9.995E-005
9.995E-005 9.995E-005 9.995E-005 9.995E-005 0.9994 9.995E-005 9.995E-005
9.9982E-005 0.00348852 0.00268532 0.99173 0.000538058 0.00135811 9.9982E-005
9.995E-005 9.995E-005 9.995E-005 9.995E-005 0.9994 9.995E-005 9.995E-005
9.995E-005 9.995E-005 9.995E-005 9.995E-005 0.9994 9.995E-005 9.995E-005
9.9964E-005 9.9964E-005 0.986305 0.000172252 9.9964E-005 9.9964E-005 0.0131234
9.995E-005 9.995E-005 0.9994 9.995E-005 9.995E-005 9.995E-005 9.995E-005
9.995E-005 9.995E-005 0.9994 9.995E-005 9.995E-005 9.995E-005 9.995E-005
0.00503296 9.9973E-005 0.989323 0.00108158 0.00426299 9.9973E-005 9.9973E-005
0.00600394 9.9991E-005 0.988339 0.0030766 0.000257915 0.000603449 0.00161949
9.995E-005 9.995E-005 0.9994 9.995E-005 9.995E-005 9.995E-005 9.995E-005
9.995E-005 9.995E-005 9.995E-005 9.995E-005 0.9994 9.995E-005 9.995E-005
9.9982E-005 0.00553136 9.9982E-005 0.00903797 0.979539 0.0029405 0.0027511
9.995E-005 9.995E-005 9.995E-005 9.995E-005 0.9994 9.995E-005 9.995E-005
9.9964E-005 9.9964E-005 9.9964E-005 0.00134481 0.996072 9.9964E-005 0.00218355
9.995E-005 9.995E-005 9.995E-005 9.995E-005 0.9994 9.995E-005 9.995E-005
9.995E-005 9.995E-005 9.995E-005 9.995E-005 0.9994 9.995E-005 9.995E-005
9.9964E-005 0.00128943 9.9964E-005 9.9964E-005 0.989897 0.00841326 9.9964E-005
0.000423508 0.00240664 9.9982E-005 0.0015069 0.983516 0.0119473 9.9982E-005
0.00103872 9.9982E-005 9.9982E-005 0.00316371 0.985012 0.00978549 0.000800348
9.9955E-005 0.00259521 9.9955E-005 9.9955E-005 0.996905 9.9955E-005 9.9955E-005
9.9955E-005 9.9955E-005 9.9955E-005 9.9955E-005 0.982397 0.0171036 9.9955E-005
0.00317367 9.9964E-005 9.9964E-005 9.9964E-005 0.984798 0.0116287 9.9964E-005
9.9982E-005 0.00348428 9.9982E-005 0.00724502 0.978176 0.00621803 0.00467636
9.9973E-005 9.9973E-005 9.9973E-005 0.000753666 0.986955 0.00899046 0.00300104
0.0103131 0.00440098 0.983495 0.000624338 9.9982E-005 0.000967058 9.9982E-005
0.107123 0.0431132 0.819278 0.00130642 9.9991E-005 0.00308924 0.0259897
0.0854699 0.0360374 0.85057 9.9991E-005 0.00213892 0.00181285 0.0238711
0.00145635 9.9955E-005 9.9955E-005 9.9955E-005 9.9955E-005 0.998044 9.9955E-005
9.995E-005 9.995E-005 9.995E-005 9.995E-005 9.995E-005 0.9994 9.995E-005
0.0931233 0.0343085 0.846158 9.9991E-005 0.00596997 0.00155233 0.0187875
0.152871 0.0635608 0.724409 0.00391442 0.00804488 0.0024161 0.0447834
0.17752 0.0529181 0.54156 0.0682601 0.0778749 0.0292697 0.0525972
0.0342522 0.0986445 0.114572 0.0014021 0.00605883 9.9991E-005 0.74497
0.0300321 0.101146 0.127129 0.000998948 0.00186045 9.9991E-005 0.738733
9.995E-005 9.995E-005 9.995E-005 9.995E-005 9.995E-005 0.9994 9.995E-005
9.995E-005 9.995E-005 9.995E-005 9.995E-005 9.995E-005 0.9994 9.995E-005
0.0219621 0.107196 0.1237 0.00373201 0.00460966 9.9991E-005 0.7387
0.160473 0.0510353 0.727606 0.00231186 9.9991E-005 0.00549081 0.0529822
9.995E-005 9.995E-005 9.995E-005 9.995E-005 9.995E-005 0.9994 9.995E-005
0.0253192 0.101919 0.108521 9.9982E-005 0.00666707 9.9982E-005 0.757373
0.111938 0.0379289 0.798644 0.00456666 0.0054486 0.00624386 0.0352303
0.0922083 0.0305909 0.847681 9.9982E-005 9.9982E-005 0.000903009 0.028417
0.159961 0.0727108 0.62193 0.0399096 0.0386134 0.0128571 0.0540181
0.124938 0.297024 0.278699 0.0106862 0.0123451 9.9991E-005 0.276208
0.093137 0.0306313 0.839733 0.000622103 0.00895825 9.9991E-005 0.0268186
0.105019 0.041067 0.825391 0.000402578 9.9991E-005 0.00121525 0.0268053
0.0935551 0.0330951 0.835424 0.000327374 0.00674429 0.00247148 0.0283826
9.9964E-005 0.0053658 9.9964E-005 0.00494989 9.9964E-005 0.989284 9.9964E-005
0.0783267 0.0320754 0.854164 9.9982E-005 9.9982E-005 0.00290418 0.0323293
9.9955E-005 0.000754567 9.9955E-005 9.9955E-005 9.9955E-005 0.998746 9.9955E-005
0.0899769 0.0331765 0.859132 9.9973E-005 9.9973E-005 9.9973E-005 0.0174151
9.995E-005 9.995E-005 9.995E-005 9.995E-005 9.995E-005 0.9994 9.995E-005
9.9955E-005 9.9955E-005 9.9955E-005 9.9955E-005 9.9955E-005 0.00172075 0.997779
0.0716198 0.0390774 0.864945 9.9982E-005 9.9982E-005 0.00204019 0.022118
0.00795153 0.0205029 0.0250803 9.9973E-005 9.9973E-005 9.9973E-005 0.946165
0.0907104 0.0311492 0.846294 0.00247385 0.00451718 0.0015897 0.0232658
0.0844985 0.051415 0.8282 0.00124445 0.00449074 9.9991E-005 0.0300511
0.0743145 0.035713 0.86875 0.00093111 0.00196035 0.000949388 0.0173817
0.0706103 0.0310769 0.882041 9.9991E-005 0.00279922 0.000574548 0.0127977
9.995E-005 9.995E-005 9.995E-005 9.995E-005 9.995E-005 0.9994 9.995E-005
9.9955E-005 0.00287641 0.996624 9.9955E-005 9.9955E-005 9.9955E-005 9.9955E-005
9.995E-005 9.995E-005 0.9994 9.995E-005 9.995E-005 9.995E-005 9.995E-005
9.9973E-005 9.9973E-005 0.993808 0.00141123 9.9973E-005 0.00252684 0.00195363
0.997652 9.99699E-005 9.99699E-005 9.99699E-005 0.00101951 0.000928148 9.99699E-005
9.9973E-005 9.9973E-005 9.9973E-005 0.00171878 0.00869086 0.976753 0.0125371
0.958763 0.00155782 0.0351665 9.9973E-005 9.9973E-005 9.9973E-005 0.00421245
0.991388 9.9955E-005 9.9955E-005 9.9955E-005 9.9955E-005 9.9955E-005 0.00811175
0.963239 0.00226591 0.0234487 9.9982E-005 9.9982E-005 0.000992055 0.00985397
0.999388 9.9955E-005 9.9955E-005 9.9955E-005 9.9955E-005 9.9955E-005 0.000112097
0.9994 9.995E-005 9.995E-005 9.995E-005 9.995E-005 9.995E-005 9.995E-005
9.995E-005 9.995E-005 9.995E-005 9.995E-005 9.995E-005 9.995E-005 0.9994
9.995E-005 9.995E-005 9.995E-005 9.995E-005 9.995E-005 9.995E-005 0.9994
9.995E-005 9.995E-005 9.995E-005 9.995E-005 9.995E-005 9.995E-005 0.9994
9.9964E-005 9.9964E-005 9.9964E-005 0.00123437 0.00183808 9.9964E-005 0.996528
0.952303 0.000343814 9.9973E-005 9.9973E-005 9.9973E-005 0.0292637 0.0177893
0.017258 9.9964E-005 0.0127627 9.9964E-005 9.9964E-005 9.9964E-005 0.969579
0.9994 9.995E-005 9.995E-005 9.995E-005 9.995E-005 9.995E-005 9.995E-005
0.977395 0.00624729 0.0133976 9.9982E-005 9.9982E-005 0.0019986 0.000761397
0.981614 9.9964E-005 0.0155353 9.9964E-005 9.9964E-005 9.9964E-005 0.00245085
0.991885 9.9964E-005 0.00618035 9.9964E-005 9.9964E-005 9.9964E-005 0.00153477
0.967366 0.00048206 0.0317524 9.9964E-005 9.9964E-005 9.9964E-005 9.9964E-005
0.991223 0.00342013 0.00175433 0.00160089 0.000908658 9.9991E-005 0.000993213
0.981116 0.00481044 0.0106284 0.000343569 9.9991E-005 0.00136965 0.00163189
0.973071 0.00132992 0.0224295 9.9973E-005 9.9973E-005 9.9973E-005 0.00286914
0.960215 0.0100126 0.0254763 0.000797667 0.00270022 9.9991E-005 0.000698627
0.974275 9.9964E-005 0.022539 9.9964E-005 9.9964E-005 0.00278581 9.9964E-005
0.990424 0.00166817 9.9982E-005 0.00285971 0.000603109 9.9982E-005 0.004245
0.985441 0.011242 9.9982E-005 0.00097305 0.000983027 9.9982E-005 0.00116077
0.966832 9.9964E-005 0.0225533 9.9964E-005 9.9964E-005 9.9964E-005 0.0102145
0.956835 9.9982E-005 0.0371772 0.00294694 0.000771057 9.9982E-005 0.00206988
0.984223 0.000715816 0.00719643 9.9973E-005 9.9973E-005 9.9973E-005 0.0075653
0.959242 0.000352008 0.0112781 0.0109924 0.00866401 0.00412764 0.00534354
9.9964E-005 9.9964E-005 0.00197103 9.9964E-005 0.994392 0.00323671 9.9964E-005
9.995E-005 9.995E-005 9.995E-005 9.995E-005 0.9994 9.995E-005 9.995E-005
0.00124912 9.9964E-005 9.9964E-005 9.9964E-005 0.996842 9.9964E-005 0.00150862
0.979535 9.9991E-005 0.000885108 0.00481248 0.00484983 0.00647606 0.00334132
0.116618 0.284011 0.26731 0.0251215 0.0348594 0.0116646 0.260416
9.9982E-005 9.9982E-005 0.00372241 0.990009 0.00256636 0.00297459 0.000527961
9.9964E-005 9.9964E-005 9.9964E-005 0.996864 0.000555355 9.9964E-005 0.00218064
9.995E-005 9.995E-005 9.995E-005 0.9994 9.995E-005 9.995E-005 9.995E-005
9.9955E-005 9.9955E-005 9.9955E-005 0.991055 0.00844509 9.9955E-005 9.9955E-005
9.9973E-005 0.00145072 0.000926553 0.994444 0.00287931 9.9973E-005 9.9973E-005
9.995E-005 9.995E-005 9.995E-005 0.9994 9.995E-005 9.995E-005 9.995E-005
0.00177143 0.00403133 9.9982E-005 0.0142819 0.913801 0.0659144 9.9982E-005
0.000400013 9.9964E-005 9.9964E-005 0.999089 9.9964E-005 0.000111569 9.9964E-005
0.000822391 9.9973E-005 0.00035192 9.9973E-005 0.996777 9.9973E-005 0.00174865
9.9991E-005 0.00912365 0.00206323 0.979644 0.00435135 0.00279371 0.00192391
9.9955E-005 9.9955E-005 9.9955E-005 0.995533 0.00396725 9.9955E-005 9.9955E-005
9.995E-005 9.995E-005 9.995E-005 0.9994 9.995E-005 9.995E-005 9.995E-005
9.9955E-005 9.9955E-005 0.00134183 0.998158 9.9955E-005 9.9955E-005 9.9955E-005
0.960397 0.0122825 0.0166577 0.000633034 9.9991E-005 0.00101789 0.00891213
9.995E-005 9.995E-005 9.995E-005 0.9994 9.995E-005 9.995E-005 9.995E-005
9.9964E-005 9.9964E-005 0.00138202 0.0030954 0.995123 9.9964E-005 9.9964E-005
0.989255 9.9973E-005 0.0032978 0.000482994 0.00666455 9.9973E-005 9.9973E-005
9.995E-005 9.995E-005 0.9994 9.995E-005 9.995E-005 9.995E-005 9.995E-005
9.995E-005 9.995E-005 9.995E-005 0.9994 9.995E-005 9.995E-005 9.995E-005
9.995E-005 9.995E-005 9.995E-005 9.995E-005 9.995E-005 0.9994 9.995E-005
0.00143434 9.9964E-005 0.00472958 9.9964E-005 9.9964E-005 0.993436 9.9964E-005
9.995E-005 9.995E-005 0.9994 9.995E-005 9.995E-005 9.995E-005 9.995E-005
9.995E-005 9.995E-005 9.995E-005 9.995E-005 9.995E-005 0.9994 9.995E-005
0.9994 9.995E-005 9.995E-005 9.995E-005 9.995E-005 9.995E-005 9.995E-005
0.983547 9.9964E-005 0.00780608 9.9964E-005 9.9964E-005 9.9964E-005 0.00824702
0.933131 0.00725214 0.0468017 0.00187883 0.00500913 0.00188689 0.00403996
0.992433 9.9964E-005 9.9964E-005 9.9964E-005 0.000739988 9.9964E-005 0.00642676
0.953875 0.000839711 0.0383961 9.9973E-005 9.9973E-005 9.9973E-005 0.00658958
0.965383 0.00171192 0.0206562 0.00370058 0.00551334 0.00293461 9.9991E-005
0.99916 9.9955E-005 9.9955E-005 9.9955E-005 9.9955E-005 9.9955E-005 0.000340518
9.995E-005 9.995E-005 0.9994 9.995E-005 9.995E-005 9.995E-005 9.995E-005
9.995E-005 9.995E-005 0.9994 9.995E-005 9.995E-005 9.995E-005 9.995E-005
0.9994 9.995E-005 9.995E-005 9.995E-005 9.995E-005 9.995E-005 9.995E-005
0.00547992 9.9964E-005 9.9964E-005 9.9964E-005 0.992278 0.00184211 9.9964E-005
9.9973E-005 9.9973E-005 0.0151708 0.0184235 0.913664 0.0524413 9.9973E-005
0.0135928 9.9991E-005 0.000524984 0.0115397 0.905708 0.0657638 0.00277085
0.0894164 0.0285825 0.0840131 0.0708068 0.588401 0.107014 0.0317671
0.0014391 0.00367139 0.00289724 0.0130521 0.917923 0.060917 9.9991E-005
0.00844375 9.9982E-005 0.0014137 0.00317012 0.985427 0.00134566 9.9982E-005
0.000185034 9.9955E-005 9.9955E-005 9.9955E-005 0.999315 9.9955E-005 9.9955E-005
9.995E-005 9.995E-005 9.995E-005 9.995E-005 0.9994 9.995E-005 9.995E-005
9.9982E-005 0.00199543 0.00856915 0.0127626 0.919469 0.0570041 9.9982E-005
9.995E-005 9.995E-005 0.9994 9.995E-005 9.995E-005 9.995E-005 9.995E-005
9.995E-005 9.995E-005 9.995E-005 9.995E-005 9.995E-005 0.9994 9.995E-005
0.103571 0.0364734 0.610531 0.0757925 0.0872026 0.0383878 0.0480418
9.995E-005 9.995E-005 0.9994 9.995E-005 9.995E-005 9.995E-005 9.995E-005
9.995E-005 9.995E-005 0.9994 9.995E-005 9.995E-005 9.995E-005 9.995E-005
0.00285651 9.9955E-005 9.9955E-005 9.9955E-005 9.9955E-005 0.996644 9.9955E-005
9.995E-005 9.995E-005 9.995E-005 0.9994 9.995E-005 9.995E-005 9.995E-005
0.650214 0.0369102 0.27482 9.9982E-005 9.9982E-005 0.00273375 0.0351215
9.995E-005 9.995E-005 0.9994 9.995E-005 9.995E-005 9.995E-005 9.995E-005
9.995E-005 9.995E-005 0.9994 9.995E-005 9.995E-005 9.995E-005 9.995E-005
9.995E-005 9.995E-005 0.9994 9.995E-005 9.995E-005 9.995E-005 9.995E-005
9.995E-005 9.995E-005 0.9994 9.995E-005 9.995E-005 9.995E-005 9.995E-005
9.995E-005 9.995E-005 0.9994 9.995E-005 9.995E-005 9.995E-005 9.995E-005
9.995E-005 9.995E-005 0.9994 9.995E-005 9.995E-005 9.995E-005 9.995E-005
