9.9955E-005 9.9955E-005 0.887917 9.9955E-005 9.9955E-005 0.0164797 0.0213807 0.0205706 0.023967 0.0153232 0.0138624 9.9955E-005
0.00121013 0.00033857 0.889606 9.9982E-005 0.00335582 0.0290941 0.0188687 0.00957811 0.0279982 0.0136955 0.0060552 9.9982E-005
9.9973E-005 9.9973E-005 0.0075726 0.00184006 9.9973E-005 0.0204193 0.00989454 0.00602582 0.888736 0.0585139 0.00620401 0.000494186
9.9937E-005 9.9937E-005 9.9937E-005 9.9937E-005 9.9937E-005 0.0266327 0.0134481 0.00120889 0.900709 0.0573022 9.9937E-005 9.9937E-005
0.000182682 0.000823902 0.00340489 0.00152785 0.00336838 0.0358785 0.00182686 9.9991E-005 0.91306 0.0257411 0.0129142 0.00117147
9.99101E-005 9.99101E-005 0.00393338 9.99101E-005 9.99101E-005 9.99101E-005 9.99101E-005 9.99101E-005 0.995068 9.99101E-005 9.99101E-005 9.99101E-005
9.99101E-005 9.99101E-005 9.99101E-005 9.99101E-005 9.99101E-005 9.99101E-005 9.99101E-005 9.99101E-005 0.992045 0.00695632 9.99101E-005 9.99101E-005
9.99011E-005 9.99011E-005 9.99011E-005 9.99011E-005 9.99011E-005 9.99011E-005 9.99011E-005 9.99011E-005 0.998901 9.99011E-005 9.99011E-005 9.99011E-005
0.00949295 9.9937E-005 9.9937E-005 9.9937E-005 0.00562988 9.9937E-005 9.9937E-005 0.000127383 9.9937E-005 0.00304472 9.9937E-005 0.981006
0.00301807 0.000132313 0.000877762 9.9946E-005 0.00118264 0.989243 9.9946E-005 9.9946E-005 9.9946E-005 9.9946E-005 9.9946E-005 0.00494686
9.9928E-005 0.00144829 9.9928E-005 0.00147908 0.00177088 0.994502 9.9928E-005 9.9928E-005 9.9928E-005 9.9928E-005 9.9928E-005 9.9928E-005
0.994037 9.99101E-005 9.99101E-005 0.00496363 9.99101E-005 9.99101E-005 9.99101E-005 9.99101E-005 9.99101E-005 9.99101E-005 9.99101E-005 9.99101E-005
9.99101E-005 9.99101E-005 9.99101E-005 0.00316761 9.99101E-005 0.995833 9.99101E-005 9.99101E-005 9.99101E-005 9.99101E-005 9.99101E-005 9.99101E-005
9.99191E-005 9.99191E-005 9.99191E-005 0.0034402 0.00181682 0.993844 9.99191E-005 9.99191E-005 9.99191E-005 9.99191E-005 9.99191E-005 9.99191E-005
9.9928E-005 9.9928E-005 0.00397631 0.00584252 0.000935743 0.988446 9.9928E-005 9.9928E-005 9.9928E-005 9.9928E-005 9.9928E-005 9.9928E-005
9.99191E-005 0.000318921 9.99191E-005 9.99191E-005 0.00589944 0.992882 9.99191E-005 9.99191E-005 9.99191E-005 9.99191E-005 9.99191E-005 9.99191E-005
0.997635 0.000131297 9.99191E-005 9.99191E-005 9.99191E-005 9.99191E-005 9.99191E-005 9.99191E-005 0.00133429 9.99191E-005 9.99191E-005 9.99191E-005
9.9946E-005 9.9946E-005 0.0033331 9.9946E-005 9.9946E-005 0.00850265 9.9946E-005 0.0035052 0.0180012 0.964802 0.00125609 9.9946E-005
9.99011E-005 9.99011E-005 0.998901 9.99011E-005 9.99011E-005 9.99011E-005 9.99011E-005 9.99011E-005 9.99011E-005 9.99011E-005 9.99011E-005 9.99011E-005
9.99191E-005 0.00174806 0.995012 9.99191E-005 9.99191E-005 0.00234109 9.99191E-005 9.99191E-005 9.99191E-005 9.99191E-005 9.99191E-005 9.99191E-005
9.99011E-005 9.99011E-005 0.998901 9.99011E-005 9.99011E-005 9.99011E-005 9.99011E-005 9.99011E-005 9.99011E-005 9.99011E-005 9.99011E-005 9.99011E-005
0.000194074 9.99101E-005 0.998807 9.99101E-005 9.99101E-005 9.99101E-005 9.99101E-005 9.99101E-005 9.99101E-005 9.99101E-005 9.99101E-005 9.99101E-005
9.99011E-005 9.99011E-005 0.998901 9.99011E-005 9.99011E-005 9.99011E-005 9.99011E-005 9.99011E-005 9.99011E-005 9.99011E-005 9.99011E-005 9.99011E-005
9.99011E-005 9.99011E-005 0.998901 9.99011E-005 9.99011E-005 9.99011E-005 9.99011E-005 9.99011E-005 9.99011E-005 9.99011E-005 9.99011E-005 9.99011E-005
9.99101E-005 9.99101E-005 0.997221 9.99101E-005 9.99101E-005 9.99101E-005 0.00177968 9.99101E-005 9.99101E-005 9.99101E-005 9.99101E-005 9.99101E-005
9.99011E-005 9.99011E-005 0.998901 9.99011E-005 9.99011E-005 9.99011E-005 9.99011E-005 9.99011E-005 9.99011E-005 9.99011E-005 9.99011E-005 9.99011E-005
9.99101E-005 9.99101E-005 0.995968 9.99101E-005 9.99101E-005 9.99101E-005 9.99101E-005 9.99101E-005 9.99101E-005 0.00303295 9.99101E-005 9.99101E-005
0.00116256 9.9928E-005 0.989964 9.9928E-005 0.00606573 9.9928E-005 9.9928E-005 0.00200783 9.9928E-005 9.9928E-005 9.9928E-005 9.9928E-005
9.9946E-005 9.9946E-005 0.0223511 9.9946E-005 0.000798749 9.9946E-005 0.0885898 0.00950399 9.9946E-005 9.9946E-005 0.877916 0.000240974
9.9955E-005 9.9955E-005 9.9955E-005 0.00140166 9.9955E-005 0.0113714 0.0848351 0.00154986 0.00471445 0.00641453 0.889213 9.9955E-005
9.99011E-005 9.99011E-005 9.99011E-005 9.99011E-005 9.99011E-005 9.99011E-005 9.99011E-005 9.99011E-005 9.99011E-005 9.99011E-005 0.998901 9.99011E-005
9.99011E-005 9.99011E-005 9.99011E-005 9.99011E-005 9.99011E-005 9.99011E-005 9.99011E-005 9.99011E-005 9.99011E-005 9.99011E-005 0.998901 9.99011E-005
9.99101E-005 9.99101E-005 0.0019536 9.99101E-005 9.99101E-005 9.99101E-005 9.99101E-005 9.99101E-005 9.99101E-005 9.99101E-005 0.997047 9.99101E-005
9.99011E-005 9.99011E-005 9.99011E-005 9.99011E-005 9.99011E-005 9.99011E-005 9.99011E-005 9.99011E-005 9.99011E-005 0.998901 9.99011E-005 9.99011E-005
9.99011E-005 9.99011E-005 9.99011E-005 9.99011E-005 9.99011E-005 9.99011E-005 9.99011E-005 9.99011E-005 9.99011E-005 0.998901 9.99011E-005 9.99011E-005
9.99011E-005 9.99011E-005 9.99011E-005 9.99011E-005 9.99011E-005 9.99011E-005 9.99011E-005 9.99011E-005 9.99011E-005 0.998901 9.99011E-005 9.99011E-005
9.99101E-005 9.99101E-005 0.000291082 9.99101E-005 9.99101E-005 9.99101E-005 9.99101E-005 9.99101E-005 9.99101E-005 0.99871 9.99101E-005 9.99101E-005
0.0191785 9.99191E-005 9.99191E-005 0.978566 0.00135665 9.99191E-005 9.99191E-005 9.99191E-005 9.99191E-005 9.99191E-005 9.99191E-005 9.99191E-005
9.9928E-005 9.9928E-005 0.00228472 9.9928E-005 0.00274806 9.9928E-005 9.9928E-005 9.9928E-005 9.9928E-005 9.9928E-005 0.992839 0.00132872
9.9937E-005 0.00109089 9.9937E-005 9.9937E-005 0.00148386 9.9937E-005 9.9937E-005 9.9937E-005 9.9937E-005 0.0122001 0.983546 0.000979405
9.9919E-005 9.9919E-005 9.9919E-005 9.9919E-005 0.00101114 0.000964432 9.9919E-005 9.9919E-005 9.9919E-005 9.9919E-005 0.997125 9.9919E-005
0.000807422 9.9937E-005 0.00353671 0.00111484 9.9937E-005 9.9937E-005 9.9937E-005 9.9937E-005 9.9937E-005 9.9937E-005 0.99305 0.000791647
0.0118763 9.9928E-005 0.00130307 9.9928E-005 0.00559154 9.9928E-005 9.9928E-005 9.9928E-005 9.9928E-005 9.9928E-005 9.9928E-005 0.98043
9.9955E-005 0.0708717 0.000214981 0.00920289 0.0026084 0.0042375 9.9955E-005 0.00554859 9.9955E-005 9.9955E-005 9.9955E-005 0.906816
0.00816189 9.99191E-005 0.00411912 9.99191E-005 9.99191E-005 9.99191E-005 9.99191E-005 9.99191E-005 9.99191E-005 9.99191E-005 9.99191E-005 0.98682
9.9928E-005 0.0186752 9.9928E-005 0.00314257 9.9928E-005 9.9928E-005 9.9928E-005 9.9928E-005 0.0049902 9.9928E-005 9.9928E-005 0.972393
9.9946E-005 9.9946E-005 9.9946E-005 0.00703915 0.0036165 9.9946E-005 0.0041795 0.00145339 0.00509057 9.9946E-005 9.9946E-005 0.978021
9.9928E-005 0.00735604 9.9928E-005 9.9928E-005 9.9928E-005 9.9928E-005 0.00227954 9.9928E-005 9.9928E-005 0.00133052 9.9928E-005 0.988234
0.00464876 9.9946E-005 9.9946E-005 0.000614067 0.00363408 0.000760696 9.9946E-005 9.9946E-005 9.9946E-005 9.9946E-005 0.000922476 0.98882
9.9919E-005 0.02345 9.9919E-005 0.00761393 9.9919E-005 9.9919E-005 9.9919E-005 9.9919E-005 9.9919E-005 9.9919E-005 9.9919E-005 0.968037
9.99281E-005 9.99281E-005 9.99281E-005 9.99281E-005 0.000867974 0.981753 9.99281E-005 0.00930572 0.00727402 9.99281E-005 9.99281E-005 9.99281E-005
9.9946E-005 9.9946E-005 0.00404264 9.9946E-005 0.00167317 0.961793 0.00907316 9.9946E-005 0.0216703 9.9946E-005 9.9946E-005 0.00114783
9.9928E-005 9.9928E-005 9.9928E-005 9.9928E-005 9.9928E-005 0.945206 9.9928E-005 9.9928E-005 0.0370365 0.015116 0.00184215 9.9928E-005
9.99191E-005 9.99191E-005 9.99191E-005 9.99191E-005 9.99191E-005 0.993417 9.99191E-005 9.99191E-005 9.99191E-005 0.00483496 0.000848699 9.99191E-005
9.9946E-005 9.9946E-005 0.000114392 0.0036942 0.00582427 0.981288 9.9946E-005 0.00601515 9.9946E-005 9.9946E-005 9.9946E-005 0.00246434
9.99101E-005 9.99101E-005 9.99101E-005 9.99101E-005 9.99101E-005 0.997944 9.99101E-005 9.99101E-005 9.99101E-005 0.00105689 9.99101E-005 9.99101E-005
9.99025E-005 9.99025E-005 9.99025E-005 9.99025E-005 0.998901 9.99025E-005 9.99025E-005 9.99025E-005 9.99025E-005 9.99025E-005 9.99025E-005 9.99025E-005
9.99011E-005 9.99011E-005 9.99011E-005 9.99011E-005 9.99011E-005 9.99011E-005 9.99011E-005 9.99011E-005 9.99011E-005 9.99011E-005 9.99011E-005 0.998901
0.00300381 9.99191E-005 9.99191E-005 9.99191E-005 0.991581 9.99191E-005 9.99191E-005 9.99191E-005 9.99191E-005 0.00451602 9.99191E-005 9.99191E-005
9.99011E-005 9.99011E-005 9.99011E-005 9.99011E-005 9.99011E-005 9.99011E-005 9.99011E-005 9.99011E-005 9.99011E-005 9.99011E-005 9.99011E-005 0.998901
9.99011E-005 9.99011E-005 9.99011E-005 9.99011E-005 9.99011E-005 9.99011E-005 9.99011E-005 9.99011E-005 9.99011E-005 9.99011E-005 9.99011E-005 0.998901
9.9955E-005 9.9955E-005 0.00631994 9.9955E-005 0.000296826 0.0164114 0.0187563 9.9955E-005 0.90906 0.0435059 0.00515028 9.9955E-005
9.99101E-005 9.99101E-005 9.99101E-005 9.99101E-005 9.99101E-005 9.99101E-005 9.99101E-005 9.99101E-005 0.997882 9.99101E-005 0.00111862 9.99101E-005
9.99011E-005 9.99011E-005 9.99011E-005 9.99011E-005 9.99011E-005 9.99011E-005 9.99011E-005 9.99011E-005 0.998901 9.99011E-005 9.99011E-005 9.99011E-005
0.00128573 9.9982E-005 0.00505284 0.000978331 0.000770023 0.0373178 0.00497084 9.9982E-005 0.918314 0.0248965 0.000926548 0.00528733
9.9973E-005 9.9973E-005 0.00647703 9.9973E-005 0.000878081 0.0340434 0.00261559 0.00126809 0.926152 0.0201206 0.0055706 0.00257512
9.9937E-005 9.9937E-005 9.9937E-005 9.9937E-005 9.9937E-005 0.00173495 0.000693646 0.00162779 0.993682 9.9937E-005 0.00156163 9.9937E-005
9.99101E-005 9.99101E-005 9.99101E-005 9.99101E-005 9.99101E-005 9.99101E-005 9.99101E-005 9.99101E-005 0.00244852 9.99101E-005 9.99101E-005 0.996552
0.0197335 0.0603434 9.9946E-005 9.9946E-005 0.00341625 9.9946E-005 0.00370691 0.0019708 9.9946E-005 9.9946E-005 9.9946E-005 0.910229
9.99214E-005 9.99214E-005 0.00148534 9.99214E-005 0.00117866 9.99214E-005 9.99214E-005 9.99214E-005 9.99214E-005 9.99214E-005 9.99214E-005 0.996437
0.00639189 9.9928E-005 0.00200516 9.9928E-005 0.00355833 9.9928E-005 9.9928E-005 9.9928E-005 9.9928E-005 9.9928E-005 9.9928E-005 0.987245
0.00825048 9.99191E-005 9.99191E-005 9.99191E-005 9.99191E-005 9.99191E-005 9.99191E-005 9.99191E-005 9.99191E-005 9.99191E-005 0.000938904 0.989911
9.9928E-005 0.00460558 9.9928E-005 0.000255612 9.9928E-005 9.9928E-005 9.9928E-005 0.000935922 9.9928E-005 9.9928E-005 9.9928E-005 0.993403
9.9928E-005 0.0606977 0.000641481 0.0149596 9.9928E-005 9.9928E-005 9.9928E-005 9.9928E-005 9.9928E-005 9.9928E-005 9.9928E-005 0.922902
9.9946E-005 0.0815069 0.00171393 0.0149928 0.00133925 9.9946E-005 9.9946E-005 9.9946E-005 0.00216272 9.9946E-005 9.9946E-005 0.897685
0.0112641 0.0637119 0.000194549 0.00208835 0.00458719 9.9946E-005 9.9946E-005 9.9946E-005 9.9946E-005 9.9946E-005 9.9946E-005 0.917554
9.99191E-005 0.000889139 0.00237255 9.99191E-005 9.99191E-005 9.99191E-005 9.99191E-005 9.99191E-005 9.99191E-005 9.99191E-005 9.99191E-005 0.995839
9.99191E-005 0.0701319 9.99191E-005 0.0176377 9.99191E-005 9.99191E-005 9.99191E-005 9.99191E-005 9.99191E-005 9.99191E-005 9.99191E-005 0.911331
9.99191E-005 0.0935652 9.99191E-005 0.0171044 9.99191E-005 9.99191E-005 9.99191E-005 9.99191E-005 9.99191E-005 9.99191E-005 9.99191E-005 0.888431
0.0323769 0.0407485 9.9937E-005 9.9937E-005 0.00743119 9.9937E-005 0.00393742 9.9937E-005 9.9937E-005 9.9937E-005 9.9937E-005 0.914806
0.0123585 0.068935 9.9946E-005 9.9946E-005 0.0024377 9.9946E-005 9.9946E-005 0.000192536 9.9946E-005 0.000237141 9.9946E-005 0.915239
9.9955E-005 9.9955E-005 0.00767312 0.000813177 9.9955E-005 0.0338968 0.0081609 9.9955E-005 0.904498 0.044014 0.000443679 9.9955E-005
9.9964E-005 9.9964E-005 0.00179796 9.9964E-005 9.9964E-005 0.0297625 0.00764261 0.000442206 0.0473435 0.908566 0.00201556 0.00202992
9.9928E-005 0.000275536 9.9928E-005 9.9928E-005 9.9928E-005 0.0035193 0.00322198 9.9928E-005 9.9928E-005 0.992184 9.9928E-005 9.9928E-005
9.99101E-005 0.0104441 9.99101E-005 0.988557 9.99101E-005 9.99101E-005 9.99101E-005 9.99101E-005 9.99101E-005 9.99101E-005 9.99101E-005 9.99101E-005
0.00642488 9.99101E-005 9.99101E-005 0.992576 9.99101E-005 9.99101E-005 9.99101E-005 9.99101E-005 9.99101E-005 9.99101E-005 9.99101E-005 9.99101E-005
9.99191E-005 0.00264285 9.99191E-005 9.99191E-005 9.99191E-005 9.99191E-005 9.99191E-005 0.00290025 9.99191E-005 0.993558 9.99191E-005 9.99191E-005
9.9982E-005 9.9982E-005 0.0337639 0.000191291 0.00218938 0.13255 0.02437 0.0263648 0.306802 0.447987 0.0162195 0.00936202
0.010114 0.00805194 0.0413677 0.0250614 0.0741807 0.136828 9.9991E-005 0.0303119 0.228287 0.319544 0.061552 0.0646012
9.99011E-005 9.99011E-005 9.99011E-005 9.99011E-005 9.99011E-005 9.99011E-005 0.998901 9.99011E-005 9.99011E-005 9.99011E-005 9.99011E-005 9.99011E-005
9.9946E-005 9.9946E-005 0.00397987 9.9946E-005 9.9946E-005 0.00461737 0.9583 9.9946E-005 0.00248932 0.00581966 0.0241946 9.9946E-005
9.99101E-005 9.99101E-005 9.99101E-005 0.998298 9.99101E-005 9.99101E-005 9.99101E-005 9.99101E-005 9.99101E-005 9.99101E-005 9.99101E-005 0.000702467
9.99011E-005 9.99011E-005 9.99011E-005 0.998901 9.99011E-005 9.99011E-005 9.99011E-005 9.99011E-005 9.99011E-005 9.99011E-005 9.99011E-005 9.99011E-005
9.99167E-005 9.99167E-005 9.99167E-005 9.99167E-005 0.00120992 9.99167E-005 0.997791 9.99167E-005 9.99167E-005 9.99167E-005 9.99167E-005 9.99167E-005
9.9964E-005 9.9964E-005 0.0346166 0.00321 9.9964E-005 0.131103 0.0220014 0.0187931 0.328492 0.436889 0.0244951 9.9964E-005
9.99011E-005 9.99011E-005 9.99011E-005 0.998901 9.99011E-005 9.99011E-005 9.99011E-005 9.99011E-005 9.99011E-005 9.99011E-005 9.99011E-005 9.99011E-005
9.99011E-005 9.99011E-005 9.99011E-005 9.99011E-005 9.99011E-005 9.99011E-005 0.998901 9.99011E-005 9.99011E-005 9.99011E-005 9.99011E-005 9.99011E-005
0.00241444 0.00132241 0.00746973 9.9991E-005 0.00484638 0.0205209 0.00191502 0.0118436 0.0199085 0.912337 0.0135427 0.00377903
9.9928E-005 9.9928E-005 9.9928E-005 9.9928E-005 9.9928E-005 0.0219025 9.9928E-005 9.9928E-005 0.00270594 0.973552 0.00104025 9.9928E-005
0.0142567 0.0108508 0.0315279 9.9991E-005 0.042399 0.134529 0.00377629 0.0492201 0.249435 0.422558 0.0190846 0.0222626
0.00677407 9.9973E-005 0.233471 9.9973E-005 0.00580199 0.0866113 0.180825 0.147441 0.114588 0.119452 0.104735 9.9973E-005
0.00188212 9.9937E-005 9.9937E-005 9.9937E-005 9.9937E-005 0.0138309 9.9937E-005 9.9937E-005 0.0187805 0.961571 0.00323621 9.9937E-005
9.9946E-005 9.9946E-005 0.00562717 9.9946E-005 9.9946E-005 0.0284574 0.00204634 9.9946E-005 0.0188823 0.942918 0.00146906 9.9946E-005
9.9964E-005 0.00225231 9.9964E-005 0.000215501 0.000617538 0.00817545 9.9964E-005 0.0110767 9.9964E-005 0.965489 0.0103998 0.00137409
0.0380387 9.9937E-005 0.00388765 0.948535 0.00777512 9.9937E-005 0.00106428 9.9937E-005 9.9937E-005 9.9937E-005 9.9937E-005 9.9937E-005
9.9946E-005 9.9946E-005 9.9946E-005 9.9946E-005 9.9946E-005 0.00158601 0.00399598 0.00312496 0.00988833 0.972936 0.00786865 9.9946E-005
9.9937E-005 0.00494612 9.9937E-005 0.991937 0.000393012 9.9937E-005 9.9937E-005 9.9937E-005 9.9937E-005 9.9937E-005 0.000499524 0.00152433
9.99011E-005 9.99011E-005 9.99011E-005 9.99011E-005 9.99011E-005 9.99011E-005 9.99011E-005 9.99011E-005 9.99011E-005 0.998901 9.99011E-005 9.99011E-005
9.99101E-005 0.00523776 9.99101E-005 0.993763 9.99101E-005 9.99101E-005 9.99101E-005 9.99101E-005 9.99101E-005 9.99101E-005 9.99101E-005 9.99101E-005
0.00128172 0.000291583 0.000508827 9.9946E-005 9.9946E-005 0.00141496 0.00319229 9.9946E-005 9.9946E-005 9.9946E-005 0.992711 9.9946E-005
9.99011E-005 9.99011E-005 9.99011E-005 9.99011E-005 9.99011E-005 9.99011E-005 9.99011E-005 9.99011E-005 9.99011E-005 0.998901 9.99011E-005 9.99011E-005
9.9946E-005 9.9946E-005 0.0298904 9.9946E-005 9.9946E-005 0.00990561 0.0911855 0.000581248 0.0202891 9.9946E-005 0.847549 9.9946E-005
9.99011E-005 9.99011E-005 9.99011E-005 9.99011E-005 9.99011E-005 9.99011E-005 9.99011E-005 9.99011E-005 9.99011E-005 0.998901 9.99011E-005 9.99011E-005
9.9937E-005 9.9937E-005 0.0103022 9.9937E-005 0.000486762 9.9937E-005 9.9937E-005 0.00413095 9.9937E-005 0.980963 0.00341738 9.9937E-005
9.99011E-005 9.99011E-005 9.99011E-005 9.99011E-005 9.99011E-005 9.99011E-005 9.99011E-005 9.99011E-005 9.99011E-005 0.998901 9.99011E-005 9.99011E-005
9.99011E-005 9.99011E-005 9.99011E-005 9.99011E-005 9.99011E-005 9.99011E-005 9.99011E-005 9.99011E-005 9.99011E-005 0.998901 9.99011E-005 9.99011E-005
0.00547376 9.9928E-005 9.9928E-005 0.982906 0.00129695 9.9928E-005 9.9928E-005 9.9928E-005 9.9928E-005 9.9928E-005 9.9928E-005 0.00952392
9.9937E-005 9.9937E-005 0.0132123 9.9937E-005 9.9937E-005 0.0201726 9.9937E-005 0.00711276 0.956328 0.00247488 9.9937E-005 9.9937E-005
9.9928E-005 9.9928E-005 0.0124799 9.9928E-005 9.9928E-005 0.0171789 9.9928E-005 0.00203736 0.967504 9.9928E-005 9.9928E-005 9.9928E-005
9.9964E-005 9.9964E-005 0.00514343 0.00200065 9.9964E-005 0.0290313 0.00651807 0.000182103 0.913884 0.0321515 0.010689 9.9964E-005
9.99345E-005 9.99345E-005 9.99345E-005 0.00264443 9.99345E-005 0.993851 9.99345E-005 9.99345E-005 0.00144389 9.99345E-005 9.99345E-005 0.00126119
9.9937E-005 0.014704 9.9937E-005 0.966121 0.00829403 9.9937E-005 9.9937E-005 9.9937E-005 0.00710662 9.9937E-005 0.00307516 9.9937E-005
9.9928E-005 9.9928E-005 9.9928E-005 9.9928E-005 9.9928E-005 0.954641 0.00749063 9.9928E-005 0.0227895 0.0142791 9.9928E-005 9.9928E-005
0.00013622 0.00060259 9.9946E-005 0.000656245 9.9946E-005 0.992982 0.00213966 9.9946E-005 9.9946E-005 9.9946E-005 0.00288333 9.9946E-005
9.9955E-005 9.9955E-005 0.00123511 0.00105323 9.9955E-005 0.955371 0.000314574 0.00907998 0.0171177 0.0153291 9.9955E-005 9.9955E-005
9.99101E-005 9.99101E-005 9.99101E-005 9.99101E-005 9.99101E-005 0.993982 9.99101E-005 0.00501888 9.99101E-005 9.99101E-005 9.99101E-005 9.99101E-005
9.9928E-005 9.9928E-005 9.9928E-005 9.9928E-005 9.9928E-005 0.9782 9.9928E-005 9.9928E-005 0.00167809 0.017682 0.00164014 9.9928E-005
9.9928E-005 0.000670971 9.9928E-005 9.9928E-005 9.9928E-005 9.9928E-005 9.9928E-005 9.9928E-005 0.00373651 9.9928E-005 0.993629 0.00116431
9.99011E-005 9.99011E-005 9.99011E-005 9.99011E-005 9.99011E-005 9.99011E-005 9.99011E-005 9.99011E-005 9.99011E-005 9.99011E-005 0.998901 9.99011E-005
9.99101E-005 9.99101E-005 9.99101E-005 9.99101E-005 9.99101E-005 9.99101E-005 9.99101E-005 9.99101E-005 0.00472427 9.99101E-005 0.994277 9.99101E-005
9.99221E-005 0.00213963 9.99221E-005 9.99221E-005 9.99221E-005 9.99221E-005 9.99221E-005 0.009908 9.99221E-005 9.99221E-005 0.987053 9.99221E-005
9.9946E-005 9.9946E-005 0.0039168 0.0309363 9.9946E-005 0.941481 0.00643012 9.9946E-005 9.9946E-005 0.00736909 0.00926697 9.9946E-005
9.9946E-005 9.9946E-005 0.00633396 9.9946E-005 9.9946E-005 0.00362357 0.0752949 9.9946E-005 0.0211938 0.000939285 0.892015 9.9946E-005
9.99101E-005 9.99101E-005 9.99101E-005 9.99101E-005 9.99101E-005 0.993424 9.99101E-005 0.00557651 9.99101E-005 9.99101E-005 9.99101E-005 9.99101E-005
0.000449082 9.9928E-005 9.9928E-005 9.9928E-005 9.9928E-005 0.979107 9.9928E-005 9.9928E-005 0.00751479 0.0121295 9.9928E-005 9.9928E-005
9.9919E-005 9.9919E-005 9.9919E-005 9.9919E-005 9.9919E-005 0.979083 9.9919E-005 9.9919E-005 0.0090033 0.0110142 9.9919E-005 9.9919E-005
9.99191E-005 9.99191E-005 9.99191E-005 9.99191E-005 9.99191E-005 0.97843 9.99191E-005 9.99191E-005 9.99191E-005 0.016771 0.00390013 9.99191E-005
9.99191E-005 9.99191E-005 9.99191E-005 9.99191E-005 9.99191E-005 0.975333 9.99191E-005 9.99191E-005 0.0153138 0.00845356 9.99191E-005 9.99191E-005
9.9937E-005 9.9937E-005 0.00201663 9.9937E-005 0.00092976 0.984981 9.9937E-005 0.0101534 0.00122 9.9937E-005 9.9937E-005 9.9937E-005
9.99623E-005 0.00131225 0.00649055 9.99623E-005 0.000215145 0.968726 0.00192389 9.99623E-005 9.99623E-005 0.0173007 0.00353201 9.99623E-005
9.9928E-005 9.9928E-005 9.9928E-005 9.9928E-005 9.9928E-005 0.96987 0.00616932 9.9928E-005 0.00137653 0.0217843 9.9928E-005 9.9928E-005
9.9955E-005 0.00072392 0.0106592 9.9955E-005 9.9955E-005 0.956872 9.9955E-005 0.0072815 0.021271 9.9955E-005 0.00158215 0.00111011
9.9955E-005 0.00363032 0.00255321 9.9955E-005 0.000953214 0.969991 9.9955E-005 0.0105769 0.011202 0.000593168 9.9955E-005 9.9955E-005
9.9955E-005 0.000517392 0.00627503 9.9955E-005 0.000349344 0.987648 9.9955E-005 0.00130897 9.9955E-005 9.9955E-005 0.00197694 0.00142467
9.99101E-005 9.99101E-005 0.0115184 9.99101E-005 9.99101E-005 0.987483 9.99101E-005 9.99101E-005 9.99101E-005 9.99101E-005 9.99101E-005 9.99101E-005
9.9937E-005 9.9937E-005 9.9937E-005 9.9937E-005 9.9937E-005 0.960846 0.00356227 9.9937E-005 0.00226583 0.0298493 0.00277708 9.9937E-005
9.9955E-005 0.0022164 9.9955E-005 9.9955E-005 0.00114658 0.965424 9.9955E-005 0.00585277 0.0231762 0.000861731 9.9955E-005 0.000822144
9.9928E-005 9.9928E-005 0.00967279 9.9928E-005 9.9928E-005 0.96864 9.9928E-005 9.9928E-005 9.9928E-005 0.0155763 0.00531107 9.9928E-005
0.00134373 0.00556821 9.9982E-005 9.9982E-005 0.00960349 0.942796 0.00013091 0.0183301 0.000967151 0.00979351 0.0037296 0.00753731
9.99281E-005 0.0144694 9.99281E-005 0.00870123 9.99281E-005 9.99281E-005 9.99281E-005 9.99281E-005 0.00273477 9.99281E-005 9.99281E-005 0.973295
9.99101E-005 9.99101E-005 9.99101E-005 9.99101E-005 9.99101E-005 9.99101E-005 9.99101E-005 0.00165271 9.99101E-005 9.99101E-005 9.99101E-005 0.997348
9.9937E-005 9.9937E-005 9.9937E-005 9.9937E-005 0.00200696 0.00109401 9.9937E-005 9.9937E-005 9.9937E-005 0.000984214 0.00187646 0.993339
0.00315464 0.005664 9.99725E-005 9.99725E-005 0.00356524 0.967847 0.00388185 0.0115938 0.000551198 0.00334279 9.99725E-005 9.99725E-005
9.9901E-005 9.9901E-005 9.9901E-005 9.9901E-005 9.9901E-005 9.9901E-005 9.9901E-005 0.998901 9.9901E-005 9.9901E-005 9.9901E-005 9.9901E-005
9.9928E-005 9.9928E-005 9.9928E-005 0.00204474 0.988458 9.9928E-005 9.9928E-005 0.000259048 0.00843928 9.9928E-005 9.9928E-005 9.9928E-005
9.99191E-005 9.99191E-005 9.99191E-005 9.99191E-005 0.997056 9.99191E-005 0.0010228 9.99191E-005 9.99191E-005 9.99191E-005 9.99191E-005 0.00102211
0.000735265 9.99101E-005 9.99101E-005 9.99101E-005 0.998266 9.99101E-005 9.99101E-005 9.99101E-005 9.99101E-005 9.99101E-005 9.99101E-005 9.99101E-005
0.00339124 9.99281E-005 9.99281E-005 9.99281E-005 0.990617 9.99281E-005 9.99281E-005 0.000442875 9.99281E-005 9.99281E-005 9.99281E-005 0.004749
9.99191E-005 9.99191E-005 9.99191E-005 0.00337106 0.992824 9.99191E-005 9.99191E-005 9.99191E-005 0.00290572 9.99191E-005 9.99191E-005 9.99191E-005
9.99011E-005 9.99011E-005 9.99011E-005 9.99011E-005 0.998901 9.99011E-005 9.99011E-005 9.99011E-005 9.99011E-005 9.99011E-005 9.99011E-005 9.99011E-005
9.991E-005 0.967735 9.991E-005 9.991E-005 9.991E-005 9.991E-005 9.991E-005 9.991E-005 9.991E-005 9.991E-005 9.991E-005 0.0312655
9.99011E-005 9.99011E-005 9.99011E-005 9.99011E-005 0.998901 9.99011E-005 9.99011E-005 9.99011E-005 9.99011E-005 9.99011E-005 9.99011E-005 9.99011E-005
9.99101E-005 9.99101E-005 9.99101E-005 9.99101E-005 9.99101E-005 0.000898441 9.99101E-005 9.99101E-005 9.99101E-005 9.99101E-005 9.99101E-005 0.998102
9.9955E-005 0.00193852 0.00600283 0.000541306 0.976477 9.9955E-005 9.9955E-005 0.00862889 9.9955E-005 9.9955E-005 0.0012023 0.00470985
0.00532738 9.99191E-005 9.99191E-005 9.99191E-005 0.993445 9.99191E-005 9.99191E-005 9.99191E-005 9.99191E-005 9.99191E-005 9.99191E-005 0.000328619
9.99011E-005 9.99011E-005 9.99011E-005 9.99011E-005 0.998901 9.99011E-005 9.99011E-005 9.99011E-005 9.99011E-005 9.99011E-005 9.99011E-005 9.99011E-005
9.99101E-005 9.99101E-005 9.99101E-005 9.99101E-005 0.996885 9.99101E-005 9.99101E-005 9.99101E-005 9.99101E-005 0.0021162 9.99101E-005 9.99101E-005
9.9973E-005 0.0016577 0.0103422 0.000397625 0.00105086 0.942154 0.00636348 0.00563931 0.028975 0.00311995 9.9973E-005 9.9973E-005
9.99011E-005 9.99011E-005 9.99011E-005 9.99011E-005 0.998901 9.99011E-005 9.99011E-005 9.99011E-005 9.99011E-005 9.99011E-005 9.99011E-005 9.99011E-005
0.00232161 9.9928E-005 9.9928E-005 9.9928E-005 0.00342099 9.9928E-005 9.9928E-005 9.9928E-005 9.9928E-005 0.000205831 9.9928E-005 0.993252
9.9955E-005 9.9955E-005 9.9955E-005 0.00139457 9.9955E-005 0.967781 0.00168406 0.00275804 0.0080469 0.0115208 9.9955E-005 0.00631497
9.9946E-005 9.9946E-005 0.00514132 9.9946E-005 9.9946E-005 0.00208573 0.0004696 9.9946E-005 0.980332 0.0100545 0.00131701 9.9946E-005
9.99101E-005 9.99101E-005 9.99101E-005 9.99101E-005 0.997334 9.99101E-005 9.99101E-005 0.00166664 9.99101E-005 9.99101E-005 9.99101E-005 9.99101E-005
0.00248976 9.99101E-005 9.99101E-005 0.996511 9.99101E-005 9.99101E-005 9.99101E-005 9.99101E-005 9.99101E-005 9.99101E-005 9.99101E-005 9.99101E-005
0.0181331 9.9937E-005 9.9937E-005 0.970138 0.00721587 9.9937E-005 9.9937E-005 0.00027838 0.00353462 9.9937E-005 9.9937E-005 9.9937E-005
9.99011E-005 9.99011E-005 9.99011E-005 9.99011E-005 9.99011E-005 9.99011E-005 9.99011E-005 9.99011E-005 0.998901 9.99011E-005 9.99011E-005 9.99011E-005
0.0190469 9.9928E-005 9.9928E-005 0.975987 0.00318505 9.9928E-005 9.9928E-005 0.00098171 9.9928E-005 9.9928E-005 9.9928E-005 9.9928E-005
9.99101E-005 9.99101E-005 9.99101E-005 9.99101E-005 9.99101E-005 0.99488 9.99101E-005 9.99101E-005 9.99101E-005 0.00412122 9.99101E-005 9.99101E-005
9.9937E-005 9.9937E-005 9.9937E-005 9.9937E-005 9.9937E-005 0.978767 9.9937E-005 0.00190449 0.00461198 0.00839991 0.00561703 9.9937E-005
9.9973E-005 9.9973E-005 0.00151504 9.9973E-005 0.00431543 0.92663 0.00647533 0.00352672 0.0253921 0.0268086 0.00315937 0.00187699
9.99101E-005 9.99101E-005 9.99101E-005 9.99101E-005 9.99101E-005 0.993499 0.00550168 9.99101E-005 9.99101E-005 9.99101E-005 9.99101E-005 9.99101E-005
9.9928E-005 9.9928E-005 9.9928E-005 9.9928E-005 9.9928E-005 0.951507 0.006059 9.9928E-005 0.019459 0.0221757 9.9928E-005 9.9928E-005
0.00200463 0.00386395 9.9964E-005 0.0003528 0.00150553 0.961936 9.9964E-005 0.0166143 0.0120279 0.00129465 9.9964E-005 9.9964E-005
9.9928E-005 9.9928E-005 9.9928E-005 9.9928E-005 0.000638063 0.992222 0.00374102 9.9928E-005 9.9928E-005 9.9928E-005 0.00259917 9.9928E-005
9.9919E-005 9.9919E-005 9.9919E-005 9.9919E-005 9.9919E-005 0.0110013 9.9919E-005 9.9919E-005 0.984512 0.00358739 9.9919E-005 9.9919E-005
9.99101E-005 9.99101E-005 9.99101E-005 9.99101E-005 9.99101E-005 9.99101E-005 9.99101E-005 0.000691867 0.998309 9.99101E-005 9.99101E-005 9.99101E-005
9.99101E-005 9.99101E-005 9.99101E-005 9.99101E-005 9.99101E-005 0.996876 9.99101E-005 0.00212452 9.99101E-005 9.99101E-005 9.99101E-005 9.99101E-005
9.9937E-005 0.0243968 9.9937E-005 0.00616643 9.9937E-005 9.9937E-005 9.9937E-005 0.00751124 0.00165064 9.9937E-005 9.9937E-005 0.959575
9.991E-005 0.990859 9.991E-005 9.991E-005 9.991E-005 9.991E-005 9.991E-005 9.991E-005 9.991E-005 9.991E-005 9.991E-005 0.00814148
9.99011E-005 0.998901 9.99011E-005 9.99011E-005 9.99011E-005 9.99011E-005 9.99011E-005 9.99011E-005 9.99011E-005 9.99011E-005 9.99011E-005 9.99011E-005
9.9964E-005 0.739903 0.00933352 0.00885142 0.0504941 0.075619 9.9964E-005 9.9964E-005 0.0531697 0.0176149 0.0446141 9.9964E-005
9.991E-005 0.977551 9.991E-005 9.991E-005 9.991E-005 9.991E-005 9.991E-005 9.991E-005 9.991E-005 9.991E-005 9.991E-005 0.0214502
9.9937E-005 0.000915126 9.9937E-005 0.010749 0.00463568 9.9937E-005 9.9937E-005 9.9937E-005 0.0120561 9.9937E-005 9.9937E-005 0.970944
9.99191E-005 9.99191E-005 9.99191E-005 0.00758173 9.99191E-005 0.00096023 9.99191E-005 9.99191E-005 9.99191E-005 9.99191E-005 9.99191E-005 0.990559
9.99011E-005 9.99011E-005 9.99011E-005 9.99011E-005 9.99011E-005 9.99011E-005 9.99011E-005 9.99011E-005 9.99011E-005 9.99011E-005 9.99011E-005 0.998901
9.991E-005 0.981613 9.991E-005 9.991E-005 9.991E-005 9.991E-005 9.991E-005 9.991E-005 9.991E-005 9.991E-005 9.991E-005 0.0173877
0.00109587 9.99191E-005 9.99191E-005 9.99191E-005 9.99191E-005 9.99191E-005 9.99191E-005 0.00112068 0.996884 9.99191E-005 9.99191E-005 9.99191E-005
0.00602442 9.99191E-005 9.99191E-005 0.991345 9.99191E-005 9.99191E-005 9.99191E-005 0.00173107 9.99191E-005 9.99191E-005 9.99191E-005 9.99191E-005
0.0178152 0.039952 0.0342753 0.0192957 0.0746833 0.0904536 0.000887407 0.0355712 0.565291 0.0273392 0.04585 0.0485856
9.9928E-005 9.9928E-005 9.9928E-005 9.9928E-005 9.9928E-005 0.00225235 0.00382959 0.00412312 0.988996 9.9928E-005 9.9928E-005 9.9928E-005
9.9937E-005 9.9937E-005 9.9937E-005 9.9937E-005 9.9937E-005 0.0124991 9.9937E-005 0.00761279 0.973477 9.9937E-005 0.00427832 0.00143293
9.99191E-005 0.000404308 9.99191E-005 0.993736 9.99191E-005 9.99191E-005 9.99191E-005 9.99191E-005 0.00496028 9.99191E-005 9.99191E-005 9.99191E-005
9.99011E-005 9.99011E-005 9.99011E-005 9.99011E-005 0.998901 9.99011E-005 9.99011E-005 9.99011E-005 9.99011E-005 9.99011E-005 9.99011E-005 9.99011E-005
0.00303843 0.000516356 0.0266949 9.9973E-005 9.9973E-005 0.643171 0.0215067 0.0109864 0.129427 0.145621 0.018739 9.9973E-005
9.99011E-005 9.99011E-005 9.99011E-005 9.99011E-005 9.99011E-005 9.99011E-005 9.99011E-005 9.99011E-005 0.998901 9.99011E-005 9.99011E-005 9.99011E-005
9.99011E-005 9.99011E-005 9.99011E-005 9.99011E-005 9.99011E-005 9.99011E-005 9.99011E-005 9.99011E-005 0.998901 9.99011E-005 9.99011E-005 9.99011E-005
9.99011E-005 9.99011E-005 9.99011E-005 9.99011E-005 9.99011E-005 9.99011E-005 9.99011E-005 9.99011E-005 0.998901 9.99011E-005 9.99011E-005 9.99011E-005
9.99011E-005 9.99011E-005 9.99011E-005 9.99011E-005 9.99011E-005 9.99011E-005 9.99011E-005 9.99011E-005 0.998901 9.99011E-005 9.99011E-005 9.99011E-005
9.99011E-005 9.99011E-005 9.99011E-005 9.99011E-005 9.99011E-005 9.99011E-005 9.99011E-005 9.99011E-005 0.998901 9.99011E-005 9.99011E-005 9.99011E-005
9.99011E-005 9.99011E-005 9.99011E-005 9.99011E-005 9.99011E-005 9.99011E-005 9.99011E-005 9.99011E-005 0.998901 9.99011E-005 9.99011E-005 9.99011E-005
