0.0177546 9.9973E-005 9.9973E-005 0.000582086 0.895745 0.0523451 9.9973E-005 0.0326595 0.000613873
0.0189925 9.9982E-005 9.9982E-005 0.00195074 0.906024 0.0444028 0.00308358 0.024728 0.000618514
0.00275059 0.000239815 0.00535599 0.00295092 9.9982E-005 0.983069 9.9982E-005 0.00293466 0.00249932
9.9955E-005 9.9955E-005 9.9955E-005 0.00137371 9.9955E-005 0.990228 9.9955E-005 0.00746957 0.000429048
9.9964E-005 0.00361375 0.00294223 9.9964E-005 9.9964E-005 0.98628 9.9964E-005 0.00442201 0.00234227
9.993E-005 9.993E-005 9.993E-005 9.993E-005 9.993E-005 0.999201 9.993E-005 9.993E-005 9.993E-005
9.993E-005 9.993E-005 9.993E-005 9.993E-005 9.993E-005 0.999201 9.993E-005 9.993E-005 9.993E-005
9.993E-005 9.993E-005 9.993E-005 9.993E-005 9.993E-005 0.999201 9.993E-005 9.993E-005 9.993E-005
9.9946E-005 9.9946E-005 0.983341 9.9946E-005 9.9946E-005 9.9946E-005 0.00845696 9.9946E-005 0.00760227
0.991963 9.9955E-005 0.00349587 9.9955E-005 0.00242013 9.9955E-005 9.9955E-005 9.9955E-005 0.00162103
0.991249 9.9946E-005 9.9946E-005 0.00416769 9.9946E-005 9.9946E-005 9.9946E-005 9.9946E-005 0.00398377
9.993E-005 9.993E-005 9.993E-005 9.993E-005 9.993E-005 9.993E-005 0.999201 9.993E-005 9.993E-005
0.996104 9.9955E-005 0.000104611 0.00294391 9.9955E-005 9.9955E-005 9.9955E-005 9.9955E-005 0.000347787
0.996637 9.9955E-005 9.9955E-005 0.000192177 9.9955E-005 9.9955E-005 0.00167204 9.9955E-005 0.000998749
0.99454 9.9946E-005 9.9946E-005 0.00329983 9.9946E-005 9.9946E-005 9.9946E-005 9.9946E-005 0.00156072
0.992723 9.9946E-005 9.9946E-005 0.00313642 9.9946E-005 9.9946E-005 9.9946E-005 9.9946E-005 0.00354096
9.9937E-005 9.9937E-005 9.9937E-005 9.9937E-005 9.9937E-005 0.000256521 0.999044 9.9937E-005 9.9937E-005
0.0833848 0.00170366 9.9973E-005 9.9973E-005 0.0443733 0.842259 0.00215604 0.0258233 9.9973E-005
9.9937E-005 9.9937E-005 9.9937E-005 0.00195664 0.997344 9.9937E-005 9.9937E-005 9.9937E-005 9.9937E-005
9.9946E-005 0.00218269 9.9946E-005 9.9946E-005 0.996754 9.9946E-005 0.000464021 9.9946E-005 9.9946E-005
9.993E-005 9.993E-005 9.993E-005 9.993E-005 0.999201 9.993E-005 9.993E-005 9.993E-005 9.993E-005
9.993E-005 9.993E-005 9.993E-005 9.993E-005 0.999201 9.993E-005 9.993E-005 9.993E-005 9.993E-005
0.0032943 9.9946E-005 9.9946E-005 0.000288577 0.995817 9.9946E-005 9.9946E-005 9.9946E-005 9.9946E-005
9.993E-005 9.993E-005 9.993E-005 9.993E-005 0.999201 9.993E-005 9.993E-005 9.993E-005 9.993E-005
9.993E-005 9.993E-005 9.993E-005 9.993E-005 0.999201 9.993E-005 9.993E-005 9.993E-005 9.993E-005
9.993E-005 9.993E-005 9.993E-005 9.993E-005 0.999201 9.993E-005 9.993E-005 9.993E-005 9.993E-005
9.993E-005 9.993E-005 9.993E-005 9.993E-005 0.999201 9.993E-005 9.993E-005 9.993E-005 9.993E-005
9.9937E-005 9.9937E-005 9.9937E-005 9.9937E-005 0.997618 9.9937E-005 9.9937E-005 9.9937E-005 0.00168228
0.00633052 9.9955E-005 0.000203913 9.9955E-005 0.015424 9.9955E-005 9.9955E-005 0.977542 9.9955E-005
0.00854644 9.9964E-005 9.9964E-005 9.9964E-005 0.00176867 0.0149683 0.000206072 0.974111 9.9964E-005
9.993E-005 9.993E-005 9.993E-005 9.993E-005 9.993E-005 9.993E-005 9.993E-005 0.999201 9.993E-005
9.993E-005 9.993E-005 9.993E-005 9.993E-005 9.993E-005 9.993E-005 9.993E-005 0.999201 9.993E-005
9.993E-005 9.993E-005 9.993E-005 9.993E-005 9.993E-005 9.993E-005 9.993E-005 0.999201 9.993E-005
0.0684413 9.9964E-005 9.9964E-005 9.9964E-005 0.0327033 0.866028 0.00632336 0.026104 9.9964E-005
0.0828704 9.9964E-005 9.9964E-005 9.9964E-005 0.0372306 0.857964 0.00217319 0.0193617 9.9964E-005
0.0669019 9.9964E-005 9.9964E-005 9.9964E-005 0.0361404 0.873997 0.000327576 0.0222334 9.9964E-005
0.080857 9.9973E-005 9.9973E-005 0.000468161 0.0406815 0.840554 0.00447901 0.0326601 9.9973E-005
9.9955E-005 9.9955E-005 0.00479327 0.97906 9.9955E-005 9.9955E-005 0.014088 9.9955E-005 0.00155909
9.993E-005 9.993E-005 9.993E-005 9.993E-005 9.993E-005 9.993E-005 9.993E-005 0.999201 9.993E-005
9.9937E-005 9.9937E-005 9.9937E-005 9.9937E-005 9.9937E-005 9.9937E-005 9.9937E-005 0.997899 0.00140166
9.993E-005 9.993E-005 9.993E-005 9.993E-005 9.993E-005 9.993E-005 9.993E-005 0.999201 9.993E-005
9.9946E-005 9.9946E-005 9.9946E-005 0.00140052 9.9946E-005 9.9946E-005 9.9946E-005 0.996668 0.00133152
9.9955E-005 9.9955E-005 0.983854 9.9955E-005 0.000158742 9.9955E-005 0.0128635 9.9955E-005 0.00262419
9.9982E-005 0.0727926 0.913715 0.00576552 0.00161377 0.00204787 9.9982E-005 0.00213629 0.00172889
9.9955E-005 9.9955E-005 0.989843 9.9955E-005 0.00579797 9.9955E-005 0.00311302 9.9955E-005 0.000746051
0.00542506 0.0120256 0.974903 0.00240937 0.00207881 0.00285795 9.9973E-005 9.9973E-005 9.9973E-005
0.0001182 9.9973E-005 0.983549 0.0041429 0.00541209 0.00245312 9.9973E-005 9.9973E-005 0.00402512
9.9955E-005 0.00311233 0.993901 9.9955E-005 0.00144155 9.9955E-005 9.9955E-005 9.9955E-005 0.0010457
9.9946E-005 9.9946E-005 0.994336 9.9946E-005 9.9946E-005 9.9946E-005 0.00276032 9.9946E-005 0.00230369
9.9955E-005 0.0083077 0.978521 0.0114554 9.9955E-005 9.9955E-005 9.9955E-005 0.001216 9.9955E-005
0.989904 0.00268144 0.000617124 9.9964E-005 9.9964E-005 0.00589044 9.9964E-005 9.9964E-005 0.000506672
0.964526 0.000784909 0.000800437 9.9973E-005 0.0123323 0.0164567 9.9973E-005 0.00480025 9.9973E-005
0.977932 9.9964E-005 9.9964E-005 9.9964E-005 0.00281968 0.0163614 0.00178606 0.000700662 9.9964E-005
0.998409 9.9937E-005 9.9937E-005 9.9937E-005 9.9937E-005 9.9937E-005 0.000891335 9.9937E-005 9.9937E-005
0.987802 0.00413376 0.000808858 0.00174645 9.997E-005 9.997E-005 9.997E-005 9.997E-005 0.00510917
0.999201 9.993E-005 9.993E-005 9.993E-005 9.993E-005 9.993E-005 9.993E-005 9.993E-005 9.993E-005
9.993E-005 9.993E-005 9.993E-005 9.993E-005 9.993E-005 9.993E-005 9.993E-005 9.993E-005 0.999201
9.993E-005 9.993E-005 0.999201 9.993E-005 9.993E-005 9.993E-005 9.993E-005 9.993E-005 9.993E-005
9.9937E-005 9.9937E-005 9.9937E-005 9.9937E-005 9.9937E-005 9.9937E-005 9.9937E-005 0.00345752 0.995843
9.993E-005 9.993E-005 0.999201 9.993E-005 9.993E-005 9.993E-005 9.993E-005 9.993E-005 9.993E-005
0.00226842 9.9946E-005 0.99389 0.00324195 9.9946E-005 9.9946E-005 9.9946E-005 9.9946E-005 9.9946E-005
9.9955E-005 0.00162578 9.9955E-005 9.9955E-005 9.9955E-005 0.986464 9.9955E-005 0.0090937 0.00231683
9.993E-005 9.993E-005 9.993E-005 9.993E-005 9.993E-005 0.999201 9.993E-005 9.993E-005 9.993E-005
9.993E-005 9.993E-005 9.993E-005 9.993E-005 9.993E-005 0.999201 9.993E-005 9.993E-005 9.993E-005
0.00456993 9.9964E-005 0.00281778 0.00241309 9.9964E-005 0.987823 9.9964E-005 9.9964E-005 0.00197603
9.9955E-005 0.00284171 9.9955E-005 0.002451 9.9955E-005 0.992781 9.9955E-005 9.9955E-005 0.00142603
9.993E-005 9.993E-005 9.993E-005 9.993E-005 9.993E-005 0.999201 9.993E-005 9.993E-005 9.993E-005
9.993E-005 9.993E-005 0.999201 9.993E-005 9.993E-005 9.993E-005 9.993E-005 9.993E-005 9.993E-005
9.9964E-005 0.0457342 0.924735 9.9964E-005 0.0053515 9.9964E-005 0.0194046 9.9964E-005 0.00437442
9.9937E-005 0.0110205 0.98828 9.9937E-005 9.9937E-005 9.9937E-005 9.9937E-005 9.9937E-005 9.9937E-005
0.00218462 9.9964E-005 0.985486 9.9964E-005 0.00121044 9.9964E-005 0.0105836 9.9964E-005 0.000135717
9.9946E-005 9.9946E-005 0.989071 9.9946E-005 0.0024026 9.9946E-005 0.00792693 9.9946E-005 9.9946E-005
9.9937E-005 9.9937E-005 0.994697 0.00460297 9.9937E-005 9.9937E-005 9.9937E-005 9.9937E-005 9.9937E-005
9.9946E-005 0.065187 0.923344 0.0108699 9.9946E-005 9.9946E-005 9.9946E-005 9.9946E-005 9.9946E-005
0.00453228 0.0716903 0.89961 0.0169798 9.9982E-005 0.00230504 0.00285836 9.9982E-005 0.00182387
9.9973E-005 0.0676797 0.914665 0.00160104 9.9973E-005 9.9973E-005 0.00855416 0.00284302 0.00435743
9.9937E-005 9.9937E-005 0.993184 9.9937E-005 0.00611637 9.9937E-005 9.9937E-005 9.9937E-005 9.9937E-005
9.9946E-005 0.0729664 0.907193 0.0192408 9.9946E-005 9.9946E-005 9.9946E-005 9.9946E-005 9.9946E-005
9.9946E-005 0.0973332 0.885972 0.0160953 9.9946E-005 9.9946E-005 9.9946E-005 9.9946E-005 9.9946E-005
0.00063157 0.0352424 0.923698 9.9964E-005 9.9964E-005 9.9964E-005 0.0302463 9.9964E-005 0.00978197
9.9955E-005 0.0627136 0.917016 9.9955E-005 9.9955E-005 0.00189056 0.0178796 9.9955E-005 9.9955E-005
9.9955E-005 9.9955E-005 9.9955E-005 0.00118585 9.9955E-005 0.9946 9.9955E-005 0.00295142 0.000762658
0.103192 9.9973E-005 0.00113934 9.9973E-005 0.0342746 0.825678 0.00370145 0.0317146 9.9973E-005
0.0906636 9.9973E-005 0.00119111 9.9973E-005 0.0458755 0.835537 0.00502131 0.0214116 9.9973E-005
9.9946E-005 0.00619602 0.00298201 0.990222 9.9946E-005 9.9946E-005 9.9946E-005 9.9946E-005 9.9946E-005
9.9937E-005 9.9937E-005 9.9937E-005 0.989965 9.9937E-005 9.9937E-005 0.00933571 9.9937E-005 9.9937E-005
0.100487 9.9982E-005 0.000390187 9.9982E-005 0.0335044 0.834737 0.00625567 0.0235809 0.00084546
0.153124 9.9982E-005 0.00881797 9.9982E-005 0.0497195 0.726635 0.00243272 0.0550128 0.00405881
0.155935 9.999E-005 0.0759234 0.0319553 0.0718197 0.525186 0.00827464 0.0635444 0.0672615
0.0240108 0.00837069 0.00299027 9.9982E-005 0.0924351 0.124714 9.9982E-005 0.746228 0.00105137
0.0304319 0.000774826 9.9982E-005 9.9982E-005 0.101415 0.123717 0.00345183 0.739652 0.000357318
9.9937E-005 9.9937E-005 9.9937E-005 0.997456 9.9937E-005 9.9937E-005 9.9937E-005 9.9937E-005 0.00184396
9.993E-005 9.993E-005 9.993E-005 0.999201 9.993E-005 9.993E-005 9.993E-005 9.993E-005 9.993E-005
0.0221289 0.00554403 0.000214758 9.9982E-005 0.104267 0.125161 0.00253174 0.739953 9.9982E-005
0.15707 9.9973E-005 9.9973E-005 9.9973E-005 0.0513757 0.730074 0.00576292 0.0529391 0.00247863
9.993E-005 9.993E-005 9.993E-005 0.999201 9.993E-005 9.993E-005 9.993E-005 9.993E-005 9.993E-005
0.021615 0.00751825 9.9973E-005 9.9973E-005 0.101205 0.114598 9.9973E-005 0.752659 0.002105
0.111869 9.9982E-005 0.00233173 9.9982E-005 0.0372508 0.799718 0.00720295 0.0332869 0.00814113
0.100042 9.9964E-005 9.9964E-005 9.9964E-005 0.0403278 0.829339 0.00371932 0.0261718 9.9964E-005
0.177734 9.999E-005 0.0291617 0.00418005 0.0643891 0.615933 0.0155179 0.0497671 0.0432166
0.114105 9.9982E-005 0.00545933 9.9982E-005 0.285537 0.299566 0.00902902 0.277643 0.00846059
0.0956823 9.9982E-005 0.000521153 0.00103191 0.0465162 0.835776 0.00326925 0.0170033 9.9982E-005
0.102294 9.9964E-005 9.9964E-005 9.9964E-005 0.047587 0.812885 0.0068185 0.0300159 9.9964E-005
0.0917368 9.9991E-005 0.00219732 0.00589757 0.0280362 0.842695 0.000618831 0.0256818 0.00303617
9.9955E-005 9.9955E-005 0.00400095 0.942806 9.9955E-005 9.9955E-005 0.0459372 9.9955E-005 0.00675561
0.0936626 9.9964E-005 9.9964E-005 9.9964E-005 0.0344731 0.839022 0.00739086 0.0250518 9.9964E-005
9.9964E-005 0.0022642 9.9964E-005 0.990236 0.00329522 9.9964E-005 0.00177649 0.00202778 9.9964E-005
0.0809051 9.9955E-005 9.9955E-005 9.9955E-005 0.0333885 0.864534 9.9955E-005 0.0206729 9.9955E-005
9.9937E-005 0.00241003 9.9937E-005 0.99689 9.9937E-005 9.9937E-005 9.9937E-005 9.9937E-005 9.9937E-005
9.993E-005 9.993E-005 9.993E-005 9.993E-005 9.993E-005 9.993E-005 9.993E-005 0.999201 9.993E-005
0.0643488 9.9964E-005 9.9964E-005 9.9964E-005 0.0361938 0.876905 0.00413104 0.0180211 9.9964E-005
0.000354874 9.9955E-005 9.9955E-005 9.9955E-005 0.0231619 0.0299335 9.9955E-005 0.94605 9.9955E-005
0.0801812 9.9973E-005 9.9973E-005 9.9973E-005 0.0356247 0.847771 0.00411747 0.0262335 0.0057721
0.0825178 9.9982E-005 0.00275316 9.9982E-005 0.0420359 0.846209 0.00179417 0.0228942 0.00159608
0.0623646 9.9964E-005 9.9964E-005 9.9964E-005 0.0359195 0.875974 0.00512432 0.0202177 9.9964E-005
0.0735598 9.9964E-005 9.9964E-005 9.9964E-005 0.0317542 0.877732 0.00286954 0.013685 9.9964E-005
0.000674269 9.9955E-005 0.000535984 0.993776 9.9955E-005 9.9955E-005 0.004514 9.9955E-005 9.9955E-005
0.00612336 9.9937E-005 9.9937E-005 9.9937E-005 9.9937E-005 0.993177 9.9937E-005 9.9937E-005 9.9937E-005
9.993E-005 9.993E-005 9.993E-005 9.993E-005 9.993E-005 0.999201 9.993E-005 9.993E-005 9.993E-005
9.9946E-005 9.9946E-005 9.9946E-005 0.00150555 9.9946E-005 0.997217 9.9946E-005 9.9946E-005 0.000677623
0.989612 0.00516077 0.000743588 9.99705E-005 9.99705E-005 0.00215408 9.99705E-005 0.00192943 9.99705E-005
9.9955E-005 0.0168146 9.9955E-005 0.965265 9.9955E-005 0.0133497 9.9955E-005 9.9955E-005 0.00407121
0.973036 9.9955E-005 9.9955E-005 9.9955E-005 0.00472273 0.0190532 9.9955E-005 0.00268872 9.9955E-005
0.999201 9.993E-005 9.993E-005 9.993E-005 9.993E-005 9.993E-005 9.993E-005 9.993E-005 9.993E-005
0.980542 9.99485E-005 9.99485E-005 9.99485E-005 0.00147913 0.0173789 9.99485E-005 9.99485E-005 9.99485E-005
0.999201 9.993E-005 9.993E-005 9.993E-005 9.993E-005 9.993E-005 9.993E-005 9.993E-005 9.993E-005
0.994148 9.9937E-005 9.9937E-005 9.9937E-005 9.9937E-005 0.00515272 9.9937E-005 9.9937E-005 9.9937E-005
9.993E-005 9.993E-005 9.993E-005 9.993E-005 9.993E-005 9.993E-005 9.993E-005 0.999201 9.993E-005
9.993E-005 9.993E-005 9.993E-005 9.993E-005 9.993E-005 9.993E-005 9.993E-005 0.999201 9.993E-005
9.993E-005 9.993E-005 9.993E-005 9.993E-005 9.993E-005 9.993E-005 9.993E-005 0.999201 9.993E-005
9.9946E-005 0.000810823 9.9946E-005 9.9946E-005 9.9946E-005 9.9946E-005 9.9946E-005 0.995419 0.00317059
0.958143 0.000505644 9.995E-005 0.0312753 9.995E-005 9.995E-005 9.995E-005 0.00957605 9.995E-005
0.00806526 9.9946E-005 9.9946E-005 9.9946E-005 9.9946E-005 0.0168111 9.9946E-005 0.974524 9.9946E-005
0.999201 9.993E-005 9.993E-005 9.993E-005 9.993E-005 9.993E-005 9.993E-005 9.993E-005 9.993E-005
0.968326 9.9955E-005 9.9955E-005 9.9955E-005 0.00237128 0.0195756 9.9955E-005 0.00922774 9.9955E-005
0.965896 9.9937E-005 9.9937E-005 9.9937E-005 9.9937E-005 0.0334043 9.9937E-005 9.9937E-005 9.9937E-005
0.974911 9.9946E-005 9.9946E-005 9.9946E-005 9.9946E-005 0.0211882 9.9946E-005 0.00330111 9.9946E-005
0.968859 9.9946E-005 9.9946E-005 0.000557205 9.9946E-005 0.029984 9.9946E-005 9.9946E-005 9.9946E-005
0.988306 0.000317391 9.9955E-005 9.9955E-005 0.00923288 9.9955E-005 9.9955E-005 9.9955E-005 0.00164405
0.968813 9.9964E-005 9.9964E-005 9.9964E-005 0.000902456 0.0268463 9.9964E-005 0.00209097 0.000947683
0.975115 9.9946E-005 9.9946E-005 9.9946E-005 9.9946E-005 0.0241235 9.9946E-005 0.000161914 9.9946E-005
0.95349 9.9964E-005 0.00390915 9.9964E-005 0.0105966 0.0292436 9.9964E-005 9.9964E-005 0.00236091
0.971744 0.00324868 9.9964E-005 9.9964E-005 9.9964E-005 0.0161106 9.9964E-005 0.00829552 0.000201571
0.99124 9.9955E-005 0.00408545 9.9955E-005 0.000899251 9.9955E-005 9.9955E-005 9.9955E-005 0.00327582
0.972451 9.9955E-005 9.9955E-005 9.9955E-005 0.0206571 9.9955E-005 9.9955E-005 0.00577722 0.000614518
0.96571 9.9946E-005 9.9946E-005 9.9946E-005 9.9946E-005 0.0282227 9.9946E-005 0.00546727 9.9946E-005
0.964012 0.00272714 9.9955E-005 9.9955E-005 9.9955E-005 0.0316367 9.9955E-005 9.9955E-005 0.00112457
0.977059 9.9955E-005 9.9955E-005 9.9955E-005 0.0051206 0.0147923 9.9955E-005 0.00252805 9.9955E-005
0.941442 0.006666 0.000548836 0.00353908 0.003648 0.0188879 0.00264082 0.010735 0.0118927
9.9946E-005 0.0255405 0.965854 0.00800578 9.9946E-005 9.9946E-005 9.9946E-005 9.9946E-005 9.9946E-005
9.9937E-005 0.0115722 0.987728 9.9937E-005 9.9937E-005 9.9937E-005 9.9937E-005 9.9937E-005 9.9937E-005
9.9955E-005 9.9955E-005 0.993501 9.9955E-005 9.9955E-005 0.000271916 0.00249427 9.9955E-005 0.00323286
0.971735 0.00273245 0.0015916 0.00116771 0.00262295 9.9991E-005 0.00255636 0.0109298 0.00656449
0.142876 0.00962804 0.0155962 9.9991E-005 0.284428 0.233787 0.0309265 0.261586 0.021072
9.9946E-005 9.9946E-005 9.9946E-005 9.9946E-005 9.9946E-005 9.9946E-005 0.000251746 0.000836694 0.998312
9.9946E-005 9.9946E-005 9.9946E-005 0.00560021 9.9946E-005 9.9946E-005 9.9946E-005 0.000267649 0.993532
9.99319E-005 9.99319E-005 9.99319E-005 9.99319E-005 9.99319E-005 9.99319E-005 9.99319E-005 9.99319E-005 0.999201
9.9946E-005 0.0043582 9.9946E-005 9.9946E-005 9.9946E-005 9.9946E-005 0.00486443 9.9946E-005 0.990178
0.000475851 9.9964E-005 9.9964E-005 0.000139197 0.000263489 9.9964E-005 0.000957639 9.9964E-005 0.997764
9.993E-005 9.993E-005 9.993E-005 9.993E-005 9.993E-005 9.993E-005 9.993E-005 9.993E-005 0.999201
9.9937E-005 0.96922 0.0300801 9.9937E-005 9.9937E-005 9.9937E-005 9.9937E-005 9.9937E-005 9.9937E-005
9.993E-005 9.993E-005 9.993E-005 9.993E-005 9.993E-005 9.993E-005 9.993E-005 9.993E-005 0.999201
9.993E-005 9.993E-005 0.999201 9.993E-005 9.993E-005 9.993E-005 9.993E-005 9.993E-005 9.993E-005
0.00785959 0.00611951 0.00029859 0.000192271 0.00508432 0.0061328 9.9982E-005 9.9982E-005 0.974113
9.9964E-005 0.00128665 0.000826805 9.9964E-005 9.9964E-005 0.000515161 0.0102283 9.9964E-005 0.986743
9.993E-005 9.993E-005 9.993E-005 9.993E-005 9.993E-005 9.993E-005 9.993E-005 9.993E-005 0.999201
9.9946E-005 9.9946E-005 9.9946E-005 9.9946E-005 0.00128323 9.9946E-005 0.00179764 9.9946E-005 0.996319
0.957541 9.9964E-005 0.000816062 9.9964E-005 0.0123473 0.0223486 9.9964E-005 0.00654673 9.9964E-005
9.9937E-005 9.9937E-005 9.9937E-005 9.9937E-005 9.9937E-005 0.00215478 9.9937E-005 9.9937E-005 0.997146
9.9946E-005 9.9946E-005 0.994311 9.9946E-005 9.9946E-005 9.9946E-005 0.00340422 9.9946E-005 0.00168555
0.989415 9.9955E-005 0.0044057 9.9955E-005 9.9955E-005 9.9955E-005 9.9955E-005 0.00397979 0.00169982
9.993E-005 9.993E-005 9.993E-005 9.993E-005 9.993E-005 0.999201 9.993E-005 9.993E-005 9.993E-005
9.993E-005 9.993E-005 9.993E-005 9.993E-005 9.993E-005 9.993E-005 9.993E-005 9.993E-005 0.999201
0.00161368 9.9946E-005 9.9946E-005 0.996927 9.9946E-005 0.000859481 9.9946E-005 9.9946E-005 9.9946E-005
9.9955E-005 9.9955E-005 9.9955E-005 0.968718 9.9955E-005 0.00748861 0.0189861 9.9955E-005 0.00430784
9.993E-005 9.993E-005 9.993E-005 9.993E-005 9.993E-005 0.999201 9.993E-005 9.993E-005 9.993E-005
9.9937E-005 9.9937E-005 9.9937E-005 0.971587 9.9937E-005 9.9937E-005 0.0277138 9.9937E-005 9.9937E-005
0.994711 9.9937E-005 9.9937E-005 9.9937E-005 9.9937E-005 0.00458952 9.9937E-005 9.9937E-005 9.9937E-005
0.974216 0.000403878 9.9955E-005 9.9955E-005 9.9955E-005 0.0220027 9.9955E-005 0.00287787 9.9955E-005
0.947211 9.9964E-005 0.00598546 9.9964E-005 0.0121118 0.0325828 9.9964E-005 9.9964E-005 0.00170927
0.994558 9.9946E-005 9.9946E-005 9.9946E-005 0.000536519 9.9946E-005 9.9946E-005 0.00430571 9.9946E-005
0.969656 9.9955E-005 9.9955E-005 9.9955E-005 0.000466826 0.0290889 0.000288626 9.9955E-005 9.9955E-005
0.960226 0.00587871 9.9973E-005 9.9973E-005 9.9973E-005 0.0222011 0.004642 0.00606248 0.000689611
0.993192 9.9937E-005 9.9937E-005 9.9937E-005 9.9937E-005 9.9937E-005 9.9937E-005 0.00610828 9.9937E-005
9.993E-005 9.993E-005 9.993E-005 9.993E-005 9.993E-005 0.999201 9.993E-005 9.993E-005 9.993E-005
9.993E-005 9.993E-005 9.993E-005 9.993E-005 9.993E-005 0.999201 9.993E-005 9.993E-005 9.993E-005
0.999201 9.993E-005 9.993E-005 9.993E-005 9.993E-005 9.993E-005 9.993E-005 9.993E-005 9.993E-005
0.00249858 0.0271224 0.959968 0.00991088 9.9955E-005 9.9955E-005 9.9955E-005 9.9955E-005 9.9955E-005
9.9937E-005 0.983521 0.0157799 9.9937E-005 9.9937E-005 9.9937E-005 9.9937E-005 9.9937E-005 9.9937E-005
9.993E-005 0.999201 9.993E-005 9.993E-005 9.993E-005 9.993E-005 9.993E-005 9.993E-005 9.993E-005
0.07354 0.735406 9.998E-005 0.00942452 0.0157241 0.0913738 9.998E-005 0.0265211 0.0478108
9.9937E-005 0.967278 0.0320224 9.9937E-005 9.9937E-005 9.9937E-005 9.9937E-005 9.9937E-005 9.9937E-005
9.99638E-005 9.99638E-005 0.978066 0.0030647 9.99638E-005 0.0131632 9.99638E-005 9.99638E-005 0.00520662
0.00467498 9.9946E-005 0.989673 0.00505232 9.9946E-005 9.9946E-005 9.9946E-005 9.9946E-005 9.9946E-005
9.993E-005 9.993E-005 0.999201 9.993E-005 9.993E-005 9.993E-005 9.993E-005 9.993E-005 9.993E-005
9.9937E-005 0.980476 0.0188242 9.9937E-005 9.9937E-005 9.9937E-005 9.9937E-005 9.9937E-005 9.9937E-005
9.993E-005 9.993E-005 9.993E-005 9.993E-005 9.993E-005 0.999201 9.993E-005 9.993E-005 9.993E-005
9.9946E-005 9.9946E-005 9.9946E-005 0.989549 9.9946E-005 9.9946E-005 0.00944729 9.9946E-005 0.000403831
0.0825051 0.010008 0.0723823 0.0226549 0.0383602 0.623023 0.0176889 0.0515266 0.0818512
9.9937E-005 0.000251604 9.9937E-005 9.9937E-005 9.9937E-005 0.999049 9.9937E-005 9.9937E-005 9.9937E-005
9.993E-005 9.993E-005 9.993E-005 9.993E-005 9.993E-005 0.999201 9.993E-005 9.993E-005 9.993E-005
0.00108924 0.00919944 9.9955E-005 0.988169 9.9955E-005 0.00104299 9.9955E-005 9.9955E-005 9.9955E-005
0.000350789 9.9946E-005 9.9946E-005 9.9946E-005 0.000116036 9.9946E-005 9.9946E-005 9.9946E-005 0.998933
0.649077 9.9964E-005 9.9964E-005 9.9964E-005 0.0381279 0.278222 0.00312877 0.0310448 9.9964E-005
9.993E-005 9.993E-005 9.993E-005 9.993E-005 9.993E-005 0.999201 9.993E-005 9.993E-005 9.993E-005
9.993E-005 9.993E-005 9.993E-005 9.993E-005 9.993E-005 0.999201 9.993E-005 9.993E-005 9.993E-005
9.993E-005 9.993E-005 9.993E-005 9.993E-005 9.993E-005 0.999201 9.993E-005 9.993E-005 9.993E-005
9.993E-005 9.993E-005 9.993E-005 9.993E-005 9.993E-005 0.999201 9.993E-005 9.993E-005 9.993E-005
9.993E-005 9.993E-005 9.993E-005 9.993E-005 9.993E-005 0.999201 9.993E-005 9.993E-005 9.993E-005
9.993E-005 9.993E-005 9.993E-005 9.993E-005 9.993E-005 0.999201 9.993E-005 9.993E-005 9.993E-005
