0.204945 0.00420464 0.00475425 0.00645492 0.671732 0.10791
0.211345 0.0087569 0.00557939 0.00918223 0.663666 0.101471
0.992227 0.00452921 0.00232782 0.000715698 9.9982E-005 9.9982E-005
0.999352 0.000194404 0.000153452 9.9973E-005 9.9973E-005 9.9973E-005
0.990823 0.00195537 0.00286554 0.00415633 9.9982E-005 9.9982E-005
0.9995 9.996E-005 9.996E-005 9.996E-005 9.996E-005 9.996E-005
0.9995 9.996E-005 9.996E-005 9.996E-005 9.996E-005 9.996E-005
0.9995 9.996E-005 9.996E-005 9.996E-005 9.996E-005 9.996E-005
0.00317187 0.00293025 0.993323 9.9982E-005 0.000374588 9.9982E-005
9.9973E-005 0.00335868 0.00298305 9.9973E-005 9.9973E-005 0.993358
9.9982E-005 0.0037975 0.0042648 0.000260459 9.9982E-005 0.991477
0.00347881 0.0507562 0.119191 0.78965 0.0368236 9.9991E-005
9.9964E-005 9.9964E-005 0.00279884 9.9964E-005 9.9964E-005 0.996801
9.9973E-005 0.00238719 9.9973E-005 0.00683125 9.9973E-005 0.990482
9.9973E-005 0.00111421 9.9973E-005 0.00215352 9.9973E-005 0.996432
9.9982E-005 0.00414112 0.0016991 0.00297326 9.9982E-005 0.990987
0.0168533 0.050484 0.118861 0.787195 0.0226759 0.00393034
0.857963 9.9991E-005 0.000961122 0.00477152 0.0450255 0.0911786
0.172984 0.0069209 0.00599534 0.0065221 0.719744 0.0878337
0.175925 0.00571832 0.00624752 0.0121909 0.691351 0.108567
0.182677 0.00755513 0.00436192 0.00665906 0.707918 0.0908293
0.181012 0.00757236 0.0076171 0.00176784 0.716643 0.085387
0.17306 0.00529595 0.00505891 0.00836557 0.712525 0.0956948
0.179894 0.00769634 0.00206497 0.006805 0.709165 0.0943748
0.150803 0.00419459 0.00711398 0.00853528 0.72539 0.103963
0.166464 0.00633719 0.00608749 0.00382652 0.708018 0.109266
0.1818 0.00673565 0.00428994 0.00745121 0.699548 0.100175
0.154377 0.00818571 0.0175009 9.9991E-005 0.709929 0.109907
9.996E-005 9.996E-005 9.996E-005 9.996E-005 0.9995 9.996E-005
9.996E-005 9.996E-005 9.996E-005 9.996E-005 0.9995 9.996E-005
9.996E-005 9.996E-005 9.996E-005 9.996E-005 0.9995 9.996E-005
9.996E-005 9.996E-005 9.996E-005 9.996E-005 0.9995 9.996E-005
9.996E-005 9.996E-005 9.996E-005 9.996E-005 0.9995 9.996E-005
0.885711 9.9982E-005 9.9982E-005 0.00240587 0.0362394 0.0754439
0.87407 9.9991E-005 0.00266259 0.0053959 0.0334152 0.0843567
0.890688 0.001531 9.9991E-005 0.00113894 0.0324285 0.0741131
0.869879 9.9982E-005 9.9982E-005 0.00688828 0.041185 0.0818475
9.996E-005 9.996E-005 9.996E-005 0.9995 9.996E-005 9.996E-005
9.996E-005 9.996E-005 9.996E-005 9.996E-005 0.9995 9.996E-005
9.996E-005 9.996E-005 9.996E-005 9.996E-005 0.9995 9.996E-005
9.996E-005 9.996E-005 9.996E-005 9.996E-005 0.9995 9.996E-005
9.996E-005 9.996E-005 9.996E-005 9.996E-005 0.9995 9.996E-005
0.000186218 0.00505258 0.993118 9.9982E-005 0.00144307 9.9982E-005
9.9991E-005 0.00120932 0.981232 0.0120594 0.00233369 0.00306524
9.9973E-005 0.000254112 0.995537 9.9973E-005 0.00390875 9.9973E-005
0.00753123 9.9964E-005 0.992069 9.9964E-005 9.9964E-005 9.9964E-005
9.9964E-005 9.9964E-005 0.995894 9.9964E-005 9.9964E-005 0.00370583
0.00016422 9.9964E-005 0.999436 9.9964E-005 9.9964E-005 9.9964E-005
9.9973E-005 0.000610859 0.996201 0.00288861 9.9973E-005 9.9973E-005
9.9982E-005 9.9982E-005 0.992701 0.00599649 0.000766047 0.000336238
0.00521479 9.9982E-005 0.00529624 0.000324364 9.9982E-005 0.988965
0.0147697 0.00187595 0.00215133 9.9991E-005 0.0164681 0.964635
0.0214963 9.9964E-005 9.9964E-005 9.9964E-005 9.9964E-005 0.978104
9.9964E-005 9.9964E-005 9.9964E-005 0.000116078 9.9964E-005 0.999484
9.9982E-005 0.00661009 0.00187573 0.00264141 9.9982E-005 0.988673
9.996E-005 9.996E-005 9.996E-005 9.996E-005 9.996E-005 0.9995
9.996E-005 0.9995 9.996E-005 9.996E-005 9.996E-005 9.996E-005
9.996E-005 9.996E-005 0.9995 9.996E-005 9.996E-005 9.996E-005
0.00321253 0.994139 9.9973E-005 9.9973E-005 9.9973E-005 0.0023484
9.996E-005 9.996E-005 0.9995 9.996E-005 9.996E-005 9.996E-005
9.9964E-005 9.9964E-005 0.999208 9.9964E-005 0.000392625 9.9964E-005
0.993418 9.9973E-005 0.0019481 9.9973E-005 0.00433368 9.9973E-005
0.9995 9.996E-005 9.996E-005 9.996E-005 9.996E-005 9.996E-005
0.9995 9.996E-005 9.996E-005 9.996E-005 9.996E-005 9.996E-005
0.993633 0.00190382 0.00258096 0.00168211 9.9982E-005 9.9982E-005
0.99458 0.00078439 0.00433565 9.9973E-005 9.9973E-005 9.9973E-005
0.9995 9.996E-005 9.996E-005 9.996E-005 9.996E-005 9.996E-005
9.9964E-005 9.9964E-005 0.999263 9.9964E-005 9.9964E-005 0.000336789
0.0088388 0.00948609 0.977956 0.0018044 0.00181512 9.9991E-005
9.996E-005 9.996E-005 0.9995 9.996E-005 9.996E-005 9.996E-005
9.9964E-005 0.00138751 0.998213 9.9964E-005 9.9964E-005 9.9964E-005
9.9973E-005 0.00240479 0.996729 9.9973E-005 0.000566169 9.9973E-005
9.996E-005 9.996E-005 0.9995 9.996E-005 9.996E-005 9.996E-005
9.9964E-005 9.9964E-005 0.994339 0.00526118 9.9964E-005 9.9964E-005
9.9973E-005 9.9973E-005 0.982045 0.0150996 0.00255592 9.9973E-005
9.9982E-005 0.00179418 0.980662 0.00936867 9.9982E-005 0.00797559
9.9964E-005 9.9964E-005 0.997205 9.9964E-005 0.00239477 9.9964E-005
9.9982E-005 9.9982E-005 0.977348 0.0206857 0.000302201 0.00146437
9.9973E-005 9.9973E-005 0.981855 0.0129319 9.9973E-005 0.00491363
9.9982E-005 0.013113 0.9761 0.00356175 0.00702546 9.9982E-005
9.9991E-005 0.00142809 0.991235 0.00325287 0.00179268 0.00219112
0.997941 9.9964E-005 9.9964E-005 0.0016592 9.9964E-005 9.9964E-005
0.856628 9.99953E-005 0.00211196 0.00273359 0.0415283 0.0968976
0.875603 9.9982E-005 0.0027753 9.9982E-005 0.0302002 0.0912215
9.9973E-005 9.9973E-005 0.000550579 0.997864 9.9973E-005 0.00128553
9.996E-005 9.996E-005 9.996E-005 0.9995 9.996E-005 9.996E-005
0.861721 0.000399983 0.00423428 0.00145945 0.0292854 0.1029
0.748209 0.00612365 0.00695916 0.000335483 0.0718984 0.166474
0.554462 0.0708957 0.0866103 0.025078 0.0986162 0.164338
0.0987269 0.000503157 0.00696971 0.000794479 0.865155 0.0278506
0.111767 0.000823938 0.00135831 0.00289786 0.858997 0.0241556
9.996E-005 9.996E-005 9.996E-005 0.9995 9.996E-005 9.996E-005
9.996E-005 9.996E-005 9.996E-005 0.9995 9.996E-005 9.996E-005
0.107448 9.9982E-005 0.00760102 9.9982E-005 0.864344 0.0204065
0.761399 0.000881397 9.9991E-005 0.00286324 0.0772377 0.157519
9.996E-005 9.996E-005 9.996E-005 0.9995 9.996E-005 9.996E-005
0.0973633 0.00222191 0.00167713 9.9991E-005 0.881483 0.0171544
0.828542 0.00661857 0.00839443 0.000593175 0.050531 0.105321
0.871167 9.9982E-005 0.000984525 9.9982E-005 0.0358517 0.0917971
0.66087 0.0403526 0.0388134 0.0194806 0.0754524 0.165031
0.322127 0.0122973 0.0161439 9.9991E-005 0.497967 0.151365
0.866892 0.00146481 0.00144028 0.00620897 0.0382115 0.0857827
0.847992 9.9991E-005 0.00139148 0.000730086 0.0478097 0.101977
0.853489 0.00383516 0.00709529 9.9991E-005 0.0439465 0.0915336
0.00589177 9.9973E-005 9.9973E-005 0.992983 0.000825776 9.9973E-005
0.873794 0.00227358 0.00258868 0.0026546 0.04164 0.0770493
9.9982E-005 9.9982E-005 0.00291938 0.992957 0.00123881 0.00268511
0.885231 9.9973E-005 9.9973E-005 9.9973E-005 0.033869 0.0805999
9.996E-005 9.996E-005 9.996E-005 0.9995 9.996E-005 9.996E-005
9.996E-005 9.996E-005 9.996E-005 9.996E-005 0.9995 9.996E-005
0.88911 9.9991E-005 0.00225015 0.00142718 0.0279835 0.0791292
9.996E-005 9.996E-005 9.996E-005 9.996E-005 0.9995 9.996E-005
0.864842 9.99983E-005 0.00620688 0.00222865 0.0447265 0.0818958
0.862983 0.00350927 0.00184419 9.9991E-005 0.0481887 0.0833747
0.893245 9.9982E-005 9.9982E-005 0.00394442 0.0307539 0.0718562
0.900935 9.9991E-005 0.000621895 0.00407408 0.0241078 0.0701614
9.996E-005 9.996E-005 9.996E-005 0.9995 9.996E-005 9.996E-005
0.998662 9.9964E-005 9.9964E-005 9.9964E-005 9.9964E-005 0.000938045
0.9995 9.996E-005 9.996E-005 9.996E-005 9.996E-005 9.996E-005
0.996671 9.9973E-005 0.00167714 0.00135155 9.9973E-005 9.9973E-005
9.9973E-005 0.000165642 9.9973E-005 0.00119784 9.9973E-005 0.998337
0.0116664 0.0030274 9.9982E-005 0.983937 0.00116875 9.9982E-005
0.0251527 9.9964E-005 9.9964E-005 9.9964E-005 9.9964E-005 0.974447
9.996E-005 9.996E-005 9.996E-005 9.996E-005 9.996E-005 0.9995
0.021773 9.99738E-005 0.000311559 9.99738E-005 9.99738E-005 0.977616
9.996E-005 9.996E-005 9.996E-005 9.996E-005 9.996E-005 0.9995
9.996E-005 9.996E-005 9.996E-005 9.996E-005 9.996E-005 0.9995
9.996E-005 9.996E-005 9.996E-005 9.996E-005 0.9995 9.996E-005
9.996E-005 9.996E-005 9.996E-005 9.996E-005 0.9995 9.996E-005
9.996E-005 9.996E-005 9.996E-005 9.996E-005 0.9995 9.996E-005
9.9964E-005 0.000805215 9.9964E-005 9.9964E-005 0.998795 9.9964E-005
9.9973E-005 9.9973E-005 9.9973E-005 0.0292629 0.0124241 0.958013
9.996E-005 9.996E-005 9.996E-005 9.996E-005 0.9995 9.996E-005
9.996E-005 9.996E-005 9.996E-005 9.996E-005 9.996E-005 0.9995
0.0198834 9.9964E-005 9.9964E-005 9.9964E-005 9.9964E-005 0.979717
0.0225864 9.9973E-005 9.9973E-005 9.9973E-005 0.000312458 0.976801
0.0128508 9.9964E-005 9.9964E-005 9.9964E-005 9.9964E-005 0.986749
0.0377156 9.9964E-005 9.9964E-005 9.9964E-005 9.9964E-005 0.961885
9.9964E-005 9.9964E-005 0.00169739 9.9964E-005 9.9964E-005 0.997903
0.0178745 9.9991E-005 0.000803943 0.0011236 0.00621562 0.973882
0.0305206 9.9973E-005 9.9973E-005 0.000315526 9.9973E-005 0.968864
0.0377348 0.00182935 0.000573072 9.9991E-005 0.011756 0.948007
0.0221133 0.00246832 9.9991E-005 0.00289702 0.00719638 0.965225
9.9982E-005 0.00353933 0.00216352 9.9982E-005 0.00560739 0.98849
9.9982E-005 0.00104612 0.0011056 9.9982E-005 0.0120839 0.985564
0.0167078 9.9973E-005 9.9973E-005 9.9973E-005 0.00697571 0.976017
0.022498 9.9973E-005 9.9973E-005 0.00115711 9.9973E-005 0.976045
9.9964E-005 9.9964E-005 9.9964E-005 9.9964E-005 0.0038354 0.995765
0.0117421 0.0121911 0.0147244 0.00336045 0.00748106 0.950501
9.9964E-005 9.9964E-005 0.989988 0.0096118 9.9964E-005 9.9964E-005
0.00278964 9.9964E-005 0.996811 9.9964E-005 9.9964E-005 9.9964E-005
9.9973E-005 9.9973E-005 0.996857 9.9973E-005 0.000178903 0.00266428
9.9991E-005 0.00773617 0.00637634 0.000970483 0.00993063 0.974886
0.292362 0.0261703 0.0369473 0.0181218 0.467331 0.159068
9.9973E-005 0.990635 9.9973E-005 0.00503056 9.9973E-005 0.00403495
0.00103262 0.995746 9.9982E-005 0.00145543 0.00156549 9.9982E-005
9.996E-005 0.9995 9.996E-005 9.996E-005 9.996E-005 9.996E-005
9.9973E-005 0.989801 0.00313763 0.00676098 9.9973E-005 9.9973E-005
9.996E-005 0.9995 9.996E-005 9.996E-005 9.996E-005 9.996E-005
9.996E-005 0.9995 9.996E-005 9.996E-005 9.996E-005 9.996E-005
9.9982E-005 0.0133711 0.91852 0.0637674 0.00414167 9.9982E-005
9.9964E-005 0.998474 9.9964E-005 9.9964E-005 0.00112629 9.9964E-005
9.996E-005 9.996E-005 0.9995 9.996E-005 9.996E-005 9.996E-005
0.00693089 0.97611 0.00546422 0.00123122 0.00943573 0.000827587
9.9973E-005 0.993907 0.00332528 0.00246732 9.9973E-005 9.9973E-005
9.996E-005 0.9995 9.996E-005 9.996E-005 9.996E-005 9.996E-005
9.9964E-005 0.998853 9.9964E-005 0.000747432 9.9964E-005 9.9964E-005
0.0215378 9.9982E-005 0.00370083 9.9982E-005 0.0162428 0.958319
9.9964E-005 0.999448 0.000151867 9.9964E-005 9.9964E-005 9.9964E-005
9.9964E-005 0.00125925 0.998341 9.9964E-005 9.9964E-005 9.9964E-005
9.9964E-005 9.9964E-005 9.9964E-005 0.0045859 9.9964E-005 0.995014
0.9995 9.996E-005 9.996E-005 9.996E-005 9.996E-005 9.996E-005
9.9964E-005 0.999284 9.9964E-005 9.9964E-005 9.9964E-005 0.000315897
9.996E-005 9.996E-005 9.996E-005 0.9995 9.996E-005 9.996E-005
9.9964E-005 0.000829341 9.9964E-005 0.998771 9.9964E-005 9.9964E-005
0.9995 9.996E-005 9.996E-005 9.996E-005 9.996E-005 9.996E-005
9.996E-005 9.996E-005 9.996E-005 0.9995 9.996E-005 9.996E-005
0.00361014 9.9973E-005 9.9973E-005 0.00148543 9.9973E-005 0.994605
0.00346303 9.9964E-005 9.9964E-005 9.9964E-005 9.9964E-005 0.996137
0.0524953 9.99784E-005 0.00550807 9.99784E-005 9.99784E-005 0.941697
9.996E-005 9.996E-005 9.996E-005 9.996E-005 9.996E-005 0.9995
0.0454124 9.9973E-005 0.00117579 9.9973E-005 9.9973E-005 0.953112
0.0157608 0.0047938 0.00522365 0.00130748 9.9991E-005 0.972814
9.9964E-005 9.9964E-005 9.9964E-005 9.9964E-005 0.00142341 0.998177
0.9995 9.996E-005 9.996E-005 9.996E-005 9.996E-005 9.996E-005
0.9995 9.996E-005 9.996E-005 9.996E-005 9.996E-005 9.996E-005
9.996E-005 9.996E-005 9.996E-005 9.996E-005 9.996E-005 0.9995
9.9973E-005 9.9973E-005 0.992467 0.00223048 9.9973E-005 0.00500236
0.0036674 0.0183774 0.909457 0.0607697 9.9991E-005 0.00762872
0.00374688 0.0110033 0.898734 0.0673304 0.00429117 0.0148945
0.08489 0.0688127 0.602334 0.0900972 0.0536818 0.100184
0.00188401 0.0118805 0.915145 0.0675646 0.00342574 9.9991E-005
0.00837207 0.0032467 0.980595 0.000711096 9.9991E-005 0.00697513
9.9964E-005 9.9964E-005 0.996953 9.9964E-005 9.9964E-005 0.00264693
9.996E-005 9.996E-005 0.9995 9.996E-005 9.996E-005 9.996E-005
9.9982E-005 0.0120923 0.920344 0.0610796 0.0062841 9.9982E-005
0.9995 9.996E-005 9.996E-005 9.996E-005 9.996E-005 9.996E-005
9.996E-005 9.996E-005 9.996E-005 0.9995 9.996E-005 9.996E-005
0.632297 0.0808124 0.0685722 0.0520044 0.0595822 0.106732
0.9995 9.996E-005 9.996E-005 9.996E-005 9.996E-005 9.996E-005
0.9995 9.996E-005 9.996E-005 9.996E-005 9.996E-005 9.996E-005
9.9973E-005 9.9973E-005 0.00541524 0.992897 9.9973E-005 0.00138737
9.9964E-005 0.996111 9.9964E-005 9.9964E-005 0.0034894 9.9964E-005
0.276404 9.9991E-005 0.00201036 0.00285184 0.0592458 0.659388
0.9995 9.996E-005 9.996E-005 9.996E-005 9.996E-005 9.996E-005
0.9995 9.996E-005 9.996E-005 9.996E-005 9.996E-005 9.996E-005
0.9995 9.996E-005 9.996E-005 9.996E-005 9.996E-005 9.996E-005
0.999469 0.000130961 9.9964E-005 9.9964E-005 9.9964E-005 9.9964E-005
0.9995 9.996E-005 9.996E-005 9.996E-005 9.996E-005 9.996E-005
0.9995 9.996E-005 9.996E-005 9.996E-005 9.996E-005 9.996E-005
