9.9973E-005 0.0493307 0.897279 9.9973E-005 9.9973E-005 0.0287359 0.0243549
9.999E-005 0.0510397 0.896612 0.000567521 0.000770494 0.0284934 0.0224172
9.9973E-005 0.993018 9.9973E-005 0.00137834 0.0036696 0.0016346 9.9973E-005
9.9964E-005 0.987509 9.9964E-005 9.9964E-005 9.9964E-005 0.00484274 0.00724868
9.9964E-005 0.994078 9.9964E-005 0.00190773 0.00361484 9.9964E-005 9.9964E-005
9.995E-005 0.9994 9.995E-005 9.995E-005 9.995E-005 9.995E-005 9.995E-005
9.995E-005 0.9994 9.995E-005 9.995E-005 9.995E-005 9.995E-005 9.995E-005
9.995E-005 0.9994 9.995E-005 9.995E-005 9.995E-005 9.995E-005 9.995E-005
9.9955E-005 9.9955E-005 9.9955E-005 0.00794908 0.991551 9.9955E-005 9.9955E-005
9.9964E-005 9.9964E-005 9.9964E-005 0.00197083 0.00510677 9.9964E-005 0.992523
0.00514005 9.9964E-005 9.9964E-005 9.9964E-005 0.00110274 9.9964E-005 0.993357
0.788576 9.9991E-005 0.0201721 0.0518654 0.119266 0.0187844 0.00123619
0.00289447 9.9973E-005 9.9973E-005 0.00296085 0.00140345 9.9973E-005 0.992441
0.00124927 9.9964E-005 9.9964E-005 0.00171838 9.9964E-005 9.9964E-005 0.996633
0.00472103 9.99624E-005 9.99624E-005 9.99624E-005 9.99624E-005 9.99624E-005 0.994779
0.00190104 9.9973E-005 0.0072271 0.00150175 9.9973E-005 9.9973E-005 0.98907
0.791899 0.0180447 0.00417194 0.0454369 0.119551 0.00795782 0.0129382
0.00165549 0.845403 0.0384286 9.9991E-005 0.00244749 0.0212871 0.0906786
9.995E-005 9.995E-005 0.9994 9.995E-005 9.995E-005 9.995E-005 9.995E-005
9.9973E-005 9.9973E-005 0.994187 0.00131406 0.00180544 9.9973E-005 0.00239329
9.995E-005 9.995E-005 0.9994 9.995E-005 9.995E-005 9.995E-005 9.995E-005
9.995E-005 9.995E-005 0.9994 9.995E-005 9.995E-005 9.995E-005 9.995E-005
9.99572E-005 9.99572E-005 0.9994 9.99572E-005 9.99572E-005 9.99572E-005 9.99572E-005
9.995E-005 9.995E-005 0.9994 9.995E-005 9.995E-005 9.995E-005 9.995E-005
9.995E-005 9.995E-005 0.9994 9.995E-005 9.995E-005 9.995E-005 9.995E-005
9.995E-005 9.995E-005 0.9994 9.995E-005 9.995E-005 9.995E-005 9.995E-005
9.995E-005 9.995E-005 0.9994 9.995E-005 9.995E-005 9.995E-005 9.995E-005
9.9964E-005 9.9964E-005 0.994942 0.00362726 0.00103088 9.9964E-005 9.9964E-005
9.9964E-005 9.9964E-005 0.0159143 0.000607321 9.9964E-005 0.983079 9.9964E-005
9.9955E-005 0.0182203 9.9955E-005 9.9955E-005 9.9955E-005 0.98128 9.9955E-005
9.995E-005 9.995E-005 9.995E-005 9.995E-005 9.995E-005 0.9994 9.995E-005
9.995E-005 9.995E-005 9.995E-005 9.995E-005 9.995E-005 0.9994 9.995E-005
9.995E-005 9.995E-005 9.995E-005 9.995E-005 9.995E-005 0.9994 9.995E-005
0.00100329 0.872265 0.0378271 9.9982E-005 9.9982E-005 0.0214885 0.0672157
0.00322977 0.857711 0.0398817 9.9991E-005 0.000197617 0.0187854 0.0800946
0.000176147 0.877 0.040397 0.000375284 9.9991E-005 0.020499 0.0614522
0.00324977 0.84949 0.0417681 9.9982E-005 9.9982E-005 0.0287882 0.0765043
0.9994 9.995E-005 9.995E-005 9.995E-005 9.995E-005 9.995E-005 9.995E-005
9.995E-005 9.995E-005 9.995E-005 9.995E-005 9.995E-005 0.9994 9.995E-005
0.00043028 9.9955E-005 9.9955E-005 9.9955E-005 9.9955E-005 0.99907 9.9955E-005
9.995E-005 9.995E-005 9.995E-005 9.995E-005 9.995E-005 0.9994 9.995E-005
9.99585E-005 9.99585E-005 9.99585E-005 9.99585E-005 0.00251729 0.996983 9.99585E-005
9.9964E-005 9.9964E-005 0.00168873 0.00411034 0.993801 9.9964E-005 9.9964E-005
0.00228277 9.9982E-005 0.00267653 9.9982E-005 0.986492 0.0021087 0.00623979
9.9955E-005 9.9955E-005 0.00526443 9.9955E-005 0.994236 9.9955E-005 9.9955E-005
9.9973E-005 0.000558607 0.00506295 9.9973E-005 0.992571 0.00150773 9.9973E-005
9.9964E-005 9.9964E-005 9.9964E-005 0.000441447 0.995801 9.9964E-005 0.00335793
9.9955E-005 9.9955E-005 9.9955E-005 9.9955E-005 0.995823 0.00367748 9.9955E-005
9.995E-005 9.995E-005 9.995E-005 9.995E-005 0.9994 9.995E-005 9.995E-005
0.00041107 0.00235439 9.9964E-005 9.9964E-005 0.996835 9.9964E-005 9.9964E-005
9.9964E-005 9.9964E-005 9.9964E-005 0.000385239 0.00478166 9.9964E-005 0.994433
9.9991E-005 0.0219995 0.0117784 0.000438197 0.00123302 0.00625737 0.958193
9.9964E-005 0.0395834 9.9964E-005 9.9964E-005 9.9964E-005 0.00459717 0.95542
9.9964E-005 9.9964E-005 0.000742593 9.9964E-005 9.9964E-005 0.00113499 0.997723
0.00610579 9.9973E-005 9.9973E-005 0.00672008 0.000966014 9.9973E-005 0.985908
9.9955E-005 9.9955E-005 9.9955E-005 9.9955E-005 9.9955E-005 0.00209254 0.997408
9.995E-005 9.995E-005 9.995E-005 0.9994 9.995E-005 9.995E-005 9.995E-005
9.995E-005 9.995E-005 9.995E-005 9.995E-005 0.9994 9.995E-005 9.995E-005
0.000392416 9.9964E-005 9.9964E-005 0.997912 0.00129615 9.9964E-005 9.9964E-005
9.995E-005 9.995E-005 9.995E-005 9.995E-005 0.9994 9.995E-005 9.995E-005
9.995E-005 9.995E-005 9.995E-005 9.995E-005 0.9994 9.995E-005 9.995E-005
9.9973E-005 0.983695 9.9973E-005 0.000951725 0.0051909 0.00986272 9.9973E-005
9.995E-005 0.9994 9.995E-005 9.995E-005 9.995E-005 9.995E-005 9.995E-005
9.995E-005 0.9994 9.995E-005 9.995E-005 9.995E-005 9.995E-005 9.995E-005
0.00171845 0.992057 9.9973E-005 0.00107328 0.00485135 9.9973E-005 9.9973E-005
9.9955E-005 0.995585 9.9955E-005 9.9955E-005 0.00391512 9.9955E-005 9.9955E-005
9.995E-005 0.9994 9.995E-005 9.995E-005 9.995E-005 9.995E-005 9.995E-005
9.9955E-005 9.9955E-005 9.9955E-005 9.9955E-005 0.997921 0.00157917 9.9955E-005
9.9973E-005 9.9973E-005 0.00380897 0.00783761 0.985463 0.00259049 9.9973E-005
9.995E-005 9.995E-005 9.995E-005 9.995E-005 0.9994 9.995E-005 9.995E-005
9.9955E-005 9.9955E-005 9.9955E-005 0.0025912 0.996909 9.9955E-005 9.9955E-005
9.9955E-005 9.9955E-005 0.0025541 9.9955E-005 0.996946 9.9955E-005 9.9955E-005
9.995E-005 9.995E-005 9.995E-005 9.995E-005 0.9994 9.995E-005 9.995E-005
0.00100153 9.9964E-005 0.00372525 9.9964E-005 0.994873 9.9964E-005 9.9964E-005
0.0183364 9.99787E-005 0.000343253 9.99787E-005 0.976349 0.00467176 9.99787E-005
0.00719204 0.000326652 0.00332761 0.00455766 0.984396 9.99852E-005 9.99852E-005
9.9955E-005 9.9955E-005 0.00596876 9.9955E-005 0.993531 9.9955E-005 9.9955E-005
0.0138956 9.9964E-005 0.00124571 9.9964E-005 0.984459 9.9964E-005 9.9964E-005
0.0136682 9.9964E-005 9.9964E-005 9.9964E-005 0.985662 9.9964E-005 0.000270402
0.000215015 0.00194723 0.00685042 0.0140331 0.974363 0.00198758 0.000604007
0.0043156 9.9964E-005 0.00444497 9.9964E-005 0.99084 9.9964E-005 9.9964E-005
0.000878148 0.99017 0.00110609 0.000228591 9.9991E-005 0.00590137 0.00161542
0.00219111 0.837462 0.0397589 9.9982E-005 9.9982E-005 0.0204993 0.0998887
9.9982E-005 0.833835 0.0435759 9.9982E-005 0.00111099 0.0233662 0.0979119
0.998347 9.9955E-005 9.9955E-005 9.9955E-005 9.9955E-005 9.9955E-005 0.00115301
0.9994 9.995E-005 9.995E-005 9.995E-005 9.995E-005 9.995E-005 9.995E-005
9.9982E-005 0.835798 0.0386664 9.9982E-005 0.00494489 0.0127054 0.107686
0.00130531 0.718928 0.0547066 0.00771795 0.00961965 0.0511277 0.156594
0.0347821 0.51577 0.0545726 0.0680105 0.075772 0.0782069 0.172885
9.9991E-005 0.112313 0.0930491 0.00238512 0.00796709 0.753854 0.0303315
9.9982E-005 0.113543 0.100642 9.9982E-005 0.00645672 0.748429 0.0307286
0.9994 9.995E-005 9.995E-005 9.995E-005 9.995E-005 9.995E-005 9.995E-005
0.9994 9.995E-005 9.995E-005 9.995E-005 9.995E-005 9.995E-005 9.995E-005
9.9991E-005 0.120043 0.0934595 0.00188381 0.00628106 0.756492 0.0217405
0.00290844 0.736681 0.053328 0.0013049 9.9991E-005 0.0489845 0.156694
0.9994 9.995E-005 9.995E-005 9.995E-005 9.995E-005 9.995E-005 9.995E-005
9.9982E-005 0.123156 0.0947019 9.9982E-005 0.00490968 0.756559 0.0204742
9.9991E-005 0.80157 0.032946 0.00184499 0.0127836 0.0322535 0.118502
0.000140149 0.842498 0.0377758 9.9982E-005 9.9982E-005 0.0251764 0.09421
0.0121748 0.644646 0.057352 0.041255 0.0408046 0.0429718 0.160796
0.00053103 0.282109 0.291094 0.00749926 0.0113743 0.278322 0.129071
0.00414358 0.838848 0.0335141 9.9982E-005 9.9982E-005 0.0290693 0.0942255
0.000193897 0.820562 0.0455962 9.9991E-005 0.00101784 0.0319593 0.100571
0.00221106 0.826029 0.0300218 0.00128924 0.00561312 0.0336419 0.101194
0.990993 9.9964E-005 0.003945 0.00466235 9.9964E-005 9.9964E-005 9.9964E-005
0.0034821 0.842057 0.0343574 9.99858E-005 9.99858E-005 0.033714 0.0861895
0.997942 9.9964E-005 0.000293574 9.9964E-005 0.00136417 9.9964E-005 9.9964E-005
9.9982E-005 0.861353 0.0313318 9.9982E-005 0.00152283 0.0213446 0.0842473
0.9994 9.995E-005 9.995E-005 9.995E-005 9.995E-005 9.995E-005 9.995E-005
9.995E-005 9.995E-005 9.995E-005 9.995E-005 9.995E-005 0.9994 9.995E-005
9.9973E-005 0.860694 0.0375457 9.9973E-005 9.9973E-005 0.0192552 0.0822053
9.9973E-005 0.0195177 0.0313356 9.9973E-005 9.9973E-005 0.933086 0.015761
9.9991E-005 0.850167 0.0353097 0.00287188 0.00311059 0.0252206 0.0832198
9.9991E-005 0.843324 0.0508745 0.00282365 0.00328854 0.0206034 0.0789863
0.00112516 0.870313 0.0441217 9.9991E-005 0.00206668 0.0210257 0.061248
0.0027989 0.870145 0.0312704 9.9982E-005 9.9982E-005 0.018507 0.0770787
0.9994 9.995E-005 9.995E-005 9.995E-005 9.995E-005 9.995E-005 9.995E-005
9.995E-005 0.9994 9.995E-005 9.995E-005 9.995E-005 9.995E-005 9.995E-005
9.995E-005 0.9994 9.995E-005 9.995E-005 9.995E-005 9.995E-005 9.995E-005
9.9964E-005 0.998364 0.00065302 9.9964E-005 9.9964E-005 0.000583144 9.9964E-005
0.00279618 9.9964E-005 9.9964E-005 0.00146583 9.9964E-005 9.9964E-005 0.995338
0.984384 0.00582387 9.9991E-005 0.00236149 0.00142477 0.00022145 0.00568407
9.9964E-005 0.0272132 9.9964E-005 9.9964E-005 9.9964E-005 0.00516129 0.967226
9.995E-005 9.995E-005 9.995E-005 9.995E-005 9.995E-005 9.995E-005 0.9994
0.000535001 0.0142601 0.0109924 0.000373118 0.000682454 0.00578215 0.967375
9.995E-005 9.995E-005 9.995E-005 9.995E-005 9.995E-005 9.995E-005 0.9994
9.995E-005 9.995E-005 9.995E-005 9.995E-005 9.995E-005 9.995E-005 0.9994
9.995E-005 9.995E-005 9.995E-005 9.995E-005 9.995E-005 0.9994 9.995E-005
9.995E-005 9.995E-005 9.995E-005 9.995E-005 9.995E-005 0.9994 9.995E-005
9.9955E-005 9.9955E-005 9.9955E-005 9.9955E-005 9.9955E-005 0.99754 0.00196036
0.000902096 9.9964E-005 9.9964E-005 0.000270906 9.9964E-005 0.998427 9.9964E-005
0.0276158 0.00736631 9.9973E-005 9.9973E-005 9.9973E-005 0.0175134 0.947205
9.9964E-005 0.0217556 9.9964E-005 9.9964E-005 9.9964E-005 0.969694 0.00815049
9.995E-005 9.995E-005 9.995E-005 9.995E-005 9.995E-005 9.995E-005 0.9994
9.9955E-005 0.0195147 9.9955E-005 9.9955E-005 9.9955E-005 9.9955E-005 0.979985
9.9955E-005 0.0130888 9.9955E-005 9.9955E-005 9.9955E-005 9.9955E-005 0.986411
9.9973E-005 0.00245281 9.9973E-005 9.9973E-005 0.000547094 0.00478709 0.991913
9.9955E-005 0.0260027 9.9955E-005 9.9955E-005 9.9955E-005 9.9955E-005 0.973497
9.9964E-005 9.9964E-005 0.00513262 0.00302386 9.9964E-005 9.9964E-005 0.991444
9.9982E-005 0.00908708 0.00148094 9.9982E-005 0.00256148 0.00682037 0.97985
9.9955E-005 0.0315297 9.9955E-005 9.9955E-005 9.9955E-005 9.9955E-005 0.967971
9.9991E-005 0.0273917 0.0131398 0.00398645 0.00305831 0.0103044 0.942019
9.9982E-005 0.0239049 0.000700167 9.9982E-005 0.001912 0.00781071 0.965472
9.9982E-005 9.9982E-005 0.013524 0.00401156 0.000740279 0.00778762 0.973737
9.9973E-005 9.9973E-005 0.0117125 9.9973E-005 0.00045656 0.00468325 0.982848
9.9964E-005 0.0219009 9.9964E-005 9.9964E-005 9.9964E-005 0.0123196 0.96538
9.9973E-005 0.0388486 9.9973E-005 0.000288982 0.000663489 9.9973E-005 0.959899
9.9964E-005 0.0143224 0.00756072 9.9964E-005 9.9964E-005 9.9964E-005 0.977717
0.00257847 0.0140579 9.9991E-005 0.013164 0.0119008 0.00274457 0.955454
0.00428436 9.9964E-005 9.9964E-005 9.9964E-005 0.992477 9.9964E-005 0.00283855
9.995E-005 9.995E-005 9.995E-005 9.995E-005 0.9994 9.995E-005 9.995E-005
9.9964E-005 9.9964E-005 9.9964E-005 0.00277328 0.993244 9.9964E-005 0.00358289
0.000409156 9.9991E-005 0.00204867 0.00784785 0.00294639 0.0065488 0.980099
0.0222147 0.256121 0.272649 0.0214067 0.0302716 0.265297 0.13204
0.000170691 0.0019258 0.000573833 0.99703 9.9973E-005 9.9973E-005 9.9973E-005
9.9955E-005 9.9955E-005 9.9955E-005 0.993055 9.9955E-005 0.00644555 9.9955E-005
9.995E-005 9.995E-005 9.995E-005 0.9994 9.995E-005 9.995E-005 9.995E-005
0.0043949 9.9973E-005 0.00130259 0.988815 0.00518806 9.9973E-005 9.9973E-005
9.9955E-005 9.9955E-005 0.000868614 0.998632 9.9955E-005 9.9955E-005 9.9955E-005
9.995E-005 9.995E-005 9.995E-005 0.9994 9.995E-005 9.995E-005 9.995E-005
0.0647221 0.00230263 0.00287729 0.0110547 0.918843 9.9982E-005 9.9982E-005
9.995E-005 9.995E-005 9.995E-005 0.9994 9.995E-005 9.995E-005 9.995E-005
9.995E-005 9.995E-005 9.995E-005 9.995E-005 0.9994 9.995E-005 9.995E-005
0.00280864 9.9982E-005 0.00751657 0.982076 9.9982E-005 0.00642109 0.000978011
0.00441791 9.9964E-005 9.9964E-005 0.987598 0.00758458 9.9964E-005 9.9964E-005
9.995E-005 9.995E-005 9.995E-005 0.9994 9.995E-005 9.995E-005 9.995E-005
9.9955E-005 0.00517202 9.9955E-005 0.994328 9.9955E-005 9.9955E-005 9.9955E-005
0.00205426 0.0188477 0.00820761 9.9982E-005 9.9982E-005 0.00840234 0.962288
9.995E-005 9.995E-005 9.995E-005 0.9994 9.995E-005 9.995E-005 9.995E-005
9.995E-005 9.995E-005 9.995E-005 9.995E-005 0.9994 9.995E-005 9.995E-005
0.00466524 9.9964E-005 9.9964E-005 9.9964E-005 0.00604485 9.9964E-005 0.98889
0.000901715 0.998599 9.9955E-005 9.9955E-005 9.9955E-005 9.9955E-005 9.9955E-005
0.000273108 0.000969475 9.9973E-005 0.99781 0.000647457 9.9973E-005 9.9973E-005
0.9994 9.995E-005 9.995E-005 9.995E-005 9.995E-005 9.995E-005 9.995E-005
0.997716 0.00020343 9.9964E-005 0.00168024 9.9964E-005 9.9964E-005 9.9964E-005
9.995E-005 0.9994 9.995E-005 9.995E-005 9.995E-005 9.995E-005 9.995E-005
0.998959 9.9955E-005 9.9955E-005 0.000541284 9.9955E-005 9.9955E-005 9.9955E-005
9.9955E-005 9.9955E-005 9.9955E-005 9.9955E-005 9.9955E-005 0.00541473 0.994085
9.9955E-005 9.9955E-005 9.9955E-005 9.9955E-005 9.9955E-005 0.00666482 0.992835
9.9982E-005 0.0573735 9.9982E-005 0.0017643 0.00285387 0.00593478 0.931874
9.9964E-005 9.9964E-005 0.00314509 9.9964E-005 9.9964E-005 0.0106564 0.985799
9.9955E-005 0.0287008 9.9955E-005 9.9955E-005 9.9955E-005 9.9955E-005 0.970799
0.00404531 0.0239515 0.000654987 0.00408114 9.9991E-005 0.00460155 0.962566
9.9964E-005 9.9964E-005 0.00170916 9.9964E-005 9.9964E-005 0.00536486 0.992526
9.995E-005 0.9994 9.995E-005 9.995E-005 9.995E-005 9.995E-005 9.995E-005
9.995E-005 0.9994 9.995E-005 9.995E-005 9.995E-005 9.995E-005 9.995E-005
9.995E-005 9.995E-005 9.995E-005 9.995E-005 9.995E-005 9.995E-005 0.9994
9.9955E-005 9.9955E-005 9.9955E-005 9.9955E-005 0.990884 9.9955E-005 0.00861599
0.0589956 0.0114886 9.9982E-005 0.0164918 0.911539 0.00128527 9.9982E-005
0.0644346 0.014803 9.9991E-005 0.0115849 0.898116 0.00815186 0.00281004
0.0922634 0.0942738 0.0262781 0.0705221 0.60315 0.0288987 0.0846139
0.0656726 9.9973E-005 0.00751853 0.0113201 0.915189 9.9973E-005 9.9973E-005
0.00216939 9.9973E-005 9.9973E-005 0.00687735 0.985121 9.9973E-005 0.00553207
9.9955E-005 9.9955E-005 9.9955E-005 9.9955E-005 0.998975 9.9955E-005 0.000525663
9.995E-005 9.995E-005 9.995E-005 9.995E-005 0.9994 9.995E-005 9.995E-005
0.0548128 9.9973E-005 0.00943904 0.0122632 0.923185 9.9973E-005 9.9973E-005
9.995E-005 0.9994 9.995E-005 9.995E-005 9.995E-005 9.995E-005 9.995E-005
0.9994 9.995E-005 9.995E-005 9.995E-005 9.995E-005 9.995E-005 9.995E-005
0.0424997 0.620109 0.0485526 0.0761896 0.0797259 0.0522124 0.0807106
9.995E-005 0.9994 9.995E-005 9.995E-005 9.995E-005 9.995E-005 9.995E-005
9.9955E-005 0.999206 9.9955E-005 0.000294366 9.9955E-005 9.9955E-005 9.9955E-005
0.995891 0.00346861 9.9964E-005 9.9964E-005 9.9964E-005 9.9964E-005 0.000240053
9.9955E-005 9.9955E-005 9.9955E-005 0.998414 9.9955E-005 9.9955E-005 0.0010867
0.000474581 0.275268 0.0380105 9.9991E-005 0.00297271 0.0360689 0.647105
9.995E-005 0.9994 9.995E-005 9.995E-005 9.995E-005 9.995E-005 9.995E-005
9.995E-005 0.9994 9.995E-005 9.995E-005 9.995E-005 9.995E-005 9.995E-005
9.995E-005 0.9994 9.995E-005 9.995E-005 9.995E-005 9.995E-005 9.995E-005
9.9955E-005 0.998449 9.9955E-005 0.0010516 9.9955E-005 9.9955E-005 9.9955E-005
9.995E-005 0.9994 9.995E-005 9.995E-005 9.995E-005 9.995E-005 9.995E-005
9.995E-005 0.9994 9.995E-005 9.995E-005 9.995E-005 9.995E-005 9.995E-005
