0.00879079 9.9955E-005 0.0303962 0.000628227 0.0408773 9.9955E-005 0.0154314 9.9955E-005 9.9955E-005 9.9955E-005 0.903376
0.011966 0.00166752 0.0244557 9.9982E-005 0.0343422 0.00116812 0.0253917 9.9982E-005 0.00191633 0.000146477 0.898746
0.057425 9.9964E-005 0.0106426 9.9964E-005 0.896458 9.9964E-005 0.0226332 0.00937046 9.9964E-005 0.000745952 0.00232454
0.0657188 9.9955E-005 0.0120612 9.9955E-005 0.892265 9.9955E-005 0.0230838 9.9955E-005 9.9955E-005 0.00142736 0.00494392
0.0347934 9.9973E-005 0.00767144 9.9973E-005 0.920928 0.00029144 0.0248674 0.00462153 9.9973E-005 0.00227962 0.00424729
9.9919E-005 9.9919E-005 9.9919E-005 9.9919E-005 0.997681 9.9919E-005 9.9919E-005 9.9919E-005 9.9919E-005 9.9919E-005 0.00141966
9.9937E-005 9.9937E-005 0.000213507 9.9937E-005 0.997356 9.9937E-005 0.0011925 9.9937E-005 9.9937E-005 9.9937E-005 0.000538857
9.99101E-005 9.99101E-005 9.99101E-005 9.99101E-005 0.999001 9.99101E-005 9.99101E-005 9.99101E-005 9.99101E-005 9.99101E-005 9.99101E-005
9.9937E-005 0.0126993 0.0021048 9.9937E-005 9.9937E-005 9.9937E-005 9.9937E-005 0.976525 9.9937E-005 0.00797186 9.9937E-005
9.99308E-005 9.99308E-005 9.99308E-005 9.99308E-005 9.99308E-005 9.99308E-005 0.990922 0.00392597 9.99308E-005 0.00435234 9.99308E-005
9.9937E-005 9.9937E-005 9.9937E-005 0.00498076 9.9937E-005 9.9937E-005 0.98976 0.00155478 9.9937E-005 0.00300454 9.9937E-005
9.9928E-005 0.991815 9.9928E-005 0.00394717 9.9928E-005 9.9928E-005 9.9928E-005 9.9928E-005 9.9928E-005 0.00343883 9.9928E-005
9.9937E-005 9.9937E-005 9.9937E-005 0.00438518 9.9937E-005 9.9937E-005 0.993493 0.00118892 9.9937E-005 0.000232836 9.9937E-005
9.9928E-005 9.9928E-005 9.9928E-005 0.000389852 9.9928E-005 9.9928E-005 0.996268 9.9928E-005 9.9928E-005 0.00254307 9.9928E-005
9.9955E-005 9.9955E-005 9.9955E-005 0.00414411 9.9955E-005 0.000297536 0.990065 0.00139404 9.9955E-005 0.00165553 0.00194424
9.9937E-005 9.9937E-005 9.9937E-005 0.00575878 9.9937E-005 0.000869297 0.992064 9.9937E-005 9.9937E-005 0.000608206 9.9937E-005
9.99101E-005 0.999001 9.99101E-005 9.99101E-005 9.99101E-005 9.99101E-005 9.99101E-005 9.99101E-005 9.99101E-005 9.99101E-005 9.99101E-005
0.970437 9.9937E-005 0.00188102 9.9937E-005 9.9937E-005 9.9937E-005 0.0237107 9.9937E-005 9.9937E-005 9.9937E-005 0.00327189
9.99101E-005 9.99101E-005 9.99101E-005 9.99101E-005 9.99101E-005 9.99101E-005 9.99101E-005 9.99101E-005 9.99101E-005 9.99101E-005 0.999001
9.9937E-005 9.9937E-005 9.9937E-005 9.9937E-005 9.9937E-005 9.9937E-005 0.000895819 9.9937E-005 0.000223695 0.00240628 0.995775
9.99101E-005 9.99101E-005 9.99101E-005 9.99101E-005 9.99101E-005 9.99101E-005 9.99101E-005 9.99101E-005 9.99101E-005 9.99101E-005 0.999001
9.99101E-005 9.99101E-005 9.99101E-005 9.99101E-005 9.99101E-005 9.99101E-005 9.99101E-005 9.99101E-005 9.99101E-005 9.99101E-005 0.999001
9.9928E-005 9.9928E-005 9.9928E-005 9.9928E-005 9.9928E-005 0.00258079 9.9928E-005 0.000886294 9.9928E-005 9.9928E-005 0.995733
9.99101E-005 9.99101E-005 9.99101E-005 9.99101E-005 9.99101E-005 9.99101E-005 9.99101E-005 9.99101E-005 9.99101E-005 9.99101E-005 0.999001
9.99101E-005 9.99101E-005 9.99101E-005 9.99101E-005 9.99101E-005 9.99101E-005 9.99101E-005 9.99101E-005 9.99101E-005 9.99101E-005 0.999001
9.99101E-005 9.99101E-005 9.99101E-005 9.99101E-005 9.99101E-005 9.99101E-005 9.99101E-005 9.99101E-005 9.99101E-005 9.99101E-005 0.999001
9.99101E-005 9.99101E-005 9.99101E-005 9.99101E-005 9.99101E-005 9.99101E-005 9.99101E-005 9.99101E-005 9.99101E-005 9.99101E-005 0.999001
9.9919E-005 9.9919E-005 9.9919E-005 9.9919E-005 9.9919E-005 9.9919E-005 9.9919E-005 9.9919E-005 9.9919E-005 0.00333877 0.995762
9.993E-005 9.993E-005 0.974831 9.993E-005 9.993E-005 9.993E-005 0.00895732 0.00127117 9.993E-005 9.993E-005 0.014241
9.9955E-005 9.9955E-005 0.981394 0.000170864 0.0125604 9.9955E-005 0.0033827 9.9955E-005 0.00135869 9.9955E-005 0.000633978
9.99101E-005 9.99101E-005 0.999001 9.99101E-005 9.99101E-005 9.99101E-005 9.99101E-005 9.99101E-005 9.99101E-005 9.99101E-005 9.99101E-005
9.99101E-005 9.99101E-005 0.999001 9.99101E-005 9.99101E-005 9.99101E-005 9.99101E-005 9.99101E-005 9.99101E-005 9.99101E-005 9.99101E-005
9.99101E-005 9.99101E-005 0.999001 9.99101E-005 9.99101E-005 9.99101E-005 9.99101E-005 9.99101E-005 9.99101E-005 9.99101E-005 9.99101E-005
0.999001 9.99101E-005 9.99101E-005 9.99101E-005 9.99101E-005 9.99101E-005 9.99101E-005 9.99101E-005 9.99101E-005 9.99101E-005 9.99101E-005
0.999001 9.99101E-005 9.99101E-005 9.99101E-005 9.99101E-005 9.99101E-005 9.99101E-005 9.99101E-005 9.99101E-005 9.99101E-005 9.99101E-005
0.999001 9.99101E-005 9.99101E-005 9.99101E-005 9.99101E-005 9.99101E-005 9.99101E-005 9.99101E-005 9.99101E-005 9.99101E-005 9.99101E-005
0.998845 9.99191E-005 9.99191E-005 0.000255336 9.99191E-005 9.99191E-005 9.99191E-005 9.99191E-005 9.99191E-005 9.99191E-005 9.99191E-005
9.99191E-005 0.00773143 9.99191E-005 0.991369 9.99191E-005 9.99191E-005 9.99191E-005 9.99191E-005 9.99191E-005 9.99191E-005 9.99191E-005
9.9919E-005 9.9919E-005 0.998482 9.9919E-005 9.9919E-005 0.000618965 9.9919E-005 9.9919E-005 9.9919E-005 9.9919E-005 9.9919E-005
9.9928E-005 9.9928E-005 0.997848 9.9928E-005 9.9928E-005 9.9928E-005 9.9928E-005 0.00102697 9.9928E-005 0.000325169 9.9928E-005
9.9919E-005 9.9919E-005 0.998492 0.000609148 9.9919E-005 9.9919E-005 9.9919E-005 9.9919E-005 9.9919E-005 9.9919E-005 9.9919E-005
9.9928E-005 0.00297182 0.995359 9.9928E-005 9.9928E-005 0.000869856 9.9928E-005 9.9928E-005 9.9928E-005 9.9928E-005 9.9928E-005
9.9937E-005 0.00943257 9.9937E-005 9.9937E-005 9.9937E-005 9.9937E-005 9.9937E-005 0.982474 9.9937E-005 0.00472769 0.00266637
0.0043147 0.00231784 9.9964E-005 0.00992803 9.9964E-005 0.0589975 0.00279955 0.920227 9.9964E-005 0.00101553 9.9964E-005
0.00208102 0.00351449 9.9946E-005 9.9946E-005 9.9946E-005 9.9946E-005 9.9946E-005 0.98712 9.9946E-005 0.00054902 0.00613579
9.9937E-005 9.9937E-005 9.9937E-005 0.00406952 9.9937E-005 0.022013 9.9937E-005 0.967039 9.9937E-005 9.9937E-005 0.00617935
9.99415E-005 9.99415E-005 9.99415E-005 0.0024315 9.99415E-005 9.99415E-005 0.00767287 0.988296 9.99415E-005 0.00089998 9.99415E-005
9.9928E-005 9.9928E-005 0.00636814 9.9928E-005 9.9928E-005 0.00246822 9.9928E-005 0.990364 9.9928E-005 9.9928E-005 9.9928E-005
9.9928E-005 0.0016944 9.9928E-005 9.9928E-005 9.9928E-005 9.9928E-005 9.9928E-005 0.997121 9.9928E-005 0.000385254 9.9928E-005
9.9937E-005 9.9937E-005 0.000329089 0.0162619 9.9937E-005 9.9937E-005 9.9937E-005 0.982576 9.9937E-005 9.9937E-005 0.000133166
9.99191E-005 9.99191E-005 9.99191E-005 9.99191E-005 9.99191E-005 9.99191E-005 0.980971 9.99191E-005 0.0181301 9.99191E-005 9.99191E-005
0.00193385 9.9955E-005 0.00353921 9.9955E-005 0.0148599 9.9955E-005 0.963293 0.00255623 9.9955E-005 9.9955E-005 0.0133179
0.0159389 9.9937E-005 0.00646894 9.9937E-005 0.0232251 9.9937E-005 0.953667 9.9937E-005 9.9937E-005 9.9937E-005 9.9937E-005
0.00377732 9.9928E-005 0.00190429 9.9928E-005 9.9928E-005 9.9928E-005 0.993519 9.9928E-005 9.9928E-005 9.9928E-005 9.9928E-005
9.9955E-005 0.000765156 9.9955E-005 0.000580193 9.9955E-005 0.00452163 0.986232 9.9955E-005 0.00102478 0.00637627 9.9955E-005
0.00143765 9.99191E-005 9.99191E-005 9.99191E-005 9.99191E-005 9.99191E-005 0.997663 9.99191E-005 9.99191E-005 9.99191E-005 9.99191E-005
9.99101E-005 9.99101E-005 9.99101E-005 9.99101E-005 9.99101E-005 9.99101E-005 9.99101E-005 9.99101E-005 9.99101E-005 0.999001 9.99101E-005
9.99185E-005 9.99185E-005 9.99185E-005 9.99185E-005 9.99185E-005 9.99185E-005 9.99185E-005 0.999001 9.99185E-005 9.99185E-005 9.99185E-005
9.9928E-005 0.00190749 9.9928E-005 9.9928E-005 9.9928E-005 0.00143854 9.9928E-005 9.9928E-005 9.9928E-005 0.995855 9.9928E-005
0.00112682 9.9928E-005 0.000136162 9.9928E-005 9.9928E-005 9.9928E-005 9.9928E-005 0.997938 9.9928E-005 9.9928E-005 9.9928E-005
9.99101E-005 9.99101E-005 9.99101E-005 9.99101E-005 9.99101E-005 9.99101E-005 9.99101E-005 0.999001 9.99101E-005 9.99101E-005 9.99101E-005
0.0344402 9.9964E-005 0.0154965 9.9964E-005 0.897395 9.9964E-005 0.0295094 0.00293542 9.9964E-005 0.00276825 0.0170552
9.9928E-005 0.000350967 9.9928E-005 0.000401634 0.998448 9.9928E-005 9.9928E-005 9.9928E-005 9.9928E-005 9.9928E-005 9.9928E-005
0.0183844 9.99247E-005 9.99247E-005 9.99247E-005 0.980716 9.99247E-005 9.99247E-005 9.99247E-005 9.99247E-005 9.99247E-005 9.99247E-005
0.0162492 9.9973E-005 0.0109867 0.00276001 0.927427 9.9973E-005 0.0345803 0.00227952 9.9973E-005 0.00384294 0.00157451
0.000449365 9.9964E-005 0.0107055 0.00576204 0.952646 9.9964E-005 0.0236873 0.00166038 9.9964E-005 9.9964E-005 0.00468941
9.9937E-005 0.000550309 9.9937E-005 9.9937E-005 0.988751 9.9937E-005 9.9937E-005 9.9937E-005 0.00798256 9.9937E-005 0.00201638
9.9928E-005 9.9928E-005 0.00104851 9.9928E-005 9.9928E-005 0.00915936 9.9928E-005 0.988993 9.9928E-005 9.9928E-005 9.9928E-005
9.9955E-005 0.022914 0.00190239 9.9955E-005 9.9955E-005 0.0463728 9.9955E-005 0.918577 9.9955E-005 0.00786686 0.0018672
9.99191E-005 0.000570217 9.99191E-005 9.99191E-005 9.99191E-005 9.99191E-005 9.99191E-005 0.998531 9.99191E-005 9.99191E-005 9.99191E-005
9.9928E-005 0.00802129 9.9928E-005 9.9928E-005 9.9928E-005 9.9928E-005 9.9928E-005 0.989345 9.9928E-005 9.9928E-005 0.0018346
9.9928E-005 0.0110355 9.9928E-005 9.9928E-005 9.9928E-005 9.9928E-005 9.9928E-005 0.987896 9.9928E-005 0.000269551 9.9928E-005
9.9937E-005 9.9937E-005 9.9937E-005 0.00364424 9.9937E-005 0.00969903 9.9937E-005 0.983553 9.9937E-005 9.9937E-005 0.00240463
9.9937E-005 9.9937E-005 0.000397374 0.00805822 9.9937E-005 0.0514803 9.9937E-005 0.939365 9.9937E-005 9.9937E-005 9.9937E-005
9.9937E-005 9.9937E-005 9.9937E-005 0.0203561 0.00390362 0.0759603 9.9937E-005 0.89908 9.9937E-005 9.9937E-005 9.9937E-005
9.9964E-005 0.0050248 0.000978305 0.0093825 9.9964E-005 0.0637841 9.9964E-005 0.916102 9.9964E-005 0.00171069 0.0026177
9.9928E-005 9.9928E-005 9.9928E-005 9.9928E-005 9.9928E-005 9.9928E-005 9.9928E-005 0.993668 0.000116828 9.9928E-005 0.00541624
9.9937E-005 9.9937E-005 9.9937E-005 0.0231846 9.9937E-005 0.0620105 9.9937E-005 0.913819 9.9937E-005 0.000285807 9.9937E-005
9.9937E-005 9.9937E-005 9.9937E-005 0.0157638 9.9937E-005 0.0866449 9.9937E-005 0.891967 0.0049252 9.9937E-005 9.9937E-005
9.9955E-005 0.0241396 0.0081906 9.9955E-005 9.9955E-005 0.0358999 9.9955E-005 0.920898 9.9955E-005 0.00956212 0.000810042
9.9946E-005 0.0137549 9.9946E-005 9.9946E-005 9.9946E-005 0.0593246 9.9946E-005 0.92527 9.9946E-005 0.000172083 0.000878484
0.0423507 0.000534401 0.0100595 9.9964E-005 0.905542 9.9964E-005 0.0273092 9.9964E-005 9.9964E-005 0.000460959 0.0133429
0.92267 9.9937E-005 0.00839923 9.9937E-005 0.042428 9.9937E-005 0.0258032 9.9937E-005 9.9937E-005 9.9937E-005 9.9937E-005
0.992278 9.9946E-005 9.9946E-005 9.9946E-005 0.000216419 0.000755146 0.00210244 9.9946E-005 9.9946E-005 9.9946E-005 0.00404846
9.99281E-005 9.99281E-005 0.00607713 0.992032 9.99281E-005 9.99281E-005 9.99281E-005 0.00109105 9.99281E-005 9.99281E-005 9.99281E-005
0.0026796 0.0144476 9.9946E-005 0.981027 9.9946E-005 9.9946E-005 0.000105724 9.9946E-005 9.9946E-005 9.9946E-005 0.00114055
0.994915 9.99191E-005 9.99191E-005 9.99191E-005 9.99191E-005 9.99191E-005 9.99191E-005 9.99191E-005 0.004186 9.99191E-005 9.99191E-005
0.443829 0.00014057 0.0446864 9.9982E-005 0.322125 0.00714518 0.125873 9.9982E-005 0.00260161 0.00721243 0.0461869
0.311817 0.0019748 0.0504737 0.0241208 0.219289 9.9991E-005 0.159218 0.0796381 0.0490154 0.0603328 0.044021
0.0497724 0.00723266 0.741113 9.9964E-005 0.0721636 9.9964E-005 0.023862 9.9964E-005 9.9964E-005 0.00251852 0.102938
0.0673108 0.00325117 0.7399 9.9964E-005 0.0575346 0.00083222 0.0342614 9.9964E-005 9.9964E-005 9.9964E-005 0.0965096
9.99191E-005 0.00444225 9.99191E-005 0.994658 9.99191E-005 9.99191E-005 9.99191E-005 9.99191E-005 9.99191E-005 9.99191E-005 9.99191E-005
9.99101E-005 9.99101E-005 9.99101E-005 0.999001 9.99101E-005 9.99101E-005 9.99101E-005 9.99101E-005 9.99101E-005 9.99101E-005 9.99101E-005
0.0628355 0.00379082 0.741867 9.9955E-005 0.0709582 9.9955E-005 0.0161505 9.9955E-005 9.9955E-005 9.9955E-005 0.103899
0.4447 9.9973E-005 0.0404427 0.00128091 0.326182 9.9973E-005 0.137827 9.9973E-005 0.00266065 0.00129487 0.0453118
9.9928E-005 0.00024867 9.9928E-005 0.996864 9.9928E-005 9.9928E-005 9.9928E-005 0.00208763 9.9928E-005 9.9928E-005 9.9928E-005
0.0541651 0.00254697 0.751077 9.997E-005 0.06747 0.00189733 0.0257563 9.997E-005 9.997E-005 0.00123731 0.0955498
0.925755 0.00297158 0.00566969 9.9982E-005 0.0155994 9.9982E-005 0.0267037 0.00297365 0.0146895 0.0033475 0.00208987
0.968935 9.9928E-005 9.9928E-005 9.9928E-005 0.0208483 9.9928E-005 0.00941749 9.9928E-005 9.9928E-005 9.9928E-005 9.9928E-005
0.449797 0.0207455 0.0330353 9.9991E-005 0.208025 0.0127231 0.144291 0.0202579 0.022284 0.0393156 0.0494254
0.16031 0.0128285 0.271192 9.9982E-005 0.12576 9.9982E-005 0.117713 0.00376707 0.0138565 0.00649003 0.287883
0.978281 9.9937E-005 0.00451589 9.9937E-005 9.9937E-005 9.9937E-005 0.0103032 9.9937E-005 0.00620013 9.9937E-005 9.9937E-005
0.954746 9.9955E-005 0.00952383 9.9955E-005 0.00419853 9.9955E-005 0.020706 9.9955E-005 0.00353342 9.9955E-005 0.00679276
0.964814 9.9955E-005 0.00709406 9.9955E-005 0.00682983 9.9955E-005 0.0129096 0.00181994 0.00603298 9.9955E-005 9.9955E-005
0.00284158 0.0468946 9.9946E-005 0.940489 9.9946E-005 9.9946E-005 9.9946E-005 9.9946E-005 9.9946E-005 0.00621168 0.00296321
0.987706 9.9937E-005 0.000895517 9.9937E-005 0.00776462 9.9937E-005 9.9937E-005 9.9937E-005 0.00293439 9.9937E-005 9.9937E-005
9.9937E-005 0.0104289 9.9937E-005 0.976389 9.9937E-005 0.0119311 9.9937E-005 0.000551248 9.9937E-005 9.9937E-005 9.9937E-005
0.999001 9.99101E-005 9.99101E-005 9.99101E-005 9.99101E-005 9.99101E-005 9.99101E-005 9.99101E-005 9.99101E-005 9.99101E-005 9.99101E-005
9.99191E-005 9.99191E-005 9.99191E-005 0.988377 9.99191E-005 0.0107238 9.99191E-005 9.99191E-005 9.99191E-005 9.99191E-005 9.99191E-005
9.9919E-005 9.9919E-005 0.997963 0.00113778 9.9919E-005 9.9919E-005 9.9919E-005 9.9919E-005 9.9919E-005 9.9919E-005 9.9919E-005
0.999001 9.99101E-005 9.99101E-005 9.99101E-005 9.99101E-005 9.99101E-005 9.99101E-005 9.99101E-005 9.99101E-005 9.99101E-005 9.99101E-005
9.9937E-005 9.9937E-005 0.944963 9.9937E-005 0.0144085 9.9937E-005 0.00847549 9.9937E-005 9.9937E-005 9.9937E-005 0.0314534
0.999001 9.99101E-005 9.99101E-005 9.99101E-005 9.99101E-005 9.99101E-005 9.99101E-005 9.99101E-005 9.99101E-005 9.99101E-005 9.99101E-005
0.996968 9.9928E-005 9.9928E-005 9.9928E-005 9.9928E-005 9.9928E-005 9.9928E-005 9.9928E-005 9.9928E-005 0.000654409 0.00157862
0.999001 9.99101E-005 9.99101E-005 9.99101E-005 9.99101E-005 9.99101E-005 9.99101E-005 9.99101E-005 9.99101E-005 9.99101E-005 9.99101E-005
0.999001 9.99101E-005 9.99101E-005 9.99101E-005 9.99101E-005 9.99101E-005 9.99101E-005 9.99101E-005 9.99101E-005 9.99101E-005 9.99101E-005
9.9946E-005 0.0107212 9.9946E-005 0.983588 9.9946E-005 0.00125143 9.9946E-005 9.9946E-005 0.00358491 0.000254637 9.9946E-005
0.001341 0.00173789 9.9946E-005 9.9946E-005 0.948882 9.9946E-005 0.0313901 9.9946E-005 9.9946E-005 9.9946E-005 0.0160493
9.9955E-005 9.9955E-005 9.9955E-005 9.9955E-005 0.953469 9.9955E-005 0.0213469 0.000597964 0.00735544 0.000302668 0.016428
0.0401202 9.9955E-005 0.0142487 0.0016464 0.921963 9.9955E-005 0.0186473 9.9955E-005 9.9955E-005 9.9955E-005 0.00287414
9.9937E-005 0.000534888 9.9937E-005 0.00265001 9.9937E-005 9.9937E-005 0.994906 9.9937E-005 9.9937E-005 0.00120978 9.9937E-005
9.9946E-005 9.9946E-005 9.9946E-005 0.969802 0.012105 0.00967972 9.9946E-005 9.9946E-005 0.000866263 0.00694758 9.9946E-005
0.011927 9.9937E-005 0.0025416 9.9937E-005 0.021628 9.9937E-005 0.963204 9.9937E-005 9.9937E-005 9.9937E-005 9.9937E-005
9.99101E-005 9.99101E-005 9.99101E-005 9.99101E-005 9.99101E-005 9.99101E-005 0.999001 9.99101E-005 9.99101E-005 9.99101E-005 9.99101E-005
0.0014802 0.00241331 0.000814549 9.997E-005 0.0128051 9.997E-005 0.955253 0.000941629 0.0226268 9.997E-005 0.00336526
9.99191E-005 9.99191E-005 9.99191E-005 9.99191E-005 9.99191E-005 9.99191E-005 0.992158 9.99191E-005 0.00694301 9.99191E-005 9.99191E-005
0.00315095 9.9937E-005 0.000319532 9.9937E-005 0.00373246 9.9937E-005 0.992098 9.9937E-005 9.9937E-005 9.9937E-005 9.9937E-005
9.99101E-005 9.99101E-005 0.999001 9.99101E-005 9.99101E-005 9.99101E-005 9.99101E-005 9.99101E-005 9.99101E-005 9.99101E-005 9.99101E-005
9.99101E-005 9.99101E-005 0.999001 9.99101E-005 9.99101E-005 9.99101E-005 9.99101E-005 9.99101E-005 9.99101E-005 9.99101E-005 9.99101E-005
9.9919E-005 9.9919E-005 0.993425 9.9919E-005 9.9919E-005 9.9919E-005 9.9919E-005 9.9919E-005 0.00567534 9.9919E-005 9.9919E-005
9.9928E-005 9.9928E-005 0.990113 9.9928E-005 9.9928E-005 9.9928E-005 9.9928E-005 9.9928E-005 0.00829111 0.000796717 9.9928E-005
0.00242455 9.9955E-005 0.0143799 0.0258143 9.9955E-005 9.9955E-005 0.950161 9.9955E-005 0.00502043 9.9955E-005 0.00170013
0.00529323 9.9937E-005 0.967009 9.9937E-005 0.0229317 9.9937E-005 0.00406696 9.9937E-005 9.9937E-005 9.9937E-005 9.9937E-005
9.99191E-005 9.99191E-005 9.99191E-005 9.99191E-005 9.99191E-005 9.99191E-005 0.99008 9.99191E-005 0.00902093 9.99191E-005 9.99191E-005
0.0109064 0.00134484 0.000141512 9.9955E-005 0.0105616 9.9955E-005 0.973964 9.9955E-005 9.9955E-005 9.9955E-005 0.00258163
0.0169938 9.9928E-005 0.00559032 9.9928E-005 9.9928E-005 9.9928E-005 0.976616 9.9928E-005 9.9928E-005 9.9928E-005 9.9928E-005
0.0187532 9.99191E-005 9.99191E-005 9.99191E-005 9.99191E-005 9.99191E-005 0.980348 9.99191E-005 9.99191E-005 9.99191E-005 9.99191E-005
0.0125495 9.9928E-005 9.9928E-005 9.9928E-005 0.0146906 9.9928E-005 0.971961 9.9928E-005 9.9928E-005 9.9928E-005 9.9928E-005
9.9946E-005 9.9946E-005 9.9946E-005 9.9946E-005 9.9946E-005 0.00248683 0.983433 9.9946E-005 0.0029967 0.000252085 0.010232
0.0134939 0.00273394 0.00348774 9.9973E-005 0.00219945 9.9973E-005 0.970523 0.00014805 0.00196167 9.9973E-005 0.0051519
0.0177464 9.9928E-005 9.9928E-005 9.9928E-005 0.0131222 9.9928E-005 0.968332 9.9928E-005 9.9928E-005 9.9928E-005 9.9928E-005
9.9964E-005 9.9964E-005 0.00469371 9.9964E-005 0.0262206 0.00147003 0.941601 9.9964E-005 0.00769076 0.00299193 0.0149322
9.9946E-005 9.9946E-005 0.00577942 9.9946E-005 0.0108184 9.9946E-005 0.964825 9.9946E-005 0.0174981 0.000479415 9.9946E-005
9.9946E-005 9.9946E-005 0.0059603 9.9946E-005 9.9946E-005 0.000893301 0.98122 9.9946E-005 9.9946E-005 0.000564905 0.0107615
9.9937E-005 9.9937E-005 0.000144772 9.9937E-005 9.9937E-005 9.9937E-005 0.976072 0.00369759 9.9937E-005 9.9937E-005 0.0193857
0.0214804 9.9937E-005 0.00510507 9.9937E-005 0.00596892 9.9937E-005 0.966746 9.9937E-005 9.9937E-005 9.9937E-005 9.9937E-005
0.0139552 9.9955E-005 9.9955E-005 9.9955E-005 0.0263328 9.9955E-005 0.954971 0.000219695 0.00380317 0.000218256 9.9955E-005
0.0117598 9.9946E-005 9.9946E-005 9.9946E-005 0.0102406 9.9946E-005 0.96901 9.9946E-005 0.000283025 9.9946E-005 0.0081071
9.9946E-005 9.9946E-005 0.00329759 9.9946E-005 9.9946E-005 0.00669387 0.942818 9.9946E-005 0.0389484 0.00764243 9.9946E-005
9.9937E-005 9.9937E-005 9.9937E-005 0.0135366 0.00154902 0.00783973 9.9937E-005 0.976375 9.9937E-005 9.9937E-005 9.9937E-005
9.9928E-005 9.9928E-005 9.9928E-005 9.9928E-005 9.9928E-005 0.0151555 9.9928E-005 0.982159 0.00188659 9.9928E-005 9.9928E-005
9.9946E-005 0.000448374 0.00365118 9.9946E-005 9.9946E-005 9.9946E-005 9.9946E-005 0.992965 0.0019514 0.000384662 9.9946E-005
9.9937E-005 9.9937E-005 9.9937E-005 9.9937E-005 9.9937E-005 0.00319195 0.970145 9.9937E-005 0.0216677 0.00429543 9.9937E-005
0.112761 0.0140905 0.238439 9.99551E-005 9.99551E-005 9.99551E-005 0.0870774 9.99551E-005 0.297788 9.99551E-005 0.249344
9.99507E-005 9.99507E-005 9.99507E-005 0.00291358 9.99507E-005 9.99507E-005 0.000676478 9.99507E-005 0.000779191 0.994758 0.000273087
0.00326796 9.9946E-005 0.00263103 0.0002198 9.9946E-005 9.9946E-005 9.9946E-005 0.000714615 9.9946E-005 0.992567 9.9946E-005
9.99101E-005 9.99101E-005 9.99101E-005 9.99101E-005 9.99101E-005 9.99101E-005 9.99101E-005 9.99101E-005 9.99101E-005 0.999001 9.99101E-005
9.9946E-005 0.000174177 9.9946E-005 0.00276765 9.9946E-005 0.00504178 9.9946E-005 0.00196542 9.9946E-005 0.989451 9.9946E-005
9.99191E-005 0.00135381 9.99191E-005 9.99191E-005 9.99191E-005 9.99191E-005 9.99191E-005 9.99191E-005 9.99191E-005 0.997747 9.99191E-005
9.99101E-005 9.99101E-005 9.99101E-005 9.99101E-005 9.99101E-005 9.99101E-005 9.99101E-005 9.99101E-005 9.99101E-005 0.999001 9.99101E-005
9.9919E-005 9.9919E-005 9.9919E-005 9.9919E-005 9.9919E-005 0.974076 9.9919E-005 0.0250251 9.9919E-005 9.9919E-005 9.9919E-005
9.99101E-005 9.99101E-005 9.99101E-005 9.99101E-005 9.99101E-005 9.99101E-005 9.99101E-005 9.99101E-005 9.99101E-005 0.999001 9.99101E-005
9.9928E-005 9.9928E-005 9.9928E-005 0.000469454 9.9928E-005 9.9928E-005 9.9928E-005 0.996524 0.00220684 9.9928E-005 9.9928E-005
9.9946E-005 9.9946E-005 0.00650723 0.00114799 9.9946E-005 0.00322042 9.9946E-005 9.9946E-005 0.0119711 0.976554 9.9946E-005
9.99281E-005 0.00264834 9.99281E-005 9.99281E-005 9.99281E-005 0.00670309 9.99281E-005 9.99281E-005 9.99281E-005 0.989849 9.99281E-005
9.99101E-005 9.99101E-005 9.99101E-005 9.99101E-005 9.99101E-005 9.99101E-005 9.99101E-005 9.99101E-005 9.99101E-005 0.999001 9.99101E-005
9.9937E-005 9.9937E-005 9.9937E-005 0.00272842 9.9937E-005 9.9937E-005 0.00059481 9.9937E-005 0.00139439 0.994583 9.9937E-005
0.0113249 9.9973E-005 0.00145066 9.9973E-005 0.0197837 0.00306827 0.946462 0.000964435 0.00219624 9.9973E-005 0.0144495
9.99101E-005 9.99101E-005 9.99101E-005 9.99101E-005 9.99101E-005 9.99101E-005 9.99101E-005 9.99101E-005 9.99101E-005 0.999001 9.99101E-005
9.9937E-005 0.00133699 9.9937E-005 9.9937E-005 9.9937E-005 9.9937E-005 9.9937E-005 0.99435 0.0017157 0.00189727 9.9937E-005
0.00738222 0.00156142 9.9955E-005 0.000135734 9.9955E-005 9.9955E-005 0.977358 0.00556101 0.00750211 9.9955E-005 9.9955E-005
0.00536758 9.9955E-005 0.0089767 9.9955E-005 0.963635 9.9955E-005 0.00968601 9.9955E-005 0.00721569 9.9955E-005 0.0046197
9.99191E-005 9.99191E-005 9.99191E-005 9.99191E-005 9.99191E-005 9.99191E-005 9.99191E-005 9.99191E-005 0.00294567 0.996155 9.99191E-005
9.99101E-005 9.99101E-005 9.99101E-005 0.999001 9.99101E-005 9.99101E-005 9.99101E-005 9.99101E-005 9.99101E-005 9.99101E-005 9.99101E-005
9.9937E-005 0.0220855 9.9937E-005 0.97049 9.9937E-005 9.9937E-005 9.9937E-005 9.9937E-005 0.0013513 0.00537415 9.9937E-005
9.9919E-005 9.9919E-005 9.9919E-005 9.9919E-005 0.995939 9.9919E-005 9.9919E-005 9.9919E-005 0.00316132 9.9919E-005 9.9919E-005
9.9946E-005 0.0210066 9.9946E-005 0.974727 9.9946E-005 9.9946E-005 0.000765384 9.9946E-005 0.00131425 0.00158671 9.9946E-005
0.0187305 9.9928E-005 0.00121865 9.9928E-005 9.9928E-005 9.9928E-005 0.979251 9.9928E-005 9.9928E-005 9.9928E-005 9.9928E-005
9.9928E-005 9.9928E-005 0.00754612 9.9928E-005 9.9928E-005 9.9928E-005 0.990911 9.9928E-005 0.000743118 9.9928E-005 9.9928E-005
0.0361726 0.000212892 9.997E-005 9.997E-005 0.00776785 0.00187843 0.940411 0.00214862 0.00824765 0.00286063 9.997E-005
0.00427704 9.9928E-005 0.00557994 9.9928E-005 9.9928E-005 9.9928E-005 0.989344 9.9928E-005 9.9928E-005 9.9928E-005 9.9928E-005
0.0160425 9.9928E-005 9.9928E-005 9.9928E-005 0.0161942 9.9928E-005 0.966964 9.9928E-005 9.9928E-005 9.9928E-005 9.9928E-005
0.00758575 9.9946E-005 9.9946E-005 0.00126422 9.9946E-005 9.9946E-005 0.948975 9.9946E-005 0.0398723 0.00170265 9.9946E-005
9.9928E-005 9.9928E-005 0.00579933 9.9928E-005 9.9928E-005 9.9928E-005 0.992945 9.9928E-005 9.9928E-005 9.9928E-005 0.000456017
9.9928E-005 0.000192382 9.9928E-005 9.9928E-005 0.985208 9.9928E-005 9.9928E-005 9.9928E-005 0.0138002 9.9928E-005 9.9928E-005
9.9919E-005 9.9919E-005 9.9919E-005 9.9919E-005 0.970865 9.9919E-005 9.9919E-005 9.9919E-005 0.0282359 9.9919E-005 9.9919E-005
9.99191E-005 9.99191E-005 9.99191E-005 9.99191E-005 9.99191E-005 9.99191E-005 0.996534 9.99191E-005 0.00256673 9.99191E-005 9.99191E-005
9.99451E-005 9.99451E-005 9.99451E-005 0.00420379 9.99451E-005 0.0147541 9.99451E-005 0.970187 0.0101555 9.99451E-005 9.99451E-005
9.9919E-005 9.9919E-005 9.9919E-005 9.9919E-005 9.9919E-005 0.990282 9.9919E-005 0.00881921 9.9919E-005 9.9919E-005 9.9919E-005
9.99101E-005 9.99101E-005 9.99101E-005 9.99101E-005 9.99101E-005 0.999001 9.99101E-005 9.99101E-005 9.99101E-005 9.99101E-005 9.99101E-005
0.0279113 9.9982E-005 0.0256914 0.0109518 0.0354032 0.721155 0.0637912 9.9982E-005 0.0427239 0.0554056 0.0167668
9.9919E-005 9.9919E-005 9.9919E-005 9.9919E-005 9.9919E-005 0.968547 9.9919E-005 0.0305538 9.9919E-005 9.9919E-005 9.9919E-005
9.9946E-005 9.9946E-005 9.9946E-005 0.00792879 0.00410691 9.9946E-005 0.00282328 0.978242 9.9946E-005 0.00629947 9.9946E-005
9.99191E-005 9.99191E-005 9.99191E-005 0.00336728 9.99191E-005 9.99191E-005 9.99191E-005 0.995733 9.99191E-005 9.99191E-005 9.99191E-005
9.99101E-005 9.99101E-005 9.99101E-005 9.99101E-005 9.99101E-005 9.99101E-005 9.99101E-005 0.999001 9.99101E-005 9.99101E-005 9.99101E-005
9.9919E-005 9.9919E-005 9.9919E-005 9.9919E-005 9.9919E-005 0.968922 9.9919E-005 0.0301789 9.9919E-005 9.9919E-005 9.9919E-005
9.9919E-005 9.9919E-005 9.9919E-005 9.9919E-005 0.985481 9.9919E-005 9.9919E-005 9.9919E-005 0.0136201 9.9919E-005 9.9919E-005
9.99191E-005 0.00449433 9.99191E-005 0.994606 9.99191E-005 9.99191E-005 9.99191E-005 9.99191E-005 9.99191E-005 9.99191E-005 9.99191E-005
9.99101E-005 9.99101E-005 9.99101E-005 9.99101E-005 9.99101E-005 9.99101E-005 9.99101E-005 9.99101E-005 0.999001 9.99101E-005 9.99101E-005
9.9928E-005 9.9928E-005 9.9928E-005 9.9928E-005 0.979802 9.9928E-005 0.00346152 9.9928E-005 0.0159375 9.9928E-005 9.9928E-005
9.9946E-005 9.9946E-005 0.00626341 9.9946E-005 0.965392 9.9946E-005 0.00413155 9.9946E-005 0.0205746 9.9946E-005 0.00303863
9.99281E-005 9.99281E-005 9.99281E-005 0.984942 9.99281E-005 0.00600994 9.99281E-005 9.99281E-005 0.00824902 9.99281E-005 9.99281E-005
9.99101E-005 9.99101E-005 9.99101E-005 9.99101E-005 9.99101E-005 9.99101E-005 9.99101E-005 9.99101E-005 9.99101E-005 0.999001 9.99101E-005
0.153011 0.00428131 0.0344317 9.9955E-005 0.134072 9.9955E-005 0.637571 9.9955E-005 9.9955E-005 9.9955E-005 0.036133
9.99101E-005 9.99101E-005 9.99101E-005 9.99101E-005 0.999001 9.99101E-005 9.99101E-005 9.99101E-005 9.99101E-005 9.99101E-005 9.99101E-005
9.99101E-005 9.99101E-005 9.99101E-005 9.99101E-005 0.999001 9.99101E-005 9.99101E-005 9.99101E-005 9.99101E-005 9.99101E-005 9.99101E-005
9.99101E-005 9.99101E-005 9.99101E-005 9.99101E-005 0.999001 9.99101E-005 9.99101E-005 9.99101E-005 9.99101E-005 9.99101E-005 9.99101E-005
9.99191E-005 9.99191E-005 9.99191E-005 9.99191E-005 0.974266 9.99191E-005 9.99191E-005 9.99191E-005 0.0248351 9.99191E-005 9.99191E-005
9.99101E-005 9.99101E-005 9.99101E-005 9.99101E-005 0.999001 9.99101E-005 9.99101E-005 9.99101E-005 9.99101E-005 9.99101E-005 9.99101E-005
9.99191E-005 9.99191E-005 9.99191E-005 9.99191E-005 0.995847 9.99191E-005 9.99191E-005 9.99191E-005 0.0032539 9.99191E-005 9.99191E-005
