0.00633499 0.00020138 9.9973E-005 0.04013 0.89325 0.0270429 9.9973E-005 0.0327407 9.9973E-005
9.9964E-005 9.9964E-005 9.9964E-005 0.0366328 0.912175 0.0249176 9.9964E-005 0.0232788 0.00259571
0.0596283 0.00154776 9.9991E-005 0.884908 0.0068138 0.0255302 0.00393067 0.0162333 0.00130799
0.0713252 9.9964E-005 9.9964E-005 0.884239 0.00564641 0.0247678 9.9964E-005 0.0136217 9.9964E-005
0.034973 9.9991E-005 0.00230503 0.922373 0.0050264 0.0274362 0.00124619 0.00508554 0.00145464
9.9937E-005 9.9937E-005 9.9937E-005 0.997235 9.9937E-005 0.00206495 9.9937E-005 9.9937E-005 9.9937E-005
0.00394926 9.9955E-005 9.9955E-005 0.992897 0.00188609 0.000767468 9.9955E-005 9.9955E-005 9.9955E-005
9.993E-005 9.993E-005 9.993E-005 0.999201 9.993E-005 9.993E-005 9.993E-005 9.993E-005 9.993E-005
9.9946E-005 9.9946E-005 0.00674075 9.9946E-005 9.9946E-005 9.9946E-005 0.986888 9.9946E-005 0.00577137
9.9946E-005 9.9946E-005 9.9946E-005 9.9946E-005 0.00138465 0.992035 0.00598029 9.9946E-005 9.9946E-005
9.9955E-005 0.00243457 9.9955E-005 9.9955E-005 0.0010211 0.994791 9.9955E-005 9.9955E-005 0.00125355
9.993E-005 9.993E-005 0.999201 9.993E-005 9.993E-005 9.993E-005 9.993E-005 9.993E-005 9.993E-005
9.9946E-005 0.00315388 9.9946E-005 9.9946E-005 9.9946E-005 0.994512 9.9946E-005 9.9946E-005 0.00173459
9.9946E-005 0.00223394 9.9946E-005 9.9946E-005 9.9946E-005 0.996291 9.9946E-005 9.9946E-005 0.000875524
9.9946E-005 0.00155062 9.9946E-005 9.9946E-005 9.9946E-005 0.996477 9.9946E-005 9.9946E-005 0.00137267
9.9955E-005 0.00177 0.00152207 9.9955E-005 9.9955E-005 0.994681 9.9955E-005 9.9955E-005 0.00152757
9.993E-005 9.993E-005 0.999201 9.993E-005 9.993E-005 9.993E-005 9.993E-005 9.993E-005 9.993E-005
0.971946 9.9964E-005 9.9964E-005 0.0167725 0.000194564 0.00644904 9.9964E-005 0.00423834 9.9964E-005
9.9937E-005 0.000733184 9.9937E-005 9.9937E-005 0.998567 9.9937E-005 9.9937E-005 9.9937E-005 9.9937E-005
9.99478E-005 9.99478E-005 9.99478E-005 0.00282921 0.994407 9.99478E-005 9.99478E-005 9.99478E-005 0.00216375
9.993E-005 9.993E-005 9.993E-005 9.993E-005 0.999201 9.993E-005 9.993E-005 9.993E-005 9.993E-005
9.993E-005 9.993E-005 9.993E-005 9.993E-005 0.999201 9.993E-005 9.993E-005 9.993E-005 9.993E-005
0.00187362 9.9937E-005 9.9937E-005 9.9937E-005 0.997427 9.9937E-005 9.9937E-005 9.9937E-005 9.9937E-005
9.993E-005 9.993E-005 9.993E-005 9.993E-005 0.999201 9.993E-005 9.993E-005 9.993E-005 9.993E-005
9.993E-005 9.993E-005 9.993E-005 9.993E-005 0.999201 9.993E-005 9.993E-005 9.993E-005 9.993E-005
9.993E-005 9.993E-005 9.993E-005 9.993E-005 0.999201 9.993E-005 9.993E-005 9.993E-005 9.993E-005
9.993E-005 9.993E-005 9.993E-005 9.993E-005 0.999201 9.993E-005 9.993E-005 9.993E-005 9.993E-005
9.9955E-005 0.00105688 0.00142832 9.9955E-005 0.99563 9.9955E-005 9.9955E-005 9.9955E-005 0.00138508
9.9955E-005 0.0012319 9.9955E-005 9.9955E-005 0.0192875 0.00829925 9.9955E-005 0.970682 9.9955E-005
9.99421E-005 9.99421E-005 9.99421E-005 0.0241627 9.99421E-005 9.99421E-005 9.99421E-005 0.975138 9.99421E-005
9.993E-005 9.993E-005 9.993E-005 9.993E-005 9.993E-005 9.993E-005 9.993E-005 0.999201 9.993E-005
9.993E-005 9.993E-005 9.993E-005 9.993E-005 9.993E-005 9.993E-005 9.993E-005 0.999201 9.993E-005
9.993E-005 9.993E-005 9.993E-005 9.993E-005 9.993E-005 9.993E-005 9.993E-005 0.999201 9.993E-005
0.999201 9.993E-005 9.993E-005 9.993E-005 9.993E-005 9.993E-005 9.993E-005 9.993E-005 9.993E-005
0.999201 9.993E-005 9.993E-005 9.993E-005 9.993E-005 9.993E-005 9.993E-005 9.993E-005 9.993E-005
0.999201 9.993E-005 9.993E-005 9.993E-005 9.993E-005 9.993E-005 9.993E-005 9.993E-005 9.993E-005
0.997809 0.00149169 9.9937E-005 9.9937E-005 9.9937E-005 9.9937E-005 9.9937E-005 9.9937E-005 9.9937E-005
9.9937E-005 0.989269 0.010031 9.9937E-005 9.9937E-005 9.9937E-005 9.9937E-005 9.9937E-005 9.9937E-005
9.9946E-005 0.0011588 9.9946E-005 9.9946E-005 9.9946E-005 9.9946E-005 0.000694198 0.997547 9.9946E-005
0.00487472 9.9955E-005 0.000787714 9.9955E-005 9.9955E-005 9.9955E-005 0.00339554 0.990442 9.9955E-005
9.993E-005 9.993E-005 9.993E-005 9.993E-005 9.993E-005 9.993E-005 9.993E-005 0.999201 9.993E-005
9.993E-005 9.993E-005 9.993E-005 9.993E-005 9.993E-005 9.993E-005 9.993E-005 0.999201 9.993E-005
9.99514E-005 9.99514E-005 0.000693235 9.99514E-005 0.00223754 9.99514E-005 0.99647 9.99514E-005 9.99514E-005
9.9964E-005 0.00655238 0.000721865 9.9964E-005 9.9964E-005 0.0059621 0.98204 0.0043237 9.9964E-005
9.9937E-005 9.9937E-005 9.9937E-005 9.9937E-005 0.00163345 9.9937E-005 0.997667 9.9937E-005 9.9937E-005
0.00515489 9.9946E-005 9.9946E-005 9.9946E-005 9.9946E-005 9.9946E-005 0.99034 0.00390498 9.9946E-005
0.00242296 9.9955E-005 9.9955E-005 0.00445873 9.9955E-005 0.0001296 0.992489 9.9955E-005 9.9955E-005
0.000603487 9.9946E-005 9.9946E-005 9.9946E-005 9.9946E-005 0.00185429 0.996943 9.9946E-005 9.9946E-005
9.9937E-005 9.9937E-005 9.9937E-005 0.00084143 9.9937E-005 9.9937E-005 0.998459 9.9937E-005 9.9937E-005
9.9946E-005 0.0082428 9.9946E-005 9.9946E-005 9.9946E-005 0.000511474 0.990646 9.9946E-005 9.9946E-005
9.9955E-005 0.000471267 9.9955E-005 0.00588035 9.9955E-005 0.989367 0.00378199 9.9955E-005 9.9955E-005
0.0044523 9.9973E-005 9.9973E-005 0.0122315 0.0115666 0.965176 9.9973E-005 0.00560631 0.000666891
0.0159752 9.9955E-005 9.9955E-005 0.016707 9.9955E-005 0.96559 9.9955E-005 0.00122828 9.9955E-005
0.00661451 9.9937E-005 9.9937E-005 9.9937E-005 9.9937E-005 0.992686 9.9937E-005 9.9937E-005 9.9937E-005
9.9955E-005 0.00305531 9.9955E-005 9.9955E-005 9.9955E-005 0.99098 0.00223579 9.9955E-005 0.00322946
0.00292553 9.9937E-005 9.9937E-005 9.9937E-005 9.9937E-005 0.996375 9.9937E-005 9.9937E-005 9.9937E-005
9.993E-005 9.993E-005 9.993E-005 9.993E-005 9.993E-005 9.993E-005 9.993E-005 9.993E-005 0.999201
9.993E-005 9.993E-005 9.993E-005 9.993E-005 9.993E-005 9.993E-005 0.999201 9.993E-005 9.993E-005
0.00228647 0.00203744 9.9955E-005 9.9955E-005 9.9955E-005 9.9955E-005 0.000337502 9.9955E-005 0.994839
9.993E-005 9.993E-005 9.993E-005 9.993E-005 9.993E-005 9.993E-005 0.999201 9.993E-005 9.993E-005
9.9937E-005 9.9937E-005 9.9937E-005 9.9937E-005 9.9937E-005 9.9937E-005 0.999038 0.000262081 9.9937E-005
0.0250144 9.99832E-005 9.99832E-005 0.928744 0.00932836 0.0155444 0.000540673 0.0202066 0.000421275
9.993E-005 9.993E-005 9.993E-005 0.999201 9.993E-005 9.993E-005 9.993E-005 9.993E-005 9.993E-005
0.00483708 9.9937E-005 9.9937E-005 0.994463 9.9937E-005 9.9937E-005 9.9937E-005 9.9937E-005 9.9937E-005
0.0143879 0.00328693 9.99855E-005 0.933514 9.99855E-005 0.0430737 0.00140631 0.00312408 0.00100716
0.0240066 0.000711171 9.9991E-005 0.927743 0.00767294 0.0290285 0.00191188 0.00760533 0.0012205
0.000952087 0.00101107 9.9964E-005 0.992595 0.00194234 0.0030992 9.9964E-005 9.9964E-005 9.9964E-005
9.99475E-005 9.99475E-005 9.99475E-005 9.99475E-005 0.00212904 9.99475E-005 0.996634 0.000637123 9.99475E-005
9.9955E-005 9.9955E-005 0.0185988 9.9955E-005 0.0045918 9.9955E-005 0.96916 9.9955E-005 0.00714958
9.993E-005 9.993E-005 9.993E-005 9.993E-005 9.993E-005 9.993E-005 0.999201 9.993E-005 9.993E-005
9.9937E-005 9.9937E-005 0.00116389 9.9937E-005 9.9937E-005 9.9937E-005 0.998137 9.9937E-005 9.9937E-005
9.9946E-005 9.9946E-005 9.9946E-005 9.9946E-005 0.000778292 9.9946E-005 0.99675 9.9946E-005 0.0018724
9.993E-005 9.993E-005 9.993E-005 9.993E-005 9.993E-005 9.993E-005 0.999201 9.993E-005 9.993E-005
9.9937E-005 0.00757726 9.9937E-005 9.9937E-005 9.9937E-005 9.9937E-005 0.991723 9.9937E-005 9.9937E-005
0.00128208 0.0151432 9.9964E-005 9.9964E-005 9.9964E-005 0.00322694 0.976361 9.9964E-005 0.00358654
9.9973E-005 0.00896909 0.000943413 9.9973E-005 0.00119164 9.9973E-005 0.981262 0.00347282 0.00386141
9.9937E-005 9.9937E-005 9.9937E-005 9.9937E-005 0.00520317 9.9937E-005 0.994097 9.9937E-005 9.9937E-005
9.9937E-005 0.0228244 9.9937E-005 9.9937E-005 9.9937E-005 9.9937E-005 0.976476 9.9937E-005 9.9937E-005
9.9946E-005 0.0152117 9.9946E-005 0.00178628 9.9946E-005 9.9946E-005 0.982402 9.9946E-005 9.9946E-005
0.000574383 9.9964E-005 0.0262705 9.9964E-005 9.9964E-005 9.9964E-005 0.959758 0.00452723 0.0084704
9.9973E-005 0.000415814 0.0104285 9.9973E-005 0.000509724 9.9973E-005 0.987916 0.000237701 0.000192169
0.049861 9.9973E-005 9.9973E-005 0.889721 0.0182455 0.0329981 9.9973E-005 0.00728884 0.00158516
0.92776 9.9964E-005 9.9964E-005 0.0422766 0.00131534 0.02104 9.9964E-005 0.00720798 9.9964E-005
0.996661 9.9937E-005 9.9937E-005 9.9937E-005 9.9937E-005 0.00263986 9.9937E-005 9.9937E-005 9.9937E-005
9.9946E-005 0.993636 9.9946E-005 9.9946E-005 9.9946E-005 0.000869686 0.00489487 9.9946E-005 9.9946E-005
9.9937E-005 0.987257 0.0120437 9.9937E-005 9.9937E-005 9.9937E-005 9.9937E-005 9.9937E-005 9.9937E-005
0.981326 9.9964E-005 0.000568686 9.9964E-005 0.000546035 0.0168483 0.000311153 9.9964E-005 9.9964E-005
0.444738 9.9991E-005 0.00364093 0.317069 0.0491562 0.137116 0.00437077 0.0368305 0.0069784
0.340429 0.0230502 0.00663015 0.218881 0.0593201 0.151352 0.0745996 0.053302 0.0724365
0.0541483 9.9991E-005 0.00605963 0.0807402 0.093144 0.0198535 0.00496975 0.740148 0.000836877
0.0676967 9.9973E-005 0.0026639 0.063399 0.0977328 0.0332493 9.9973E-005 0.734958 9.9973E-005
9.993E-005 0.999201 9.993E-005 9.993E-005 9.993E-005 9.993E-005 9.993E-005 9.993E-005 9.993E-005
9.993E-005 0.999201 9.993E-005 9.993E-005 9.993E-005 9.993E-005 9.993E-005 9.993E-005 9.993E-005
0.0618731 9.9991E-005 0.00308414 0.0724866 0.0999564 0.0230555 0.000812398 0.737375 0.00125653
0.460329 9.9982E-005 0.00202592 0.321445 0.0420882 0.133119 9.9982E-005 0.0406572 0.000136089
9.993E-005 0.999201 9.993E-005 9.993E-005 9.993E-005 9.993E-005 9.993E-005 9.993E-005 9.993E-005
0.0596447 9.9982E-005 0.00105605 0.0687391 0.104302 0.0175717 0.00265666 0.74583 9.9982E-005
0.924135 9.9991E-005 0.00155428 0.0120649 0.00992917 0.034672 0.00484403 0.00752634 0.00517408
0.983522 9.9955E-005 9.9955E-005 0.00151922 9.9955E-005 0.0126957 9.9955E-005 0.00176333 9.9955E-005
0.447373 0.00685303 0.00337465 0.220284 0.058838 0.151602 0.0411398 0.0316376 0.038898
0.153998 9.9991E-005 0.0103757 0.144121 0.291867 0.118034 0.00665391 0.265305 0.00954517
0.958757 0.00070293 9.9964E-005 0.023905 9.9964E-005 0.0114685 9.9964E-005 0.0047671 9.9964E-005
0.942721 9.9964E-005 9.9964E-005 0.00810918 0.0107948 0.034113 9.9964E-005 0.00386197 9.9964E-005
0.96821 9.9973E-005 9.9973E-005 9.9973E-005 0.00242315 0.0196002 0.00214531 0.00588985 0.00143117
0.00139921 0.9406 0.0513779 9.9973E-005 0.000211911 9.9973E-005 9.9973E-005 0.00223507 0.00387641
0.97803 0.000606065 9.9964E-005 0.0121793 0.00274195 9.9964E-005 9.9964E-005 0.00604282 9.9964E-005
9.9946E-005 0.991461 9.9946E-005 9.9946E-005 0.000390874 9.9946E-005 0.00754873 9.9946E-005 9.9946E-005
0.999201 9.993E-005 9.993E-005 9.993E-005 9.993E-005 9.993E-005 9.993E-005 9.993E-005 9.993E-005
9.993E-005 0.999201 9.993E-005 9.993E-005 9.993E-005 9.993E-005 9.993E-005 9.993E-005 9.993E-005
9.993E-005 9.993E-005 9.993E-005 9.993E-005 9.993E-005 9.993E-005 9.993E-005 0.999201 9.993E-005
0.999201 9.993E-005 9.993E-005 9.993E-005 9.993E-005 9.993E-005 9.993E-005 9.993E-005 9.993E-005
0.00711289 9.9964E-005 9.9964E-005 0.0195671 0.0263471 0.00933277 9.9964E-005 0.93724 9.9964E-005
0.999201 9.993E-005 9.993E-005 9.993E-005 9.993E-005 9.993E-005 9.993E-005 9.993E-005 9.993E-005
0.999006 9.9946E-005 9.9946E-005 9.9946E-005 0.000155924 9.9946E-005 9.9946E-005 9.9946E-005 0.000238034
0.999201 9.993E-005 9.993E-005 9.993E-005 9.993E-005 9.993E-005 9.993E-005 9.993E-005 9.993E-005
0.999201 9.993E-005 9.993E-005 9.993E-005 9.993E-005 9.993E-005 9.993E-005 9.993E-005 9.993E-005
9.9946E-005 0.994217 0.00476749 9.9946E-005 9.9946E-005 9.9946E-005 9.9946E-005 9.9946E-005 0.000415422
9.9955E-005 9.9955E-005 9.9955E-005 0.972187 0.0141896 0.0107529 9.9955E-005 0.00237053 9.9955E-005
9.9946E-005 9.9946E-005 9.9946E-005 0.971724 0.0110944 0.016582 9.9946E-005 9.9946E-005 9.9946E-005
0.0443398 0.000281027 9.9982E-005 0.921035 0.00653047 0.01976 9.9982E-005 0.00752498 0.000329193
9.9955E-005 0.00303512 9.9955E-005 9.9955E-005 0.00287141 0.992906 9.9955E-005 9.9955E-005 0.000687693
0.00381908 0.962454 0.00143073 0.00579323 0.00061323 0.00354307 0.0122591 0.001525 0.00856295
0.0242789 9.9946E-005 9.9946E-005 0.00856541 9.9946E-005 0.966556 9.9946E-005 9.9946E-005 9.9946E-005
9.9937E-005 9.9937E-005 9.9937E-005 9.9937E-005 9.9937E-005 0.994898 9.9937E-005 0.00440206 9.9937E-005
0.0135388 0.000894419 9.9964E-005 0.0193859 0.00822582 0.957555 9.9964E-005 9.9964E-005 9.9964E-005
9.993E-005 9.993E-005 9.993E-005 9.993E-005 9.993E-005 0.999201 9.993E-005 9.993E-005 9.993E-005
9.9946E-005 9.9946E-005 9.9946E-005 0.00168355 9.9946E-005 0.989063 9.9946E-005 0.00865388 9.9946E-005
9.993E-005 9.993E-005 9.993E-005 9.993E-005 9.993E-005 9.993E-005 9.993E-005 0.999201 9.993E-005
9.993E-005 9.993E-005 9.993E-005 9.993E-005 9.993E-005 9.993E-005 9.993E-005 0.999201 9.993E-005
9.993E-005 9.993E-005 9.993E-005 9.993E-005 9.993E-005 9.993E-005 9.993E-005 0.999201 9.993E-005
9.9946E-005 9.9946E-005 9.9946E-005 9.9946E-005 9.9946E-005 9.9946E-005 0.000580778 0.996674 0.00214561
9.9946E-005 0.0296283 9.9946E-005 9.9946E-005 9.9946E-005 0.955364 9.9946E-005 0.0144083 9.9946E-005
9.9946E-005 9.9946E-005 9.9946E-005 0.0175424 9.9946E-005 0.00687003 9.9946E-005 0.974988 9.9946E-005
9.993E-005 9.993E-005 9.993E-005 9.993E-005 9.993E-005 0.999201 9.993E-005 9.993E-005 9.993E-005
0.0205881 9.9955E-005 9.9955E-005 0.0127205 9.9955E-005 0.963653 9.9955E-005 0.00253863 9.9955E-005
0.0231122 9.9955E-005 9.9955E-005 0.00533992 9.9955E-005 0.970626 0.000421631 9.9955E-005 9.9955E-005
0.00265456 9.9946E-005 9.9946E-005 0.00739608 9.9946E-005 0.98935 9.9946E-005 9.9946E-005 9.9946E-005
0.00773342 0.00148301 9.9955E-005 0.0234629 9.9955E-005 0.966821 9.9955E-005 9.9955E-005 9.9955E-005
9.9946E-005 9.9946E-005 9.9946E-005 9.9946E-005 0.0064171 0.989942 9.9946E-005 9.9946E-005 0.00304151
0.0246419 9.9982E-005 0.00185284 0.0155482 0.00153994 0.950178 0.000305175 0.00573369 9.9982E-005
0.0301293 9.9955E-005 9.9955E-005 0.0166273 9.9955E-005 0.950417 9.9955E-005 0.00232648 9.9955E-005
9.9973E-005 9.9973E-005 9.9973E-005 0.0219184 0.0183915 0.953127 0.000743499 0.00347887 0.00204069
0.00672961 9.99765E-005 9.99765E-005 0.0197927 0.00233297 0.967507 0.0014327 0.00190472 9.99765E-005
9.9964E-005 9.9964E-005 9.9964E-005 9.9964E-005 0.0145913 0.981528 0.00149017 0.000672146 0.001319
0.00385711 9.9964E-005 9.9964E-005 9.9964E-005 0.0131691 0.973807 9.9964E-005 0.00851132 0.0002561
0.0211906 9.9955E-005 9.9955E-005 0.00253042 9.9955E-005 0.973881 9.9955E-005 0.00189836 9.9955E-005
0.00252887 9.9982E-005 9.9982E-005 0.031886 0.000130749 0.960017 0.000788395 0.000340395 0.00410825
0.0153282 9.9964E-005 9.9964E-005 0.00148151 0.00579513 0.969693 9.9964E-005 0.00730244 9.9964E-005
9.9973E-005 9.9973E-005 0.000321978 0.0255638 9.9973E-005 0.941938 0.0109599 0.0100403 0.0108764
9.9937E-005 0.00670914 9.9937E-005 9.9937E-005 9.9937E-005 9.9937E-005 0.992591 9.9937E-005 9.9937E-005
9.9937E-005 9.9937E-005 9.9937E-005 9.9937E-005 9.9937E-005 0.00369142 0.995609 9.9937E-005 9.9937E-005
9.9937E-005 9.9937E-005 9.9937E-005 9.9937E-005 9.9937E-005 0.00357553 0.995725 9.9937E-005 9.9937E-005
0.0136701 0.00210975 9.9982E-005 0.00729877 0.00271471 0.962682 0.00279293 9.9982E-005 0.00853186
0.143285 9.9991E-005 0.0265201 0.112588 0.290966 0.129202 0.0221312 0.253554 0.0216544
9.9946E-005 9.9946E-005 9.9946E-005 9.9946E-005 9.9946E-005 9.9946E-005 0.000398933 0.000601729 0.9984
9.9964E-005 0.00309545 9.9964E-005 9.9964E-005 0.00041804 0.0015978 9.9964E-005 0.00254993 0.991939
9.9937E-005 9.9937E-005 0.000112402 9.9937E-005 9.9937E-005 9.9937E-005 9.9937E-005 9.9937E-005 0.999188
9.9964E-005 0.000754774 0.00599053 9.9964E-005 0.000858603 9.9964E-005 0.000926913 9.9964E-005 0.991069
9.9946E-005 9.9946E-005 0.000322923 9.9946E-005 9.9946E-005 9.9946E-005 0.00276321 9.9946E-005 0.996314
9.993E-005 9.993E-005 9.993E-005 9.993E-005 9.993E-005 9.993E-005 9.993E-005 9.993E-005 0.999201
9.9964E-005 0.0173784 0.0628012 0.002106 9.9964E-005 9.9964E-005 0.909851 9.9964E-005 0.00746355
9.993E-005 9.993E-005 9.993E-005 9.993E-005 9.993E-005 9.993E-005 9.993E-005 9.993E-005 0.999201
9.993E-005 9.993E-005 9.993E-005 9.993E-005 9.993E-005 9.993E-005 0.999201 9.993E-005 9.993E-005
9.9964E-005 9.9964E-005 9.9964E-005 0.000404838 0.00877535 0.00665472 0.00167579 9.9964E-005 0.982089
9.9946E-005 9.9946E-005 0.00763578 9.9946E-005 9.9946E-005 9.9946E-005 0.00201021 9.9946E-005 0.989754
9.993E-005 9.993E-005 9.993E-005 9.993E-005 9.993E-005 9.993E-005 9.993E-005 9.993E-005 0.999201
9.9937E-005 9.9937E-005 9.9937E-005 0.00499112 9.9937E-005 9.9937E-005 9.9937E-005 9.9937E-005 0.994309
0.016796 0.000773233 9.9973E-005 0.0161862 0.0144365 0.948132 9.9973E-005 0.0033763 9.9973E-005
9.993E-005 9.993E-005 9.993E-005 9.993E-005 9.993E-005 9.993E-005 9.993E-005 9.993E-005 0.999201
9.9946E-005 9.9946E-005 0.00281095 9.9946E-005 9.9946E-005 9.9946E-005 0.994962 9.9946E-005 0.00162756
0.0135304 0.000449613 0.000431305 9.9973E-005 9.9973E-005 0.978655 0.0028848 0.00374858 9.9973E-005
9.9964E-005 9.9964E-005 0.00120358 0.986808 0.00109206 0.00921707 9.9964E-005 0.00127912 9.9964E-005
9.9937E-005 9.9937E-005 9.9937E-005 9.9937E-005 9.9937E-005 0.0039197 9.9937E-005 9.9937E-005 0.995381
9.9937E-005 0.994692 9.9937E-005 0.00460842 9.9937E-005 9.9937E-005 9.9937E-005 9.9937E-005 9.9937E-005
9.9955E-005 0.969771 0.0249625 9.9955E-005 9.9955E-005 0.00236702 9.9955E-005 9.9955E-005 0.00240012
9.993E-005 9.993E-005 9.993E-005 0.999201 9.993E-005 9.993E-005 9.993E-005 9.993E-005 9.993E-005
9.9955E-005 0.963814 0.0328681 9.9955E-005 9.9955E-005 0.000848162 9.9955E-005 9.9955E-005 0.00197045
0.00807702 9.9952E-005 9.9952E-005 9.9952E-005 9.9952E-005 0.989779 9.9952E-005 0.0015438 9.9952E-005
0.0145842 9.9946E-005 9.9946E-005 9.9946E-005 9.9946E-005 0.98173 9.9946E-005 0.00308663 9.9946E-005
0.0203168 0.00310332 9.9982E-005 0.0338622 9.9982E-005 0.932114 0.00444654 0.00538681 0.000569967
0.0116959 9.9955E-005 9.9955E-005 9.9955E-005 0.00517451 0.982216 9.9955E-005 0.000414038 9.9955E-005
0.0261434 9.9955E-005 9.9955E-005 0.0156466 9.9955E-005 0.950295 9.9955E-005 0.00741512 9.9955E-005
0.00984835 0.00356123 9.9991E-005 0.0174337 0.00417262 0.957884 0.00226147 0.00146082 0.00327798
9.9937E-005 9.9937E-005 9.9937E-005 9.9937E-005 9.9937E-005 0.992658 9.9937E-005 0.00664256 9.9937E-005
0.00832406 9.9955E-005 0.000273106 0.988458 9.9955E-005 0.00244463 9.9955E-005 9.9955E-005 9.9955E-005
9.99376E-005 9.99376E-005 0.000786252 0.998514 9.99376E-005 9.99376E-005 9.99376E-005 9.99376E-005 9.99376E-005
9.993E-005 9.993E-005 9.993E-005 9.993E-005 9.993E-005 0.999201 9.993E-005 9.993E-005 9.993E-005
9.9946E-005 0.00489062 9.9946E-005 9.9946E-005 9.9946E-005 0.00541489 0.989095 9.9946E-005 9.9946E-005
9.9973E-005 0.00680472 0.062232 0.0128164 9.9973E-005 0.00206782 0.903156 9.9973E-005 0.0126232
9.9973E-005 0.0323373 0.0461 0.00809093 9.9973E-005 0.0118287 0.889507 9.9973E-005 0.0118363
0.019772 0.0688905 0.0369867 0.0769631 0.0190061 0.0848666 0.594731 0.0308195 0.0679641
9.9964E-005 0.0165881 0.0591528 9.9964E-005 0.00474631 9.9964E-005 0.910555 9.9964E-005 0.00855791
9.9964E-005 0.00414219 9.9964E-005 0.00902674 9.9964E-005 0.00494896 0.978368 9.9964E-005 0.00311422
9.9937E-005 9.9937E-005 9.9937E-005 9.9937E-005 9.9937E-005 0.00145596 0.997844 9.9937E-005 9.9937E-005
9.993E-005 9.993E-005 9.993E-005 9.993E-005 9.993E-005 9.993E-005 0.999201 9.993E-005 9.993E-005
9.9955E-005 9.9955E-005 0.0801825 9.9955E-005 0.00413273 9.9955E-005 0.903363 9.9955E-005 0.0118219
9.9937E-005 9.9937E-005 9.9937E-005 0.998993 9.9937E-005 0.000307329 9.9937E-005 9.9937E-005 9.9937E-005
9.9955E-005 0.995731 0.001011 0.00248032 9.9955E-005 9.9955E-005 0.00027804 9.9955E-005 9.9955E-005
0.0358097 0.0143981 0.0169585 0.591942 0.0450814 0.0829382 0.0819158 0.0497463 0.0812104
9.9955E-005 0.000933254 9.9955E-005 0.99539 9.9955E-005 0.00264102 9.9955E-005 0.00053619 9.9955E-005
9.9946E-005 9.9946E-005 9.9946E-005 0.993727 9.9946E-005 0.0035024 9.9946E-005 0.0021711 9.9946E-005
9.9946E-005 0.984494 9.9946E-005 0.00833835 9.9946E-005 9.9946E-005 0.00656765 9.9946E-005 9.9946E-005
9.9937E-005 0.00227856 9.9937E-005 9.9937E-005 9.9937E-005 9.9937E-005 9.9937E-005 9.9937E-005 0.997022
0.157235 9.9982E-005 0.00155329 0.13295 0.0354556 0.636887 0.000191193 0.0355282 9.9982E-005
9.993E-005 9.993E-005 9.993E-005 0.999201 9.993E-005 9.993E-005 9.993E-005 9.993E-005 9.993E-005
9.993E-005 9.993E-005 9.993E-005 0.999201 9.993E-005 9.993E-005 9.993E-005 9.993E-005 9.993E-005
9.993E-005 9.993E-005 9.993E-005 0.999201 9.993E-005 9.993E-005 9.993E-005 9.993E-005 9.993E-005
9.9937E-005 9.9937E-005 9.9937E-005 0.997576 9.9937E-005 9.9937E-005 9.9937E-005 9.9937E-005 0.00172404
9.993E-005 9.993E-005 9.993E-005 0.999201 9.993E-005 9.993E-005 9.993E-005 9.993E-005 9.993E-005
9.993E-005 9.993E-005 9.993E-005 0.999201 9.993E-005 9.993E-005 9.993E-005 9.993E-005 9.993E-005
