0.0175149 0.0386574 9.9955E-005 9.9955E-005 9.9955E-005 9.9955E-005 0.0185692 0.899774 9.9955E-005 0.0249844
0.0293123 0.039494 9.9973E-005 9.9973E-005 9.9973E-005 0.00193336 0.0104179 0.896967 0.00120128 0.020374
0.0190964 0.899987 0.00125491 9.9982E-005 9.9982E-005 0.0032973 0.0514589 0.0099574 0.00359477 0.0111535
0.0175041 0.904091 9.9955E-005 9.9955E-005 9.9955E-005 9.9955E-005 0.0604583 0.00563841 9.9955E-005 0.0118084
0.0247464 0.931275 9.9955E-005 0.00417089 9.9955E-005 9.9955E-005 0.0341699 9.9955E-005 9.9955E-005 0.00513807
0.00197811 0.996172 9.9937E-005 9.9937E-005 9.9937E-005 9.9937E-005 9.9937E-005 0.00114989 9.9937E-005 9.9937E-005
9.99201E-005 0.999101 9.99201E-005 9.99201E-005 9.99201E-005 9.99201E-005 9.99201E-005 9.99201E-005 9.99201E-005 9.99201E-005
9.99201E-005 0.999101 9.99201E-005 9.99201E-005 9.99201E-005 9.99201E-005 9.99201E-005 9.99201E-005 9.99201E-005 9.99201E-005
9.9946E-005 9.9946E-005 9.9946E-005 0.977663 0.0129089 9.9946E-005 0.00385406 9.9946E-005 0.00497449 9.9946E-005
0.98967 9.9946E-005 9.9946E-005 9.9946E-005 0.00214877 9.9946E-005 9.9946E-005 0.00551377 0.00206822 9.9946E-005
0.992769 9.9946E-005 9.9946E-005 0.00176837 9.9946E-005 0.00316479 9.9946E-005 9.9946E-005 0.00169795 9.9946E-005
9.9928E-005 9.9928E-005 9.9928E-005 9.9928E-005 0.998936 9.9928E-005 9.9928E-005 9.9928E-005 0.000264826 9.9928E-005
0.992204 9.9946E-005 9.9946E-005 0.00282667 9.9946E-005 0.0021307 9.9946E-005 9.9946E-005 0.00223934 9.9946E-005
0.995373 9.9937E-005 9.9937E-005 9.9937E-005 0.000229843 0.00369715 9.9937E-005 9.9937E-005 9.9937E-005 9.9937E-005
0.994616 9.9937E-005 9.9937E-005 9.9937E-005 0.00328235 9.9937E-005 9.9937E-005 9.9937E-005 0.00140238 9.9937E-005
0.99712 9.9937E-005 9.9937E-005 0.00100443 9.9937E-005 0.00117643 9.9937E-005 9.9937E-005 9.9937E-005 9.9937E-005
9.99201E-005 9.99201E-005 9.99201E-005 9.99201E-005 0.999101 9.99201E-005 9.99201E-005 9.99201E-005 9.99201E-005 9.99201E-005
0.0162574 0.0148739 9.9955E-005 9.9955E-005 9.9955E-005 9.9955E-005 0.961854 0.00205137 9.9955E-005 0.00446385
9.9928E-005 9.9928E-005 9.9928E-005 9.9928E-005 0.000811209 9.9928E-005 9.9928E-005 0.998389 9.9928E-005 9.9928E-005
0.00583313 9.9937E-005 0.000691306 9.9937E-005 9.9937E-005 9.9937E-005 9.9937E-005 0.992776 9.9937E-005 9.9937E-005
9.99201E-005 9.99201E-005 9.99201E-005 9.99201E-005 9.99201E-005 9.99201E-005 9.99201E-005 0.999101 9.99201E-005 9.99201E-005
9.9928E-005 9.9928E-005 9.9928E-005 9.9928E-005 9.9928E-005 9.9928E-005 9.9928E-005 0.998307 0.000893352 9.9928E-005
9.9946E-005 9.9946E-005 0.00218173 9.9946E-005 9.9946E-005 0.00169713 9.9946E-005 0.995097 0.000424042 9.9946E-005
9.99201E-005 9.99201E-005 9.99201E-005 9.99201E-005 9.99201E-005 9.99201E-005 9.99201E-005 0.999101 9.99201E-005 9.99201E-005
9.99201E-005 9.99201E-005 9.99201E-005 9.99201E-005 9.99201E-005 9.99201E-005 9.99201E-005 0.999101 9.99201E-005 9.99201E-005
9.99201E-005 9.99201E-005 9.99201E-005 9.99201E-005 9.99201E-005 9.99201E-005 9.99201E-005 0.999101 9.99201E-005 9.99201E-005
9.99201E-005 9.99201E-005 9.99201E-005 9.99201E-005 9.99201E-005 9.99201E-005 9.99201E-005 0.999101 9.99201E-005 9.99201E-005
9.9928E-005 9.9928E-005 9.9928E-005 0.00057791 9.9928E-005 9.9928E-005 9.9928E-005 0.998623 9.9928E-005 9.9928E-005
0.00383275 0.00100277 0.000269333 0.000354682 9.9982E-005 0.000345082 9.9982E-005 0.0186173 0.001312 0.974066
0.000877449 0.0192117 9.9946E-005 9.9946E-005 9.9946E-005 9.9946E-005 9.9946E-005 0.00120846 9.9946E-005 0.978103
9.99201E-005 9.99201E-005 9.99201E-005 9.99201E-005 9.99201E-005 9.99201E-005 9.99201E-005 9.99201E-005 9.99201E-005 0.999101
9.99201E-005 9.99201E-005 9.99201E-005 9.99201E-005 9.99201E-005 9.99201E-005 9.99201E-005 9.99201E-005 9.99201E-005 0.999101
9.99201E-005 9.99201E-005 9.99201E-005 9.99201E-005 9.99201E-005 9.99201E-005 9.99201E-005 9.99201E-005 9.99201E-005 0.999101
9.99201E-005 9.99201E-005 9.99201E-005 9.99201E-005 9.99201E-005 9.99201E-005 0.999101 9.99201E-005 9.99201E-005 9.99201E-005
9.99201E-005 9.99201E-005 9.99201E-005 9.99201E-005 9.99201E-005 9.99201E-005 0.999101 9.99201E-005 9.99201E-005 9.99201E-005
9.99201E-005 9.99201E-005 9.99201E-005 9.99201E-005 9.99201E-005 9.99201E-005 0.999101 9.99201E-005 9.99201E-005 9.99201E-005
9.9928E-005 9.9928E-005 9.9928E-005 9.9928E-005 9.9928E-005 0.000206694 0.998994 9.9928E-005 9.9928E-005 9.9928E-005
9.9928E-005 9.9928E-005 9.9928E-005 9.9928E-005 0.016865 0.982336 9.9928E-005 9.9928E-005 9.9928E-005 9.9928E-005
9.9928E-005 9.9928E-005 9.9928E-005 9.9928E-005 0.000117796 9.9928E-005 9.9928E-005 9.9928E-005 9.9928E-005 0.999083
9.99357E-005 9.99357E-005 9.99357E-005 9.99357E-005 9.99357E-005 9.99357E-005 9.99357E-005 9.99357E-005 0.000126087 0.999074
9.99201E-005 9.99201E-005 9.99201E-005 9.99201E-005 9.99201E-005 9.99201E-005 9.99201E-005 9.99201E-005 9.99201E-005 0.999101
9.9928E-005 9.9928E-005 9.9928E-005 0.00371349 9.9928E-005 9.9928E-005 9.9928E-005 9.9928E-005 9.9928E-005 0.995487
9.9946E-005 9.9946E-005 9.9946E-005 0.982398 0.0114493 9.9946E-005 9.9946E-005 0.0035116 0.00204138 9.9946E-005
9.9964E-005 9.9964E-005 0.0563905 0.92049 9.9964E-005 0.0134737 9.9964E-005 0.00701373 0.000802278 0.00142977
9.9946E-005 9.9946E-005 9.9946E-005 0.99033 0.00228987 9.9946E-005 9.9946E-005 0.00512255 0.00165793 9.9946E-005
9.9937E-005 0.00966422 0.00931164 0.980325 9.9937E-005 9.9937E-005 9.9937E-005 9.9937E-005 9.9937E-005 9.9937E-005
9.9964E-005 0.00300726 9.9964E-005 0.988014 9.9964E-005 0.000415953 9.9964E-005 0.00584855 0.00148685 0.00082728
9.9928E-005 9.9928E-005 9.9928E-005 0.994049 9.9928E-005 9.9928E-005 0.00515199 9.9928E-005 9.9928E-005 9.9928E-005
9.9946E-005 9.9946E-005 0.00889994 0.984291 9.9946E-005 0.002408 9.9946E-005 9.9946E-005 0.00380161 9.9946E-005
0.000144836 9.9946E-005 0.0106909 0.972439 9.9946E-005 0.0161253 9.9946E-005 9.9946E-005 9.9946E-005 9.9946E-005
0.992901 0.005763 0.000636567 9.99371E-005 9.99371E-005 9.99371E-005 9.99371E-005 9.99371E-005 9.99371E-005 9.99371E-005
0.960529 0.00860375 9.9964E-005 9.9964E-005 9.9964E-005 9.9964E-005 0.00273391 0.0130183 0.00309783 0.0116173
0.948253 0.0274142 9.9964E-005 0.00147272 9.9964E-005 0.000297342 0.0199631 9.9964E-005 9.9964E-005 0.00220007
0.990511 9.9946E-005 9.9946E-005 9.9946E-005 9.9946E-005 0.000347505 0.00716685 9.9946E-005 0.00137483 9.9946E-005
0.985835 9.9955E-005 0.00065313 0.003831 9.9955E-005 0.00242684 9.9955E-005 9.9955E-005 0.00675435 9.9955E-005
0.999101 9.99201E-005 9.99201E-005 9.99201E-005 9.99201E-005 9.99201E-005 9.99201E-005 9.99201E-005 9.99201E-005 9.99201E-005
9.99201E-005 9.99201E-005 9.99201E-005 9.99201E-005 9.99201E-005 9.99201E-005 9.99201E-005 9.99201E-005 0.999101 9.99201E-005
9.99201E-005 9.99201E-005 9.99201E-005 0.999101 9.99201E-005 9.99201E-005 9.99201E-005 9.99201E-005 9.99201E-005 9.99201E-005
9.9946E-005 0.00425478 0.00194307 9.9946E-005 9.9946E-005 0.00239248 9.9946E-005 9.9946E-005 0.99081 9.9946E-005
0.00202816 9.9928E-005 9.9928E-005 0.997172 9.9928E-005 9.9928E-005 9.9928E-005 9.9928E-005 9.9928E-005 9.9928E-005
9.99201E-005 9.99201E-005 9.99201E-005 0.999101 9.99201E-005 9.99201E-005 9.99201E-005 9.99201E-005 9.99201E-005 9.99201E-005
0.0151445 0.924174 0.00150182 0.00268686 9.9982E-005 9.9982E-005 0.0251833 0.0108297 0.000888309 0.0193918
9.99201E-005 0.999101 9.99201E-005 9.99201E-005 9.99201E-005 9.99201E-005 9.99201E-005 9.99201E-005 9.99201E-005 9.99201E-005
9.9928E-005 0.99881 9.9928E-005 0.000391064 9.9928E-005 9.9928E-005 9.9928E-005 9.9928E-005 9.9928E-005 9.9928E-005
0.0384373 0.932569 0.000847686 9.9982E-005 0.00343273 9.9982E-005 0.0141601 0.00483051 0.00100296 0.00451921
0.0243302 0.942948 9.9982E-005 0.000897551 9.9982E-005 0.00325775 0.0128692 0.00623596 0.00118133 0.00808042
0.00192965 0.993327 9.9955E-005 9.9955E-005 0.00105828 9.9955E-005 0.00245464 0.000730597 9.9955E-005 9.9955E-005
0.000170633 9.9955E-005 9.9955E-005 0.991418 0.00684429 0.000797628 0.000269676 9.9955E-005 9.9955E-005 9.9955E-005
9.9955E-005 9.9955E-005 0.0415418 0.923178 0.0261986 9.9955E-005 9.9955E-005 0.00324596 0.00533605 9.9955E-005
9.9928E-005 9.9928E-005 9.9928E-005 0.998574 9.9928E-005 0.000626972 9.9928E-005 9.9928E-005 9.9928E-005 9.9928E-005
9.9937E-005 9.9937E-005 9.9937E-005 0.990162 0.00848345 9.9937E-005 9.9937E-005 9.9937E-005 0.000654729 9.9937E-005
9.9937E-005 9.9937E-005 9.9937E-005 0.996207 0.00155726 9.9937E-005 9.9937E-005 0.0015366 9.9937E-005 9.9937E-005
9.9946E-005 9.9946E-005 0.00481138 0.98887 0.00496026 0.000758714 9.9946E-005 9.9946E-005 9.9946E-005 9.9946E-005
9.9937E-005 9.9937E-005 0.055654 0.934765 9.9937E-005 0.00888099 9.9937E-005 9.9937E-005 9.9937E-005 9.9937E-005
0.00142571 9.9955E-005 0.0817157 0.896675 9.9955E-005 0.0187853 9.9955E-005 0.000898947 9.9955E-005 9.9955E-005
9.9955E-005 0.00245605 0.0646455 0.917323 0.00997366 9.9955E-005 9.9955E-005 9.9955E-005 0.00510174 9.9955E-005
9.9937E-005 9.9937E-005 9.9937E-005 0.991124 9.9937E-005 9.9937E-005 9.9937E-005 0.00369899 9.9937E-005 0.00447771
9.9955E-005 9.9955E-005 0.0711426 0.906234 9.9955E-005 0.0203893 9.9955E-005 0.00158794 9.9955E-005 0.000146911
9.99371E-005 9.99371E-005 0.092194 0.894883 9.99371E-005 0.0122236 9.99371E-005 9.99371E-005 9.99371E-005 9.99371E-005
9.9955E-005 9.9955E-005 0.0451772 0.916182 0.0278071 9.9955E-005 9.9955E-005 9.9955E-005 0.00532172 0.00501247
9.9946E-005 9.9946E-005 0.0782464 0.904802 0.0154356 9.9946E-005 9.9946E-005 9.9946E-005 0.00091647 9.9946E-005
0.0360261 0.880999 9.99811E-005 9.99811E-005 0.00069196 9.99811E-005 0.0605767 0.0105535 0.000132631 0.0107198
0.0365596 0.0400026 9.9955E-005 9.9955E-005 9.9955E-005 9.9955E-005 0.914194 0.00604705 9.9955E-005 0.00269701
0.00491793 9.9937E-005 0.000558929 9.9937E-005 9.9937E-005 9.9937E-005 0.993824 9.9937E-005 9.9937E-005 9.9937E-005
9.9946E-005 9.9946E-005 0.00228805 0.00467761 9.9946E-005 0.986953 9.9946E-005 9.9946E-005 9.9946E-005 0.00548175
9.9928E-005 9.9928E-005 9.9928E-005 9.9928E-005 0.00891586 0.990285 9.9928E-005 9.9928E-005 9.9928E-005 9.9928E-005
0.0217473 9.9937E-005 0.0024822 9.9937E-005 9.9937E-005 9.9937E-005 0.975071 9.9937E-005 9.9937E-005 9.9937E-005
0.135026 0.317006 0.00643323 0.00301843 0.000596489 9.9991E-005 0.446514 0.0459137 0.00604464 0.0393473
0.164647 0.22788 0.00476896 0.0761332 0.00829328 0.0271191 0.32596 0.0376897 0.0702781 0.0572301
0.0185912 0.0702432 0.00329364 0.000994902 0.00470162 9.9991E-005 0.0551168 0.0950993 0.000949584 0.75091
0.0411835 0.0553417 9.9982E-005 0.00406266 0.00126704 9.9982E-005 0.0586098 0.100395 0.00104461 0.737896
9.9928E-005 9.9928E-005 9.9928E-005 0.00236364 9.9928E-005 0.996837 9.9928E-005 9.9928E-005 9.9928E-005 9.9928E-005
9.99281E-005 9.99281E-005 9.99281E-005 0.00343347 9.99281E-005 0.995767 9.99281E-005 9.99281E-005 9.99281E-005 9.99281E-005
0.0303842 0.0611262 9.9982E-005 0.00332228 0.00537582 9.9982E-005 0.0640866 0.0996057 0.000601235 0.735298
0.129853 0.341146 9.9955E-005 9.9955E-005 9.9955E-005 9.9955E-005 0.443789 0.038004 9.9955E-005 0.0467084
9.99201E-005 9.99201E-005 9.99201E-005 9.99201E-005 9.99201E-005 0.999101 9.99201E-005 9.99201E-005 9.99201E-005 9.99201E-005
0.0291189 0.0606284 0.0011341 9.9973E-005 9.9973E-005 9.9973E-005 0.0559737 0.0979448 0.00273648 0.752164
0.0273303 0.0284611 0.00086763 0.00612119 0.00056065 9.9991E-005 0.912138 0.00501007 0.00378113 0.0156302
0.0100626 0.0127111 9.9955E-005 9.9955E-005 9.9955E-005 9.9955E-005 0.973431 0.00040305 9.9955E-005 0.0028923
0.13413 0.247036 0.00830817 0.027814 0.0123965 0.00660494 0.431049 0.0472646 0.0404937 0.0449035
0.123904 0.145648 9.9982E-005 0.00552322 0.0135149 9.9982E-005 0.145881 0.28534 0.00556738 0.274421
0.0209755 0.0144616 0.00114233 9.9964E-005 0.000558591 9.9964E-005 0.959556 9.9964E-005 9.9964E-005 0.00290599
0.0296839 0.00933477 9.9955E-005 9.9955E-005 9.9955E-005 9.9955E-005 0.944784 0.00738204 9.9955E-005 0.0083151
0.0173977 9.9946E-005 9.9946E-005 9.9946E-005 9.9946E-005 0.00550543 0.974956 9.9946E-005 9.9946E-005 0.00154087
9.9955E-005 9.9955E-005 9.9955E-005 9.9955E-005 0.031606 0.950948 9.9955E-005 0.00691759 0.00585738 0.00417175
0.0025886 0.0250667 9.9964E-005 9.9964E-005 9.9964E-005 0.000274557 0.949606 0.00444656 9.9964E-005 0.0176178
9.9955E-005 9.9955E-005 0.00561147 9.9955E-005 0.00669168 0.986052 9.9955E-005 0.000667383 0.000477752 9.9955E-005
9.99201E-005 9.99201E-005 9.99201E-005 9.99201E-005 9.99201E-005 9.99201E-005 0.999101 9.99201E-005 9.99201E-005 9.99201E-005
9.9928E-005 9.9928E-005 0.0103987 9.9928E-005 9.9928E-005 0.988802 9.9928E-005 9.9928E-005 9.9928E-005 9.9928E-005
9.9928E-005 9.9928E-005 9.9928E-005 9.9928E-005 9.9928E-005 0.0016762 9.9928E-005 9.9928E-005 9.9928E-005 0.997524
9.99201E-005 9.99201E-005 9.99201E-005 9.99201E-005 9.99201E-005 9.99201E-005 0.999101 9.99201E-005 9.99201E-005 9.99201E-005
0.0122848 0.0228632 9.9955E-005 9.9955E-005 9.9955E-005 9.9955E-005 0.00698361 0.0247418 9.9955E-005 0.932627
9.99201E-005 9.99201E-005 9.99201E-005 9.99201E-005 9.99201E-005 9.99201E-005 0.999101 9.99201E-005 9.99201E-005 9.99201E-005
9.9937E-005 9.9937E-005 9.9937E-005 9.9937E-005 9.9937E-005 9.9937E-005 0.993595 0.00504523 0.000660201 9.9937E-005
9.99201E-005 9.99201E-005 9.99201E-005 9.99201E-005 9.99201E-005 9.99201E-005 0.999101 9.99201E-005 9.99201E-005 9.99201E-005
9.99201E-005 9.99201E-005 9.99201E-005 9.99201E-005 9.99201E-005 9.99201E-005 0.999101 9.99201E-005 9.99201E-005 9.99201E-005
9.9946E-005 9.9946E-005 9.9946E-005 0.000400065 0.00539585 0.993022 0.000582819 9.9946E-005 9.9946E-005 9.9946E-005
0.0149848 0.971486 9.9937E-005 9.9937E-005 9.9937E-005 9.9937E-005 9.9937E-005 0.0128295 9.9937E-005 9.9937E-005
0.012045 0.967856 9.9937E-005 9.9937E-005 9.9937E-005 9.9937E-005 9.9937E-005 0.0193998 9.9937E-005 9.9937E-005
0.0222629 0.931618 9.9973E-005 9.9973E-005 9.9973E-005 0.00147074 0.0265477 0.00241635 0.000513676 0.0148707
0.993566 9.9955E-005 9.9955E-005 9.9955E-005 0.00289051 0.00139152 9.9955E-005 0.000706528 0.000945603 9.9955E-005
0.00877292 9.9955E-005 0.00887692 9.9955E-005 9.9955E-005 0.973367 9.9955E-005 9.9955E-005 0.00507124 0.00341177
0.962829 0.0142793 9.9946E-005 9.9946E-005 9.9946E-005 9.9946E-005 0.0212327 9.9946E-005 9.9946E-005 0.00105963
0.997505 9.9928E-005 9.9928E-005 9.9928E-005 9.9928E-005 9.9928E-005 9.9928E-005 9.9928E-005 9.9928E-005 0.00169508
0.97025 0.00319167 0.00262741 9.9973E-005 0.000269473 9.9973E-005 0.0186437 0.00301966 9.9973E-005 0.00169839
0.999101 9.99201E-005 9.99201E-005 9.99201E-005 9.99201E-005 9.99201E-005 9.99201E-005 9.99201E-005 9.99201E-005 9.99201E-005
0.987174 9.9937E-005 9.9937E-005 9.9937E-005 9.9937E-005 9.9937E-005 0.0113006 9.9937E-005 9.9937E-005 0.000826183
9.99201E-005 9.99201E-005 9.99201E-005 9.99201E-005 9.99201E-005 9.99201E-005 9.99201E-005 9.99201E-005 9.99201E-005 0.999101
9.99201E-005 9.99201E-005 9.99201E-005 9.99201E-005 9.99201E-005 9.99201E-005 9.99201E-005 9.99201E-005 9.99201E-005 0.999101
9.99201E-005 9.99201E-005 9.99201E-005 9.99201E-005 9.99201E-005 9.99201E-005 9.99201E-005 9.99201E-005 9.99201E-005 0.999101
9.9937E-005 9.9937E-005 0.00333066 9.9937E-005 9.9937E-005 9.9937E-005 9.9937E-005 9.9937E-005 0.00281894 0.993151
0.940714 0.00436097 9.9964E-005 9.9964E-005 9.9964E-005 0.0302454 0.00866953 0.00178445 9.9964E-005 0.0138257
0.00872341 0.00432431 9.9946E-005 9.9946E-005 9.9946E-005 9.9946E-005 0.00718861 9.9946E-005 9.9946E-005 0.979164
0.999101 9.99201E-005 9.99201E-005 9.99201E-005 9.99201E-005 9.99201E-005 9.99201E-005 9.99201E-005 9.99201E-005 9.99201E-005
0.971873 0.0125917 9.9946E-005 9.9946E-005 9.9946E-005 9.9946E-005 0.0140637 9.9946E-005 9.9946E-005 0.000872408
0.962218 0.0151773 9.9937E-005 9.9937E-005 9.9937E-005 9.9937E-005 0.0219055 9.9937E-005 9.9937E-005 9.9937E-005
0.985366 9.9928E-005 9.9928E-005 9.9928E-005 9.9928E-005 9.9928E-005 0.0138341 9.9928E-005 9.9928E-005 9.9928E-005
0.970577 0.0172003 9.9955E-005 9.9955E-005 9.9955E-005 0.000385344 0.00935166 9.9955E-005 9.9955E-005 0.00198606
0.985273 0.00139877 9.9964E-005 9.9964E-005 0.00224286 9.9964E-005 9.9964E-005 0.00695688 0.000411826 0.00331699
0.964512 9.99715E-005 9.99715E-005 0.00345349 0.00171861 9.99715E-005 0.0246802 0.00435551 9.99715E-005 0.000880724
0.965851 0.0147192 9.9946E-005 9.9946E-005 9.9946E-005 9.9946E-005 0.0171479 9.9946E-005 9.9946E-005 0.00168203
0.945828 0.0289849 9.9964E-005 0.00316596 9.9964E-005 9.9964E-005 0.00179552 0.0135241 9.9964E-005 0.00630125
0.961573 0.0139541 0.0014191 9.9973E-005 9.9973E-005 9.9973E-005 0.00817748 0.00398872 0.00187042 0.00871712
0.978484 9.9955E-005 9.9955E-005 0.00336037 9.9955E-005 9.9955E-005 9.9955E-005 0.0095091 0.00414136 0.00400515
0.980155 9.9964E-005 9.9964E-005 9.9964E-005 0.00128763 9.9964E-005 0.00306493 0.00949616 0.000636662 0.0049596
0.973943 0.00442557 9.99486E-005 9.99486E-005 9.99486E-005 9.99486E-005 0.0178408 9.99486E-005 9.99486E-005 0.00319076
0.960328 0.0278781 9.9946E-005 9.9946E-005 9.9946E-005 9.9946E-005 0.0110734 9.9946E-005 0.000120839 9.9946E-005
0.967035 0.0176755 9.9955E-005 9.9955E-005 9.9955E-005 9.9955E-005 0.00594104 0.00787717 9.9955E-005 0.000971477
0.956336 0.0121202 0.00034954 0.01102 0.00193283 9.9982E-005 0.00291377 9.9982E-005 0.0100671 0.00506043
9.9946E-005 0.00133132 0.0169304 0.968952 9.9946E-005 0.0121862 9.9946E-005 9.9946E-005 9.9946E-005 9.9946E-005
9.9946E-005 0.00172442 0.00388067 0.990365 9.9946E-005 9.9946E-005 9.9946E-005 9.9946E-005 9.9946E-005 0.00343002
9.9955E-005 9.9955E-005 9.9955E-005 0.993412 0.000711365 9.9955E-005 0.00220422 9.9955E-005 0.000902162 0.00227076
0.970208 9.9955E-005 0.0051149 9.9955E-005 9.9955E-005 9.9955E-005 0.00964618 9.9955E-005 0.00428914 0.0102418
0.123157 0.137052 0.0194316 0.00404341 0.0300137 9.9991E-005 0.1191 0.280003 0.0216524 0.265448
9.9928E-005 0.00262029 9.9928E-005 9.9928E-005 9.9928E-005 9.9928E-005 9.9928E-005 9.9928E-005 0.99658 9.9928E-005
0.000868485 9.9946E-005 0.000565577 9.9946E-005 9.9946E-005 9.9946E-005 9.9946E-005 9.9946E-005 0.993671 0.00429529
9.99257E-005 9.99257E-005 9.99257E-005 9.99257E-005 9.99257E-005 9.99257E-005 9.99257E-005 9.99257E-005 0.999101 9.99257E-005
9.9946E-005 9.9946E-005 9.9946E-005 0.00341613 0.00205476 0.00700386 9.9946E-005 9.9946E-005 0.986926 9.9946E-005
9.9928E-005 0.00222005 9.9928E-005 9.9928E-005 9.9928E-005 9.9928E-005 9.9928E-005 9.9928E-005 0.996981 9.9928E-005
9.99201E-005 9.99201E-005 9.99201E-005 9.99201E-005 9.99201E-005 9.99201E-005 9.99201E-005 9.99201E-005 0.999101 9.99201E-005
9.9928E-005 9.9928E-005 0.96485 0.034351 9.9928E-005 9.9928E-005 9.9928E-005 9.9928E-005 9.9928E-005 9.9928E-005
9.9928E-005 9.9928E-005 9.9928E-005 9.9928E-005 9.9928E-005 9.9928E-005 9.9928E-005 0.00159097 0.99761 9.9928E-005
9.99201E-005 9.99201E-005 9.99201E-005 0.999101 9.99201E-005 9.99201E-005 9.99201E-005 9.99201E-005 9.99201E-005 9.99201E-005
0.00703387 0.00402548 0.00157874 0.00671263 9.9964E-005 9.9964E-005 9.9964E-005 0.00101356 0.979236 9.9964E-005
9.9946E-005 9.9946E-005 9.9946E-005 0.00157166 0.00333846 9.9946E-005 0.00200369 9.9946E-005 0.992487 9.9946E-005
9.99201E-005 9.99201E-005 9.99201E-005 9.99201E-005 9.99201E-005 9.99201E-005 9.99201E-005 9.99201E-005 0.999101 9.99201E-005
9.9937E-005 9.9937E-005 9.9937E-005 9.9937E-005 0.00721939 0.000272045 9.9937E-005 9.9937E-005 0.991809 9.9937E-005
0.946383 0.019505 9.9982E-005 0.000747317 0.00194155 9.9982E-005 0.0153145 0.0120497 0.000608131 0.00325108
9.99201E-005 9.99201E-005 9.99201E-005 9.99201E-005 9.99201E-005 9.99201E-005 9.99201E-005 9.99201E-005 0.999101 9.99201E-005
9.9937E-005 9.9937E-005 9.9937E-005 0.9885 0.00631007 9.9937E-005 9.9937E-005 9.9937E-005 0.00449004 9.9937E-005
0.982417 9.9955E-005 0.00463359 9.9955E-005 9.9955E-005 0.00135099 0.0091272 9.9955E-005 0.00197125 9.9955E-005
0.0132888 0.977709 0.000405215 9.9964E-005 0.000475335 9.9964E-005 0.00583926 0.00188281 9.9964E-005 9.9964E-005
0.00346711 0.00129919 0.000485104 9.9955E-005 9.9955E-005 0.00196836 9.9955E-005 9.9955E-005 0.99228 9.9955E-005
9.99201E-005 9.99201E-005 9.99201E-005 9.99201E-005 9.99201E-005 0.999101 9.99201E-005 9.99201E-005 9.99201E-005 9.99201E-005
9.99472E-005 0.0067088 9.99472E-005 9.99472E-005 0.0156751 0.97144 9.99472E-005 9.99472E-005 0.00557629 9.99472E-005
9.9937E-005 0.99725 9.9937E-005 9.9937E-005 9.9937E-005 9.9937E-005 0.000352142 9.9937E-005 9.9937E-005 0.00169818
9.9937E-005 9.9937E-005 9.9937E-005 9.9937E-005 0.0364167 0.957953 9.9937E-005 9.9937E-005 0.00493095 9.9937E-005
0.999101 9.99201E-005 9.99201E-005 9.99201E-005 9.99201E-005 9.99201E-005 9.99201E-005 9.99201E-005 9.99201E-005 9.99201E-005
0.990283 0.00847191 9.9937E-005 9.9937E-005 9.9937E-005 9.9937E-005 9.9937E-005 9.9937E-005 9.9937E-005 0.000545485
0.927095 0.0149978 0.0010363 0.0026716 0.000932766 9.9982E-005 0.0458446 9.9982E-005 0.000588128 0.0066341
0.991408 9.9946E-005 9.9946E-005 9.9946E-005 9.9946E-005 9.9946E-005 0.00193061 0.00170549 9.9946E-005 0.00435641
0.966096 0.0179277 9.9937E-005 9.9937E-005 9.9937E-005 9.9937E-005 0.0152766 9.9937E-005 9.9937E-005 9.9937E-005
0.963882 0.0203418 0.00361174 9.9964E-005 9.9964E-005 9.9964E-005 0.000246195 0.00678156 0.0047369 9.9964E-005
0.995016 9.9937E-005 9.9937E-005 9.9937E-005 9.9937E-005 9.9937E-005 9.9937E-005 0.00202627 9.9937E-005 0.00225809
9.99241E-005 0.999101 9.99241E-005 9.99241E-005 9.99241E-005 9.99241E-005 9.99241E-005 9.99241E-005 9.99241E-005 9.99241E-005
9.9928E-005 0.997727 9.9928E-005 9.9928E-005 9.9928E-005 9.9928E-005 9.9928E-005 0.00147363 9.9928E-005 9.9928E-005
0.991916 0.00399717 0.000859289 9.9946E-005 9.9946E-005 9.9946E-005 9.9946E-005 9.9946E-005 9.9946E-005 0.00262765
9.9946E-005 0.0035356 0.0214774 0.966215 9.9946E-005 0.0081722 9.9946E-005 9.9946E-005 9.9946E-005 9.9946E-005
9.9928E-005 9.9928E-005 0.995463 0.00373713 9.9928E-005 9.9928E-005 9.9928E-005 9.9928E-005 9.9928E-005 9.9928E-005
9.99201E-005 9.99201E-005 0.999101 9.99201E-005 9.99201E-005 9.99201E-005 9.99201E-005 9.99201E-005 9.99201E-005 9.99201E-005
0.085587 0.0485315 0.738096 9.9982E-005 9.9982E-005 0.00178574 0.0320022 0.0161519 0.0514188 0.0262271
9.9928E-005 9.9928E-005 0.971208 0.0279924 9.9928E-005 9.9928E-005 9.9928E-005 9.9928E-005 9.9928E-005 9.9928E-005
9.9946E-005 0.013181 9.9946E-005 0.979302 9.9946E-005 0.00266379 9.9946E-005 9.9946E-005 0.00425312 9.9946E-005
9.99281E-005 0.00291111 9.99281E-005 0.996289 9.99281E-005 9.99281E-005 9.99281E-005 9.99281E-005 9.99281E-005 9.99281E-005
9.99201E-005 9.99201E-005 9.99201E-005 0.999101 9.99201E-005 9.99201E-005 9.99201E-005 9.99201E-005 9.99201E-005 9.99201E-005
9.9928E-005 9.9928E-005 0.97409 0.025111 9.9928E-005 9.9928E-005 9.9928E-005 9.9928E-005 9.9928E-005 9.9928E-005
0.00361482 0.995586 9.9928E-005 9.9928E-005 9.9928E-005 9.9928E-005 9.9928E-005 9.9928E-005 9.9928E-005 9.9928E-005
9.9937E-005 9.9937E-005 0.00436692 9.9937E-005 0.0143067 0.980627 9.9937E-005 9.9937E-005 9.9937E-005 9.9937E-005
0.115543 0.590847 0.0385529 0.0512846 0.00520287 0.0276292 0.00364068 0.0421422 0.0780447 0.0471119
9.9937E-005 0.997195 0.000370226 9.9937E-005 9.9937E-005 9.9937E-005 9.9937E-005 9.9937E-005 9.9937E-005 0.0017354
0.0112528 0.985153 9.9937E-005 9.9937E-005 9.9937E-005 9.9937E-005 9.9937E-005 9.9937E-005 9.9937E-005 0.00289447
9.9937E-005 0.00492046 0.0118475 9.9937E-005 9.9937E-005 0.982533 9.9937E-005 9.9937E-005 9.9937E-005 9.9937E-005
9.99201E-005 9.99201E-005 9.99201E-005 9.99201E-005 9.99201E-005 9.99201E-005 9.99201E-005 9.99201E-005 0.999101 9.99201E-005
0.643452 0.131298 9.99561E-005 9.99561E-005 9.99561E-005 9.99561E-005 0.153229 0.0358474 9.99561E-005 0.035674
9.99201E-005 0.999101 9.99201E-005 9.99201E-005 9.99201E-005 9.99201E-005 9.99201E-005 9.99201E-005 9.99201E-005 9.99201E-005
9.99201E-005 0.999101 9.99201E-005 9.99201E-005 9.99201E-005 9.99201E-005 9.99201E-005 9.99201E-005 9.99201E-005 9.99201E-005
9.99201E-005 0.999101 9.99201E-005 9.99201E-005 9.99201E-005 9.99201E-005 9.99201E-005 9.99201E-005 9.99201E-005 9.99201E-005
9.99356E-005 0.997195 0.00200512 9.99356E-005 9.99356E-005 9.99356E-005 9.99356E-005 9.99356E-005 9.99356E-005 9.99356E-005
9.99201E-005 0.999101 9.99201E-005 9.99201E-005 9.99201E-005 9.99201E-005 9.99201E-005 9.99201E-005 9.99201E-005 9.99201E-005
9.99201E-005 0.999101 9.99201E-005 9.99201E-005 9.99201E-005 9.99201E-005 9.99201E-005 9.99201E-005 9.99201E-005 9.99201E-005
