0.0113864 0.0155154 9.9964E-005 9.9964E-005 0.0221646 0.896039 0.017301 9.9964E-005 0.0345383 9.9964E-005 0.00265578
0.0106735 0.0149705 9.9973E-005 9.9973E-005 0.0199182 0.899282 0.0195304 9.9973E-005 0.03256 0.0014934 0.00127212
0.00604946 0.0336733 0.000677188 0.000282218 0.00449604 0.00263323 0.0532645 0.00288918 0.89165 0.00123392 0.00315117
9.9955E-005 0.0224029 9.9955E-005 9.9955E-005 0.0210185 0.000147313 0.0688099 9.9955E-005 0.885566 9.9955E-005 0.00155514
0.00497104 0.0276146 9.9982E-005 9.9982E-005 0.0042875 0.00519588 0.0432694 0.00147473 0.90747 0.00109421 0.00442309
9.9928E-005 0.0023194 9.9928E-005 9.9928E-005 9.9928E-005 9.9928E-005 0.00236409 9.9928E-005 0.994517 9.9928E-005 9.9928E-005
9.9919E-005 0.00155031 9.9919E-005 9.9919E-005 9.9919E-005 9.9919E-005 9.9919E-005 9.9919E-005 0.99755 9.9919E-005 9.9919E-005
9.99101E-005 9.99101E-005 9.99101E-005 9.99101E-005 9.99101E-005 9.99101E-005 9.99101E-005 9.99101E-005 0.999001 9.99101E-005 9.99101E-005
9.9928E-005 9.9928E-005 0.00867818 9.9928E-005 9.9928E-005 9.9928E-005 9.9928E-005 0.983032 9.9928E-005 9.9928E-005 0.00749039
9.9946E-005 0.989219 9.9946E-005 0.0011777 9.9946E-005 0.0025214 9.9946E-005 0.0017476 9.9946E-005 9.9946E-005 0.00473442
9.9928E-005 0.993653 9.9928E-005 9.9928E-005 9.9928E-005 9.9928E-005 9.9928E-005 9.9928E-005 9.9928E-005 0.00367651 0.00187071
9.9919E-005 9.9919E-005 0.995435 9.9919E-005 9.9919E-005 9.9919E-005 9.9919E-005 9.9919E-005 9.9919E-005 0.00366563 9.9919E-005
9.9946E-005 0.997504 0.000506504 9.9946E-005 9.9946E-005 9.9946E-005 9.9946E-005 0.000328103 9.9946E-005 0.000953635 0.000107791
9.99302E-005 0.991447 9.99302E-005 9.99302E-005 9.99302E-005 9.99302E-005 9.99302E-005 9.99302E-005 9.99302E-005 0.00523259 0.00252109
9.99191E-005 0.993951 9.99191E-005 9.99191E-005 9.99191E-005 9.99191E-005 9.99191E-005 9.99191E-005 9.99191E-005 0.00514968 9.99191E-005
9.9937E-005 0.993283 9.9937E-005 9.9937E-005 9.9937E-005 9.9937E-005 9.9937E-005 0.00343069 9.9937E-005 0.001433 0.00115394
9.99101E-005 9.99101E-005 0.999001 9.99101E-005 9.99101E-005 9.99101E-005 9.99101E-005 9.99101E-005 9.99101E-005 9.99101E-005 9.99101E-005
9.9946E-005 0.00747315 9.9946E-005 9.9946E-005 0.000804982 0.00570903 0.975487 9.9946E-005 0.00992649 9.9946E-005 9.9946E-005
9.9919E-005 9.9919E-005 9.9919E-005 9.9919E-005 9.9919E-005 0.997134 9.9919E-005 0.00196698 9.9919E-005 9.9919E-005 9.9919E-005
9.9937E-005 0.0021772 0.000920228 9.9937E-005 9.9937E-005 0.995936 9.9937E-005 0.00026677 9.9937E-005 9.9937E-005 9.9937E-005
9.99101E-005 9.99101E-005 9.99101E-005 9.99101E-005 9.99101E-005 0.999001 9.99101E-005 9.99101E-005 9.99101E-005 9.99101E-005 9.99101E-005
9.99101E-005 9.99101E-005 9.99101E-005 9.99101E-005 9.99101E-005 0.999001 9.99101E-005 9.99101E-005 9.99101E-005 9.99101E-005 9.99101E-005
9.99101E-005 9.99101E-005 9.99101E-005 9.99101E-005 9.99101E-005 0.999001 9.99101E-005 9.99101E-005 9.99101E-005 9.99101E-005 9.99101E-005
9.99101E-005 9.99101E-005 9.99101E-005 9.99101E-005 9.99101E-005 0.999001 9.99101E-005 9.99101E-005 9.99101E-005 9.99101E-005 9.99101E-005
9.99101E-005 9.99101E-005 9.99101E-005 9.99101E-005 9.99101E-005 0.999001 9.99101E-005 9.99101E-005 9.99101E-005 9.99101E-005 9.99101E-005
9.99101E-005 9.99101E-005 9.99101E-005 9.99101E-005 9.99101E-005 0.999001 9.99101E-005 9.99101E-005 9.99101E-005 9.99101E-005 9.99101E-005
9.9919E-005 9.9919E-005 9.9919E-005 9.9919E-005 9.9919E-005 0.996895 0.00220586 9.9919E-005 9.9919E-005 9.9919E-005 9.9919E-005
9.9928E-005 9.9928E-005 0.000358494 9.9928E-005 9.9928E-005 0.994333 9.9928E-005 9.9928E-005 9.9928E-005 9.9928E-005 0.00450945
0.89149 9.9937E-005 9.9937E-005 9.9937E-005 0.0836488 0.021141 9.9937E-005 9.9937E-005 9.9937E-005 0.00302035 9.9937E-005
0.891088 9.9964E-005 9.9964E-005 9.9964E-005 0.0888112 0.00176529 9.9964E-005 0.000150282 0.016501 0.00112954 0.000154426
0.999001 9.99101E-005 9.99101E-005 9.99101E-005 9.99101E-005 9.99101E-005 9.99101E-005 9.99101E-005 9.99101E-005 9.99101E-005 9.99101E-005
0.999001 9.99101E-005 9.99101E-005 9.99101E-005 9.99101E-005 9.99101E-005 9.99101E-005 9.99101E-005 9.99101E-005 9.99101E-005 9.99101E-005
0.999001 9.99101E-005 9.99101E-005 9.99101E-005 9.99101E-005 9.99101E-005 9.99101E-005 9.99101E-005 9.99101E-005 9.99101E-005 9.99101E-005
9.99101E-005 9.99101E-005 9.99101E-005 9.99101E-005 9.99101E-005 9.99101E-005 0.999001 9.99101E-005 9.99101E-005 9.99101E-005 9.99101E-005
9.99101E-005 9.99101E-005 9.99101E-005 9.99101E-005 9.99101E-005 9.99101E-005 0.999001 9.99101E-005 9.99101E-005 9.99101E-005 9.99101E-005
9.99101E-005 9.99101E-005 9.99101E-005 9.99101E-005 9.99101E-005 9.99101E-005 0.999001 9.99101E-005 9.99101E-005 9.99101E-005 9.99101E-005
9.99101E-005 9.99101E-005 9.99101E-005 9.99101E-005 9.99101E-005 9.99101E-005 0.999001 9.99101E-005 9.99101E-005 9.99101E-005 9.99101E-005
9.9937E-005 9.9937E-005 0.0224104 0.00767305 9.9937E-005 9.9937E-005 9.9937E-005 9.9937E-005 9.9937E-005 0.967728 0.00148936
0.998288 9.99191E-005 9.99191E-005 9.99191E-005 9.99191E-005 9.99191E-005 9.99191E-005 9.99191E-005 0.000812799 9.99191E-005 9.99191E-005
0.990284 0.00242619 0.00216628 0.00360382 9.99558E-005 9.99558E-005 0.000920041 9.99558E-005 9.99558E-005 9.99558E-005 9.99558E-005
0.991648 9.9928E-005 9.9928E-005 9.9928E-005 9.9928E-005 9.9928E-005 0.00156448 9.9928E-005 0.00598842 9.9928E-005 9.9928E-005
0.980274 9.9946E-005 9.9946E-005 9.9946E-005 9.9946E-005 0.0130716 0.00203783 9.9946E-005 9.9946E-005 0.00356542 0.000451276
9.9937E-005 9.9937E-005 0.0108845 9.9937E-005 9.9937E-005 0.0045529 9.9937E-005 0.982223 9.9937E-005 9.9937E-005 0.00164049
0.00499513 0.00202031 9.9964E-005 0.0655164 0.0029591 0.00111736 9.9964E-005 0.913329 9.9964E-005 0.00966333 9.9964E-005
9.9928E-005 9.9928E-005 0.00521563 9.9928E-005 9.9928E-005 0.00385584 9.9928E-005 0.990129 9.9928E-005 9.9928E-005 9.9928E-005
9.9955E-005 9.9955E-005 9.9955E-005 0.00748787 0.00375876 0.000417581 9.9955E-005 0.981396 9.9955E-005 0.00565375 0.000786754
9.9955E-005 0.00187453 9.9955E-005 9.9955E-005 0.00823134 0.00118175 9.9955E-005 0.982874 9.9955E-005 0.00410859 0.0012304
9.9937E-005 9.9937E-005 9.9937E-005 0.0122262 0.00203649 9.9937E-005 9.9937E-005 0.984874 9.9937E-005 0.000163636 9.9937E-005
9.9928E-005 9.9928E-005 0.00457099 9.9928E-005 9.9928E-005 9.9928E-005 9.9928E-005 0.994289 9.9928E-005 0.000340533 9.9928E-005
9.9937E-005 9.9937E-005 9.9937E-005 0.000996807 9.9937E-005 9.9937E-005 0.00241128 0.983184 9.9937E-005 0.0127085 9.9937E-005
9.99281E-005 0.989395 9.99281E-005 0.0020966 9.99281E-005 9.99281E-005 9.99281E-005 9.99281E-005 0.00770899 9.99281E-005 9.99281E-005
0.000279455 0.955008 9.9955E-005 9.9955E-005 0.0136528 0.01361 9.9955E-005 9.9955E-005 0.0153101 9.9955E-005 0.00163968
9.9928E-005 0.981784 9.9928E-005 9.9928E-005 0.00657596 9.9928E-005 9.9928E-005 9.9928E-005 0.0108402 9.9928E-005 9.9928E-005
9.9955E-005 0.988494 0.000128087 9.9955E-005 9.9955E-005 0.00193887 0.00680465 0.00075893 0.00137554 9.9955E-005 9.9955E-005
9.99482E-005 0.98819 9.99482E-005 0.0010319 9.99482E-005 9.99482E-005 9.99482E-005 0.00100317 9.99482E-005 0.00405253 0.00512233
0.000897601 0.990639 9.9928E-005 9.9928E-005 9.9928E-005 9.9928E-005 0.0076636 9.9928E-005 9.9928E-005 9.9928E-005 9.9928E-005
9.99101E-005 9.99101E-005 9.99101E-005 9.99101E-005 9.99101E-005 9.99101E-005 9.99101E-005 9.99101E-005 9.99101E-005 9.99101E-005 0.999001
9.99101E-005 9.99101E-005 9.99101E-005 9.99101E-005 9.99101E-005 9.99101E-005 9.99101E-005 0.999001 9.99101E-005 9.99101E-005 9.99101E-005
0.000775985 9.99359E-005 9.99359E-005 9.99359E-005 0.00238389 9.99359E-005 9.99359E-005 9.99359E-005 9.99359E-005 9.99359E-005 0.996041
9.99101E-005 9.99101E-005 9.99101E-005 9.99101E-005 9.99101E-005 9.99101E-005 9.99101E-005 0.999001 9.99101E-005 9.99101E-005 9.99101E-005
9.99191E-005 9.99191E-005 9.99191E-005 9.99191E-005 9.99191E-005 9.99191E-005 0.00208305 0.997018 9.99191E-005 9.99191E-005 9.99191E-005
0.00542321 0.00784727 9.9973E-005 0.00221127 0.0221553 0.0134852 0.0288238 9.9973E-005 0.918136 9.9973E-005 0.00161772
9.99248E-005 9.99248E-005 9.99248E-005 9.99248E-005 0.000479566 9.99248E-005 9.99248E-005 9.99248E-005 0.998621 9.99248E-005 9.99248E-005
9.9919E-005 9.9919E-005 9.9919E-005 9.9919E-005 9.9919E-005 9.9919E-005 0.00581839 9.9919E-005 0.993282 9.9919E-005 9.9919E-005
0.00263787 0.0296354 0.000393477 9.9991E-005 0.0096139 0.000519734 0.0252442 0.00556084 0.924784 0.000451249 0.00105982
0.000226874 0.0277996 9.9982E-005 0.00186292 0.00711865 0.00227871 0.0218605 9.9982E-005 0.935913 0.00167645 0.00106381
9.99212E-005 9.99212E-005 9.99212E-005 9.99212E-005 0.00136184 9.99212E-005 9.99212E-005 9.99212E-005 0.997739 9.99212E-005 9.99212E-005
9.9928E-005 9.9928E-005 0.000488158 9.9928E-005 9.9928E-005 0.000242779 9.9928E-005 0.99847 9.9928E-005 9.9928E-005 9.9928E-005
9.9955E-005 9.9955E-005 0.0219633 0.0483125 0.00039295 0.0010764 9.9955E-005 0.921962 9.9955E-005 9.9955E-005 0.00579319
9.99191E-005 9.99191E-005 9.99191E-005 9.99191E-005 9.99191E-005 9.99191E-005 0.000625329 0.998475 9.99191E-005 9.99191E-005 9.99191E-005
9.9941E-005 9.9941E-005 0.00750987 9.9941E-005 9.9941E-005 0.0033125 9.9941E-005 0.988113 9.9941E-005 9.9941E-005 0.000365464
9.9928E-005 9.9928E-005 0.00608323 9.9928E-005 9.9928E-005 0.000192497 9.9928E-005 0.992925 9.9928E-005 9.9928E-005 9.9928E-005
9.99101E-005 9.99101E-005 9.99101E-005 9.99101E-005 9.99101E-005 9.99101E-005 9.99101E-005 0.999001 9.99101E-005 9.99101E-005 9.99101E-005
9.9928E-005 9.9928E-005 9.9928E-005 0.0662181 9.9928E-005 9.9928E-005 9.9928E-005 0.924076 9.9928E-005 0.0089065 9.9928E-005
0.00348933 0.00276205 0.00183678 0.0695444 9.9964E-005 9.9964E-005 9.9964E-005 0.898167 9.9964E-005 0.0205265 0.00327392
0.00201027 9.9955E-005 0.00812526 0.062083 9.9955E-005 9.9955E-005 9.9955E-005 0.918833 9.9955E-005 0.000955528 0.00749307
9.9946E-005 0.00234393 9.9946E-005 9.9946E-005 0.000561104 0.00550655 9.9946E-005 0.990142 9.9946E-005 0.000846924 9.9946E-005
9.99281E-005 9.99281E-005 9.99281E-005 0.0733373 9.99281E-005 9.99281E-005 9.99281E-005 0.906555 9.99281E-005 0.0193085 9.99281E-005
9.99281E-005 9.99281E-005 9.99281E-005 0.0948154 9.99281E-005 9.99281E-005 9.99281E-005 0.890715 9.99281E-005 0.01367 9.99281E-005
9.9937E-005 9.9937E-005 0.032134 0.0425654 9.9937E-005 9.9937E-005 9.9937E-005 0.914769 9.9937E-005 9.9937E-005 0.00983244
9.9955E-005 9.9955E-005 0.0119887 0.0696083 0.000178201 9.9955E-005 9.9955E-005 0.915245 9.9955E-005 0.000497538 0.00198286
9.9964E-005 0.0193897 9.9964E-005 9.9964E-005 0.0121392 0.014343 0.0479447 9.9964E-005 0.902837 0.00014468 0.00280208
0.00167712 0.0307116 9.9946E-005 9.9946E-005 0.0104647 9.9946E-005 0.914036 9.9946E-005 0.0425106 9.9946E-005 9.9946E-005
9.9937E-005 0.0166133 9.9937E-005 0.00199482 9.9937E-005 0.00612863 0.974564 9.9937E-005 9.9937E-005 9.9937E-005 9.9937E-005
9.9937E-005 9.9937E-005 9.9937E-005 0.0019604 9.9937E-005 9.9937E-005 0.00292829 0.00308068 9.9937E-005 0.991331 9.9937E-005
9.99191E-005 9.99191E-005 0.0147727 9.99191E-005 9.99191E-005 9.99191E-005 9.99191E-005 9.99191E-005 9.99191E-005 0.984328 9.99191E-005
9.9955E-005 0.0115975 9.9955E-005 0.00162915 0.00240303 9.9955E-005 0.981476 9.9955E-005 9.9955E-005 0.00133183 0.00106295
0.0174748 0.131241 0.000940682 0.00715617 0.0328962 0.0417208 0.448855 0.000459519 0.313774 9.9991E-005 0.00538224
0.0489246 0.141274 0.00974015 0.023159 0.022533 0.0464008 0.335251 0.0461338 0.228508 0.023396 0.0746799
9.99101E-005 9.99101E-005 9.99101E-005 9.99101E-005 0.999001 9.99101E-005 9.99101E-005 9.99101E-005 9.99101E-005 9.99101E-005 9.99101E-005
0.0166769 9.9937E-005 9.9937E-005 9.9937E-005 0.973751 0.00306738 0.00580536 9.9937E-005 9.9937E-005 9.9937E-005 9.9937E-005
9.99101E-005 9.99101E-005 9.99101E-005 9.99101E-005 9.99101E-005 9.99101E-005 9.99101E-005 9.99101E-005 9.99101E-005 0.999001 9.99101E-005
9.99101E-005 9.99101E-005 9.99101E-005 9.99101E-005 9.99101E-005 9.99101E-005 9.99101E-005 9.99101E-005 9.99101E-005 0.999001 9.99101E-005
9.99101E-005 9.99101E-005 9.99101E-005 9.99101E-005 0.999001 9.99101E-005 9.99101E-005 9.99101E-005 9.99101E-005 9.99101E-005 9.99101E-005
0.0260606 0.137796 9.9964E-005 9.9964E-005 0.0256549 0.0385961 0.447743 9.9964E-005 0.323017 0.000732539 9.9964E-005
9.99101E-005 9.99101E-005 9.99101E-005 9.99101E-005 9.99101E-005 9.99101E-005 9.99101E-005 9.99101E-005 9.99101E-005 0.999001 9.99101E-005
9.99101E-005 9.99101E-005 9.99101E-005 9.99101E-005 0.999001 9.99101E-005 9.99101E-005 9.99101E-005 9.99101E-005 9.99101E-005 9.99101E-005
0.00826098 0.0372391 0.00643102 0.000982938 9.9982E-005 0.0113496 0.924049 0.00235028 0.00493014 9.9982E-005 0.00420718
9.9946E-005 0.0110636 9.9946E-005 9.9946E-005 0.00292118 0.000958259 0.976501 9.9946E-005 0.00795677 9.9946E-005 9.9946E-005
0.034698 0.155098 0.00705028 0.012453 0.0126352 0.0483435 0.423491 0.0302352 0.232342 0.00879243 0.0348613
0.114702 0.105368 0.00588171 9.9982E-005 0.220535 0.262572 0.145363 0.00558796 0.131206 9.9982E-005 0.00858393
0.00418012 0.0235334 9.9937E-005 9.9937E-005 9.9937E-005 9.9937E-005 0.958021 9.9937E-005 0.0135656 9.9937E-005 9.9937E-005
0.00538799 0.0217519 0.000815754 9.9964E-005 0.00212082 0.00714495 0.944103 9.9964E-005 0.0182757 9.9964E-005 9.9964E-005
0.00084172 0.00827892 9.9955E-005 9.9955E-005 9.9955E-005 9.9955E-005 0.984071 0.00429321 0.00140119 9.9955E-005 0.000614424
9.9937E-005 9.9937E-005 0.0518358 9.9937E-005 0.00176466 9.9937E-005 9.9937E-005 9.9937E-005 9.9937E-005 0.936566 0.00913366
0.00442347 0.0136944 9.9937E-005 9.9937E-005 9.9937E-005 9.9937E-005 0.975705 9.9937E-005 0.00547767 9.9937E-005 9.9937E-005
9.99418E-005 0.000518079 9.99418E-005 0.00249863 9.99418E-005 0.00184068 9.99418E-005 9.99418E-005 9.99418E-005 0.994443 9.99418E-005
9.99101E-005 9.99101E-005 9.99101E-005 9.99101E-005 9.99101E-005 9.99101E-005 0.999001 9.99101E-005 9.99101E-005 9.99101E-005 9.99101E-005
9.99191E-005 9.99191E-005 9.99191E-005 0.00532712 9.99191E-005 9.99191E-005 9.99191E-005 9.99191E-005 9.99191E-005 0.993774 9.99191E-005
0.994504 9.9937E-005 0.000693946 9.9937E-005 9.9937E-005 0.00101806 0.00308426 9.9937E-005 9.9937E-005 9.9937E-005 9.9937E-005
9.99101E-005 9.99101E-005 9.99101E-005 9.99101E-005 9.99101E-005 9.99101E-005 0.999001 9.99101E-005 9.99101E-005 9.99101E-005 9.99101E-005
0.865472 0.00420931 9.9946E-005 9.9946E-005 0.0759224 0.0312448 9.9946E-005 9.9946E-005 0.0225515 9.9946E-005 9.9946E-005
9.9937E-005 9.9937E-005 9.9937E-005 0.00157265 0.00345038 9.9937E-005 0.99345 9.9937E-005 9.9937E-005 9.9937E-005 0.000827178
9.99191E-005 9.99191E-005 9.99191E-005 9.99191E-005 9.99191E-005 0.00166035 0.99744 9.99191E-005 9.99191E-005 9.99191E-005 9.99191E-005
9.99101E-005 9.99101E-005 9.99101E-005 9.99101E-005 9.99101E-005 9.99101E-005 0.999001 9.99101E-005 9.99101E-005 9.99101E-005 9.99101E-005
9.99101E-005 9.99101E-005 9.99101E-005 9.99101E-005 9.99101E-005 9.99101E-005 0.999001 9.99101E-005 9.99101E-005 9.99101E-005 9.99101E-005
9.9928E-005 9.9928E-005 0.000619536 9.9928E-005 9.9928E-005 9.9928E-005 9.9928E-005 0.00503286 9.9928E-005 0.993548 9.9928E-005
9.9937E-005 0.0193321 9.9937E-005 9.9937E-005 9.9937E-005 0.0159032 0.00436449 9.9937E-005 0.959701 9.9937E-005 9.9937E-005
9.9928E-005 0.0103646 9.9928E-005 9.9928E-005 9.9928E-005 0.00978982 9.9928E-005 9.9928E-005 0.979046 9.9928E-005 9.9928E-005
0.00131451 0.0276224 9.9955E-005 9.9955E-005 0.0117587 0.00618432 0.0295605 9.9955E-005 0.92306 9.9955E-005 9.9955E-005
9.9937E-005 0.985311 0.00298275 9.9937E-005 9.9937E-005 0.00721067 9.9937E-005 9.9937E-005 0.0037965 9.9937E-005 9.9937E-005
9.9946E-005 0.000965309 9.9946E-005 0.0147404 9.9946E-005 9.9946E-005 0.0127798 9.9946E-005 9.9946E-005 0.967776 0.00313898
9.9937E-005 0.963563 9.9937E-005 9.9937E-005 0.0071419 9.9937E-005 0.0138301 9.9937E-005 0.0147657 9.9937E-005 9.9937E-005
0.00141126 0.996296 9.9928E-005 9.9928E-005 0.00149344 9.9928E-005 9.9928E-005 9.9928E-005 9.9928E-005 9.9928E-005 9.9928E-005
9.9946E-005 0.962371 9.9946E-005 9.9946E-005 0.00331062 0.00711733 0.0145817 9.9946E-005 0.0120193 9.9946E-005 9.9946E-005
9.99101E-005 0.999001 9.99101E-005 9.99101E-005 9.99101E-005 9.99101E-005 9.99101E-005 9.99101E-005 9.99101E-005 9.99101E-005 9.99101E-005
9.9928E-005 0.990862 9.9928E-005 9.9928E-005 9.9928E-005 9.9928E-005 0.00784699 9.9928E-005 0.000491338 9.9928E-005 9.9928E-005
0.990657 9.9928E-005 9.9928E-005 9.9928E-005 9.9928E-005 9.9928E-005 0.0081409 9.9928E-005 0.000402259 9.9928E-005 9.9928E-005
0.999001 9.99101E-005 9.99101E-005 9.99101E-005 9.99101E-005 9.99101E-005 9.99101E-005 9.99101E-005 9.99101E-005 9.99101E-005 9.99101E-005
0.999001 9.99101E-005 9.99101E-005 9.99101E-005 9.99101E-005 9.99101E-005 9.99101E-005 9.99101E-005 9.99101E-005 9.99101E-005 9.99101E-005
0.991902 0.00254981 9.9937E-005 0.000547703 9.9937E-005 9.9937E-005 9.9937E-005 9.9937E-005 9.9937E-005 9.9937E-005 0.00430073
0.0078057 0.945558 9.9946E-005 9.9946E-005 0.00965044 0.0070728 9.9946E-005 9.9946E-005 9.9946E-005 0.0293136 9.9946E-005
0.892701 0.00948975 9.9955E-005 9.9955E-005 0.0750233 0.0121187 9.9955E-005 9.9955E-005 0.0096827 0.000485215 9.9955E-005
9.99101E-005 0.999001 9.99101E-005 9.99101E-005 9.99101E-005 9.99101E-005 9.99101E-005 9.99101E-005 9.99101E-005 9.99101E-005 9.99101E-005
0.00230314 0.966764 9.9937E-005 9.9937E-005 9.9937E-005 9.9937E-005 0.0173961 9.9937E-005 0.0128373 9.9937E-005 9.9937E-005
9.9937E-005 0.960955 9.9937E-005 9.9937E-005 0.000780122 9.9937E-005 0.03125 9.9937E-005 0.00631553 9.9937E-005 9.9937E-005
9.9928E-005 0.983041 9.9928E-005 9.9928E-005 9.9928E-005 9.9928E-005 0.00825459 9.9928E-005 0.00790515 9.9928E-005 9.9928E-005
0.00231618 0.968229 9.9937E-005 9.9937E-005 9.9937E-005 9.9937E-005 0.00588002 9.9937E-005 0.0228748 9.9937E-005 9.9937E-005
0.00283179 0.98474 9.9946E-005 9.9946E-005 9.9946E-005 0.00811151 9.9946E-005 0.00227023 9.9946E-005 9.9946E-005 0.0014465
0.00169183 0.972693 9.9946E-005 9.9946E-005 9.9946E-005 0.00668299 0.00952085 9.9946E-005 0.00881174 9.9946E-005 9.9946E-005
9.9937E-005 0.966781 9.9937E-005 9.9937E-005 0.00428245 9.9937E-005 0.0137299 9.9937E-005 0.0145075 9.9937E-005 9.9937E-005
0.000699624 0.94523 9.9964E-005 0.0019261 0.000330365 0.0133228 0.0153511 9.9964E-005 0.0227398 9.9964E-005 9.9964E-005
0.00698143 0.962994 0.00117028 0.00265005 9.9955E-005 9.9955E-005 9.9955E-005 9.9955E-005 0.022806 9.9955E-005 0.00289838
0.00232399 0.985356 9.9955E-005 9.9955E-005 0.00171644 0.00816007 9.9955E-005 0.000900552 9.9955E-005 9.9955E-005 0.00104272
0.007756 0.966585 9.9955E-005 9.9955E-005 0.00236186 0.0165392 0.00537971 0.000878862 9.9955E-005 9.9955E-005 9.9955E-005
0.00276337 0.967316 9.9946E-005 9.9946E-005 0.0013443 9.9946E-005 0.0178591 9.9946E-005 0.0101175 9.9946E-005 9.9946E-005
0.000798662 0.960718 9.9964E-005 0.00196118 9.9964E-005 0.00135993 0.00359147 9.9964E-005 0.0308921 0.000278961 9.9964E-005
0.001347 0.969049 9.9946E-005 9.9946E-005 9.9946E-005 0.0033171 0.0165897 9.9946E-005 0.0090978 9.9946E-005 9.9946E-005
9.9973E-005 0.948519 9.9973E-005 0.00770816 0.00804125 0.00143431 9.9973E-005 0.0011421 0.0154813 0.00345027 0.0139234
9.9937E-005 9.9937E-005 9.9937E-005 0.0223605 9.9937E-005 9.9937E-005 9.9937E-005 0.965789 0.000496206 0.0106549 9.9937E-005
9.99191E-005 9.99191E-005 9.99191E-005 0.0188386 9.99191E-005 9.99191E-005 9.99191E-005 0.980262 9.99191E-005 9.99191E-005 9.99191E-005
9.9937E-005 9.9937E-005 0.00345164 9.9937E-005 9.9937E-005 9.9937E-005 9.9937E-005 0.99125 0.00278705 9.9937E-005 0.00181131
9.99982E-005 0.958187 0.000522941 0.00175931 0.00312373 0.00227055 0.016874 0.00115087 0.00622028 0.00351244 0.00627907
0.0652083 0.119626 0.021906 0.0139575 0.270215 0.255436 0.119022 0.0139644 0.0971471 9.9991E-005 0.0234178
9.9928E-005 9.9928E-005 9.9928E-005 0.00126553 9.9928E-005 9.9928E-005 9.9928E-005 9.9928E-005 9.9928E-005 0.00220616 0.995729
9.9937E-005 9.9937E-005 9.9937E-005 9.9937E-005 0.000416904 0.000812424 9.9937E-005 9.9937E-005 9.9937E-005 0.0042622 0.993809
9.99191E-005 9.99191E-005 0.000639296 9.99191E-005 9.99191E-005 9.99191E-005 9.99191E-005 9.99191E-005 9.99191E-005 9.99191E-005 0.998461
9.9946E-005 9.9946E-005 9.9946E-005 0.00454125 9.9946E-005 0.00154151 9.9946E-005 0.000619353 9.9946E-005 0.00259724 0.990101
9.9928E-005 9.9928E-005 0.00261524 9.9928E-005 9.9928E-005 9.9928E-005 0.000420511 9.9928E-005 9.9928E-005 9.9928E-005 0.996165
9.99191E-005 9.99191E-005 0.000122482 9.99191E-005 9.99191E-005 9.99191E-005 9.99191E-005 9.99191E-005 9.99191E-005 9.99191E-005 0.998978
9.9919E-005 9.9919E-005 9.9919E-005 0.969931 9.9919E-005 9.9919E-005 9.9919E-005 0.0291697 9.9919E-005 9.9919E-005 9.9919E-005
9.99101E-005 9.99101E-005 9.99101E-005 9.99101E-005 9.99101E-005 9.99101E-005 9.99101E-005 9.99101E-005 9.99101E-005 9.99101E-005 0.999001
9.99101E-005 9.99101E-005 9.99101E-005 9.99101E-005 9.99101E-005 9.99101E-005 9.99101E-005 0.999001 9.99101E-005 9.99101E-005 9.99101E-005
0.000716118 9.9964E-005 9.9964E-005 0.00634293 0.00040894 0.0114386 9.9964E-005 9.9964E-005 0.00545949 0.000478353 0.974756
9.9946E-005 9.9946E-005 0.00495866 0.00267088 9.9946E-005 9.9946E-005 0.00046361 9.9946E-005 9.9946E-005 0.00211678 0.98919
9.99101E-005 9.99101E-005 9.99101E-005 9.99101E-005 9.99101E-005 9.99101E-005 9.99101E-005 9.99101E-005 9.99101E-005 9.99101E-005 0.999001
9.9928E-005 9.9928E-005 0.0026408 9.9928E-005 0.000817043 9.9928E-005 9.9928E-005 9.9928E-005 9.9928E-005 9.9928E-005 0.995743
0.00332092 0.948935 9.9964E-005 9.9964E-005 0.000222686 0.00824948 0.0207856 9.9964E-005 0.0168963 9.9964E-005 0.00118973
9.9918E-005 9.9918E-005 9.9918E-005 9.9918E-005 9.9918E-005 9.9918E-005 9.9918E-005 9.9918E-005 9.9918E-005 9.9918E-005 0.999001
9.9928E-005 9.9928E-005 0.0052354 9.9928E-005 9.9928E-005 9.9928E-005 9.9928E-005 0.991208 9.9928E-005 9.9928E-005 0.00275735
9.99371E-005 0.987935 9.99371E-005 9.99371E-005 9.99371E-005 9.99371E-005 0.00356706 0.00478487 9.99371E-005 0.00301365 9.99371E-005
0.000787929 0.00762007 9.9928E-005 9.9928E-005 9.9928E-005 9.9928E-005 9.9928E-005 9.9928E-005 0.990793 9.9928E-005 9.9928E-005
9.99101E-005 9.99101E-005 9.99101E-005 9.99101E-005 9.99101E-005 9.99101E-005 9.99101E-005 9.99101E-005 9.99101E-005 9.99101E-005 0.999001
9.9928E-005 9.9928E-005 9.9928E-005 9.9928E-005 9.9928E-005 9.9928E-005 0.00156923 9.9928E-005 0.000952307 0.996679 9.9928E-005
9.9946E-005 0.00186792 0.0267388 9.9946E-005 9.9946E-005 9.9946E-005 9.9946E-005 9.9946E-005 0.00295542 0.963329 0.00450888
9.9919E-005 9.9919E-005 9.9919E-005 9.9919E-005 9.9919E-005 9.9919E-005 9.9919E-005 9.9919E-005 0.998506 0.000594916 9.9919E-005
9.9928E-005 9.9928E-005 0.0257967 9.9928E-005 9.9928E-005 9.9928E-005 9.9928E-005 9.9928E-005 9.9928E-005 0.972918 0.000485982
9.99191E-005 0.985829 9.99191E-005 9.99191E-005 9.99191E-005 9.99191E-005 0.0132716 9.99191E-005 9.99191E-005 9.99191E-005 9.99191E-005
0.00891954 0.969967 9.9937E-005 9.9937E-005 9.9937E-005 9.9937E-005 0.00744771 9.9937E-005 0.0129665 9.9937E-005 9.9937E-005
9.9964E-005 0.939593 0.000456848 0.00330478 0.00348815 9.9964E-005 0.0378321 9.9964E-005 0.0130971 0.00182838 9.9964E-005
9.9937E-005 0.99705 9.9937E-005 0.000421097 9.9937E-005 0.00112183 0.000707918 9.9937E-005 9.9937E-005 9.9937E-005 9.9937E-005
9.9937E-005 0.961961 9.9937E-005 9.9937E-005 0.00781019 9.9937E-005 0.0107066 9.9937E-005 0.0188222 9.9937E-005 9.9937E-005
0.00228619 0.955333 0.00466506 0.00786913 9.9964E-005 0.00649624 9.9964E-005 9.9964E-005 0.0197374 9.9964E-005 0.0032128
0.000419418 0.988498 9.9946E-005 9.9946E-005 0.00721105 9.9946E-005 0.00247866 9.9946E-005 9.9946E-005 9.9946E-005 0.000793259
9.99101E-005 9.99101E-005 9.99101E-005 9.99101E-005 9.99101E-005 9.99101E-005 9.99101E-005 9.99101E-005 0.999001 9.99101E-005 9.99101E-005
0.000464732 0.00132611 9.9928E-005 9.9928E-005 9.9928E-005 9.9928E-005 9.9928E-005 9.9928E-005 0.99741 9.9928E-005 9.9928E-005
9.99191E-005 0.99575 9.99191E-005 9.99191E-005 0.00335086 9.99191E-005 9.99191E-005 9.99191E-005 9.99191E-005 9.99191E-005 9.99191E-005
9.9937E-005 0.00532508 9.9937E-005 0.0247118 9.9937E-005 9.9937E-005 9.9937E-005 0.961058 9.9937E-005 0.00820597 9.9937E-005
9.9919E-005 9.9919E-005 9.9919E-005 0.991844 9.9919E-005 9.9919E-005 9.9919E-005 0.00725681 9.9919E-005 9.9919E-005 9.9919E-005
9.99101E-005 9.99101E-005 9.99101E-005 0.999001 9.99101E-005 9.99101E-005 9.99101E-005 9.99101E-005 9.99101E-005 9.99101E-005 9.99101E-005
0.0305211 0.0835173 9.998E-005 0.723898 0.00249446 0.0126583 0.0118243 9.998E-005 0.062129 0.0235349 0.0492224
9.9919E-005 9.9919E-005 9.9919E-005 0.965808 9.9919E-005 9.9919E-005 9.9919E-005 0.0332931 9.9919E-005 9.9919E-005 9.9919E-005
0.00174055 0.00142887 9.9964E-005 9.9964E-005 9.9964E-005 0.00328609 0.00584661 0.97411 9.9964E-005 0.0100702 0.00311776
9.99281E-005 0.00259503 9.99281E-005 9.99281E-005 9.99281E-005 9.99281E-005 9.99281E-005 0.991208 9.99281E-005 0.00539787 9.99281E-005
9.99101E-005 9.99101E-005 9.99101E-005 9.99101E-005 9.99101E-005 9.99101E-005 9.99101E-005 0.999001 9.99101E-005 9.99101E-005 9.99101E-005
9.9919E-005 9.9919E-005 9.9919E-005 0.976366 9.9919E-005 9.9919E-005 9.9919E-005 0.0227351 9.9919E-005 9.9919E-005 9.9919E-005
0.00163801 9.9928E-005 9.9928E-005 9.9928E-005 9.9928E-005 9.9928E-005 9.9928E-005 9.9928E-005 0.997272 0.000290393 9.9928E-005
9.99191E-005 9.99191E-005 0.0197811 9.99191E-005 9.99191E-005 9.99191E-005 9.99191E-005 9.99191E-005 9.99191E-005 0.97932 9.99191E-005
0.0408272 0.10792 0.0258804 0.0250873 9.9991E-005 0.0555808 0.00464879 0.0549028 0.587232 0.0194089 0.0784115
0.000225487 9.9928E-005 9.9928E-005 9.9928E-005 0.000997332 9.9928E-005 9.9928E-005 9.9928E-005 0.997978 9.9928E-005 9.9928E-005
0.00389737 0.0130401 9.9937E-005 9.9937E-005 0.00404505 9.9937E-005 9.9937E-005 9.9937E-005 0.978318 9.9937E-005 9.9937E-005
9.99281E-005 9.99281E-005 9.99281E-005 0.00381886 9.99281E-005 9.99281E-005 9.99281E-005 9.99281E-005 0.00595439 0.989427 9.99281E-005
9.99161E-005 9.99161E-005 9.99161E-005 9.99161E-005 9.99161E-005 9.99161E-005 9.99161E-005 9.99161E-005 9.99161E-005 9.99161E-005 0.999001
0.0145179 0.646326 9.9973E-005 9.9973E-005 0.0147978 0.0309671 0.152079 0.00301001 0.137543 9.9973E-005 0.000458963
9.99101E-005 9.99101E-005 9.99101E-005 9.99101E-005 9.99101E-005 9.99101E-005 9.99101E-005 9.99101E-005 0.999001 9.99101E-005 9.99101E-005
9.99101E-005 9.99101E-005 9.99101E-005 9.99101E-005 9.99101E-005 9.99101E-005 9.99101E-005 9.99101E-005 0.999001 9.99101E-005 9.99101E-005
9.99101E-005 9.99101E-005 9.99101E-005 9.99101E-005 9.99101E-005 9.99101E-005 9.99101E-005 9.99101E-005 0.999001 9.99101E-005 9.99101E-005
9.99101E-005 9.99101E-005 9.99101E-005 9.99101E-005 9.99101E-005 9.99101E-005 9.99101E-005 9.99101E-005 0.999001 9.99101E-005 9.99101E-005
9.99101E-005 9.99101E-005 9.99101E-005 9.99101E-005 9.99101E-005 9.99101E-005 9.99101E-005 9.99101E-005 0.999001 9.99101E-005 9.99101E-005
9.99101E-005 9.99101E-005 9.99101E-005 9.99101E-005 9.99101E-005 9.99101E-005 9.99101E-005 9.99101E-005 0.999001 9.99101E-005 9.99101E-005
