0.0153151 0.000752991 0.0359998 9.9973E-005 9.9973E-005 0.0255761 0.898339 0.0160035 9.9973E-005 0.00771385
0.00937516 0.00357772 0.0360461 0.00165336 9.9982E-005 0.0136674 0.898864 0.0282913 9.9982E-005 0.00832492
0.0592146 0.00184239 0.887797 0.00274604 9.9982E-005 0.0117611 0.00468612 0.0288696 9.9982E-005 0.00288335
0.0582267 9.9955E-005 0.891425 9.9955E-005 9.9955E-005 0.021106 0.00496318 0.0237795 9.9955E-005 9.9955E-005
0.0321725 0.00102249 0.918784 0.00555897 0.000633356 0.00334814 0.00339213 0.0297918 9.9991E-005 0.00519651
9.9928E-005 9.9928E-005 0.99757 9.9928E-005 9.9928E-005 9.9928E-005 0.00163048 9.9928E-005 9.9928E-005 9.9928E-005
9.99201E-005 9.99201E-005 0.999101 9.99201E-005 9.99201E-005 9.99201E-005 9.99201E-005 9.99201E-005 9.99201E-005 9.99201E-005
0.00576767 9.9928E-005 0.993433 9.9928E-005 9.9928E-005 9.9928E-005 9.9928E-005 9.9928E-005 9.9928E-005 9.9928E-005
9.9946E-005 9.9946E-005 9.9946E-005 0.0060343 0.986554 9.9946E-005 0.00475305 9.9946E-005 9.9946E-005 0.00205917
9.9946E-005 9.9946E-005 9.9946E-005 0.00445886 9.9946E-005 9.9946E-005 0.00492665 0.98621 0.00380451 9.9946E-005
9.9946E-005 9.9946E-005 9.9946E-005 0.00200076 0.00227054 9.9946E-005 9.9946E-005 0.99472 0.000409254 9.9946E-005
9.9964E-005 0.789924 9.9964E-005 0.0500534 0.0972227 0.0248201 0.01494 9.9964E-005 0.0226397 9.9964E-005
9.9937E-005 0.00370844 9.9937E-005 0.000340471 9.9937E-005 9.9937E-005 9.9937E-005 0.995252 9.9937E-005 9.9937E-005
9.9928E-005 0.0050572 9.9928E-005 9.9928E-005 9.9928E-005 9.9928E-005 9.9928E-005 0.994143 9.9928E-005 9.9928E-005
9.9946E-005 0.003487 9.9946E-005 0.00164972 9.9946E-005 9.9946E-005 0.00674278 0.987521 9.9946E-005 9.9946E-005
9.9955E-005 0.00229755 9.9955E-005 0.00128225 0.00161024 9.9955E-005 9.9955E-005 0.992459 0.00185116 9.9955E-005
0.0084009 0.778666 9.9982E-005 0.0515333 0.0983982 0.0202378 0.00515547 0.00619604 0.0312127 9.9982E-005
0.973642 9.9955E-005 0.00686314 9.9955E-005 9.9955E-005 0.000751074 0.00517192 0.0130722 9.9955E-005 9.9955E-005
9.99201E-005 9.99201E-005 9.99201E-005 9.99201E-005 9.99201E-005 9.99201E-005 0.999101 9.99201E-005 9.99201E-005 9.99201E-005
0.000774297 9.9928E-005 9.9928E-005 9.9928E-005 9.9928E-005 9.9928E-005 0.998426 9.9928E-005 9.9928E-005 9.9928E-005
9.99201E-005 9.99201E-005 9.99201E-005 9.99201E-005 9.99201E-005 9.99201E-005 0.999101 9.99201E-005 9.99201E-005 9.99201E-005
9.99201E-005 9.99201E-005 9.99201E-005 9.99201E-005 9.99201E-005 9.99201E-005 0.999101 9.99201E-005 9.99201E-005 9.99201E-005
9.9928E-005 9.9928E-005 9.9928E-005 9.9928E-005 0.00101471 9.9928E-005 0.998186 9.9928E-005 9.9928E-005 9.9928E-005
9.99201E-005 9.99201E-005 9.99201E-005 9.99201E-005 9.99201E-005 9.99201E-005 0.999101 9.99201E-005 9.99201E-005 9.99201E-005
9.9928E-005 9.9928E-005 9.9928E-005 9.9928E-005 9.9928E-005 0.00170279 0.997498 9.9928E-005 9.9928E-005 9.9928E-005
9.99201E-005 9.99201E-005 9.99201E-005 9.99201E-005 9.99201E-005 9.99201E-005 0.999101 9.99201E-005 9.99201E-005 9.99201E-005
0.0102636 9.9928E-005 9.9928E-005 9.9928E-005 9.9928E-005 9.9928E-005 0.988937 9.9928E-005 9.9928E-005 9.9928E-005
9.9946E-005 9.9946E-005 9.9946E-005 0.000501664 0.000627921 9.9946E-005 0.995029 9.9946E-005 0.00324221 9.9946E-005
9.9946E-005 9.9946E-005 9.9946E-005 9.9946E-005 0.00172396 0.0833022 0.0241302 9.9946E-005 9.9946E-005 0.890244
9.9973E-005 9.9973E-005 0.0146341 0.00033308 0.000975822 0.0909467 0.00301754 9.9973E-005 0.000170698 0.889622
9.99201E-005 9.99201E-005 9.99201E-005 9.99201E-005 9.99201E-005 9.99201E-005 9.99201E-005 9.99201E-005 9.99201E-005 0.999101
9.99201E-005 9.99201E-005 9.99201E-005 9.99201E-005 9.99201E-005 9.99201E-005 9.99201E-005 9.99201E-005 9.99201E-005 0.999101
9.9928E-005 9.9928E-005 9.9928E-005 9.9928E-005 9.9928E-005 9.9928E-005 0.000822026 9.9928E-005 9.9928E-005 0.998379
0.999101 9.99201E-005 9.99201E-005 9.99201E-005 9.99201E-005 9.99201E-005 9.99201E-005 9.99201E-005 9.99201E-005 9.99201E-005
0.999101 9.99201E-005 9.99201E-005 9.99201E-005 9.99201E-005 9.99201E-005 9.99201E-005 9.99201E-005 9.99201E-005 9.99201E-005
0.999101 9.99201E-005 9.99201E-005 9.99201E-005 9.99201E-005 9.99201E-005 9.99201E-005 9.99201E-005 9.99201E-005 9.99201E-005
0.999101 9.99201E-005 9.99201E-005 9.99201E-005 9.99201E-005 9.99201E-005 9.99201E-005 9.99201E-005 9.99201E-005 9.99201E-005
9.99201E-005 0.999101 9.99201E-005 9.99201E-005 9.99201E-005 9.99201E-005 9.99201E-005 9.99201E-005 9.99201E-005 9.99201E-005
9.9946E-005 0.000150445 9.9946E-005 0.00189438 9.9946E-005 9.9946E-005 9.9946E-005 0.00334794 9.9946E-005 0.994008
0.00190401 9.9964E-005 9.9964E-005 0.00108377 0.00056006 9.9964E-005 9.9964E-005 0.00215142 0.00354431 0.990357
9.9928E-005 9.9928E-005 9.9928E-005 9.9928E-005 9.9928E-005 9.9928E-005 9.9928E-005 9.9928E-005 0.000178495 0.999022
9.9946E-005 9.9946E-005 9.9946E-005 0.00243932 9.9946E-005 9.9946E-005 0.00175136 9.9946E-005 0.000889142 0.99432
9.9937E-005 9.9937E-005 9.9937E-005 0.00504984 0.991612 9.9937E-005 0.0026389 9.9937E-005 9.9937E-005 9.9937E-005
9.9964E-005 0.0106046 9.9964E-005 0.00141544 0.910321 9.9964E-005 0.000322512 0.00916765 0.0677689 9.9964E-005
9.9946E-005 0.00392775 9.9946E-005 0.00130237 0.990582 9.9946E-005 0.00358782 9.9946E-005 9.9946E-005 9.9946E-005
0.00129116 0.00373489 0.00166094 9.9964E-005 0.974859 0.000481836 9.9964E-005 9.9964E-005 0.0175721 9.9964E-005
9.9946E-005 9.9946E-005 0.00274229 0.003383 0.984302 0.00897324 9.9946E-005 9.9946E-005 9.9946E-005 9.9946E-005
9.9937E-005 9.9937E-005 9.9937E-005 9.9937E-005 0.987323 0.00410544 9.9937E-005 9.9937E-005 0.00787177 9.9937E-005
9.9946E-005 0.0023398 9.9946E-005 0.00329807 0.990248 9.9946E-005 9.9946E-005 0.00351494 9.9946E-005 9.9946E-005
9.9937E-005 0.00601677 9.9937E-005 9.9937E-005 0.978713 9.9937E-005 9.9937E-005 9.9937E-005 0.014571 9.9937E-005
9.9946E-005 9.9946E-005 0.00743997 0.000220974 9.9946E-005 9.9946E-005 9.9946E-005 0.989745 0.00199451 9.9946E-005
0.00248405 9.9964E-005 0.00953506 0.00181518 9.9964E-005 0.011567 0.00465085 0.969548 9.9964E-005 9.9964E-005
0.0130745 9.9964E-005 0.0242079 9.9964E-005 9.9964E-005 0.00106283 0.00203847 0.958588 9.9964E-005 0.000627998
0.00636915 9.9937E-005 9.9937E-005 9.9937E-005 9.9937E-005 0.000270546 9.9937E-005 0.992661 9.9937E-005 9.9937E-005
9.9955E-005 0.00463119 9.9955E-005 0.00655603 0.00173483 9.9955E-005 0.00699164 0.979587 9.9955E-005 9.9955E-005
9.99201E-005 9.99201E-005 9.99201E-005 9.99201E-005 9.99201E-005 9.99201E-005 9.99201E-005 0.999101 9.99201E-005 9.99201E-005
9.99201E-005 9.99201E-005 9.99201E-005 0.999101 9.99201E-005 9.99201E-005 9.99201E-005 9.99201E-005 9.99201E-005 9.99201E-005
9.99201E-005 9.99201E-005 9.99201E-005 9.99201E-005 0.999101 9.99201E-005 9.99201E-005 9.99201E-005 9.99201E-005 9.99201E-005
9.9955E-005 0.00543372 9.9955E-005 0.98915 9.9955E-005 0.00391916 0.000847542 9.9955E-005 9.9955E-005 0.000149998
9.99201E-005 9.99201E-005 9.99201E-005 9.99201E-005 0.999101 9.99201E-005 9.99201E-005 9.99201E-005 9.99201E-005 9.99201E-005
9.99201E-005 9.99201E-005 9.99201E-005 9.99201E-005 0.999101 9.99201E-005 9.99201E-005 9.99201E-005 9.99201E-005 9.99201E-005
0.0496635 9.9964E-005 0.902304 9.9964E-005 9.9964E-005 0.0137194 0.00920074 0.0191542 9.9964E-005 0.00555881
9.99201E-005 9.99201E-005 0.999101 9.99201E-005 9.99201E-005 9.99201E-005 9.99201E-005 9.99201E-005 9.99201E-005 9.99201E-005
9.99201E-005 9.99201E-005 0.999101 9.99201E-005 9.99201E-005 9.99201E-005 9.99201E-005 9.99201E-005 9.99201E-005 9.99201E-005
0.0233817 9.9973E-005 0.917004 0.00317298 0.00372585 0.0079461 0.000849137 0.0436202 9.9973E-005 9.9973E-005
0.0267878 9.9973E-005 0.920076 0.00198594 9.9973E-005 0.0128924 0.000764833 0.0308083 9.9973E-005 0.00638495
9.9936E-005 9.9936E-005 0.994506 9.9936E-005 9.9936E-005 0.00469448 9.9936E-005 9.9936E-005 9.9936E-005 9.9936E-005
0.000908916 9.9928E-005 9.9928E-005 9.9928E-005 0.998292 9.9928E-005 9.9928E-005 9.9928E-005 9.9928E-005 9.9928E-005
9.9964E-005 0.00282938 9.9964E-005 0.00976407 0.915809 0.00282704 0.00196037 9.9964E-005 0.0664101 9.9964E-005
9.9937E-005 9.9937E-005 0.000527523 9.9937E-005 0.998353 0.000419596 9.9937E-005 9.9937E-005 9.9937E-005 9.9937E-005
9.9937E-005 9.9937E-005 9.9937E-005 0.00522801 0.992798 9.9937E-005 0.00127426 9.9937E-005 9.9937E-005 9.9937E-005
9.9928E-005 9.9928E-005 9.9928E-005 0.0013826 0.997818 9.9928E-005 9.9928E-005 9.9928E-005 9.9928E-005 9.9928E-005
9.9937E-005 0.00128442 9.9937E-005 9.9937E-005 0.987218 9.9937E-005 9.9937E-005 9.9937E-005 0.0107984 9.9937E-005
9.9946E-005 0.00531231 9.9946E-005 9.9946E-005 0.932403 9.9946E-005 0.000971116 9.9946E-005 0.0607137 9.9946E-005
9.9937E-005 0.0167236 9.9937E-005 9.9937E-005 0.909871 9.9937E-005 9.9937E-005 9.9937E-005 0.0727055 9.9937E-005
9.9955E-005 0.00868402 9.9955E-005 0.00475146 0.920291 9.9955E-005 9.9955E-005 0.0014221 0.0643513 9.9955E-005
9.9937E-005 9.9937E-005 0.00125934 9.9937E-005 0.996698 9.9937E-005 0.00134311 9.9937E-005 9.9937E-005 9.9937E-005
9.9937E-005 0.0162921 9.9937E-005 9.9937E-005 0.917668 9.9937E-005 9.9937E-005 9.9937E-005 0.0653405 9.9937E-005
9.99371E-005 0.0115625 9.99371E-005 9.99371E-005 0.876327 9.99371E-005 9.99371E-005 9.99371E-005 0.111411 9.99371E-005
9.9955E-005 0.00298354 9.9955E-005 0.00924467 0.934381 0.00853984 9.9955E-005 9.9955E-005 0.0443511 9.9955E-005
9.9946E-005 0.0077607 9.9946E-005 0.00326691 0.918364 9.9946E-005 9.9946E-005 9.9946E-005 0.0700086 9.9946E-005
0.0550952 0.00178562 0.892484 9.9973E-005 9.9973E-005 0.00824442 0.00759674 0.0335644 9.9973E-005 0.000930042
0.910845 9.9982E-005 0.0384403 0.00107443 9.9982E-005 0.00175795 0.00582119 0.033373 0.00067235 0.00781623
0.999101 9.99201E-005 9.99201E-005 9.99201E-005 9.99201E-005 9.99201E-005 9.99201E-005 9.99201E-005 9.99201E-005 9.99201E-005
9.9928E-005 0.998048 9.9928E-005 9.9928E-005 9.9928E-005 9.9928E-005 9.9928E-005 9.9928E-005 0.00115228 9.9928E-005
9.99201E-005 0.999101 9.99201E-005 9.99201E-005 9.99201E-005 9.99201E-005 9.99201E-005 9.99201E-005 9.99201E-005 9.99201E-005
0.996348 9.99295E-005 9.99295E-005 9.99295E-005 9.99295E-005 9.99295E-005 9.99295E-005 9.99295E-005 0.00285225 9.99295E-005
0.453298 9.9991E-005 0.313618 0.0064248 0.00101553 0.0290202 0.0389614 0.135242 0.00471722 0.0176026
0.339446 0.0320422 0.222971 0.0665897 0.0669407 0.00240986 0.0407886 0.151868 0.0130236 0.0639213
9.99201E-005 9.99201E-005 9.99201E-005 9.99201E-005 9.99201E-005 0.999101 9.99201E-005 9.99201E-005 9.99201E-005 9.99201E-005
9.9937E-005 9.9937E-005 0.00477668 9.9937E-005 9.9937E-005 0.966975 9.9937E-005 9.9937E-005 9.9937E-005 0.0275488
9.99201E-005 0.999101 9.99201E-005 9.99201E-005 9.99201E-005 9.99201E-005 9.99201E-005 9.99201E-005 9.99201E-005 9.99201E-005
9.99201E-005 0.999101 9.99201E-005 9.99201E-005 9.99201E-005 9.99201E-005 9.99201E-005 9.99201E-005 9.99201E-005 9.99201E-005
9.9928E-005 9.9928E-005 9.9928E-005 0.000148524 9.9928E-005 0.999052 9.9928E-005 9.9928E-005 9.9928E-005 9.9928E-005
0.439771 0.00215883 0.33362 9.9973E-005 9.9973E-005 0.0232708 0.0439 0.130183 9.9973E-005 0.0267972
9.99201E-005 0.999101 9.99201E-005 9.99201E-005 9.99201E-005 9.99201E-005 9.99201E-005 9.99201E-005 9.99201E-005 9.99201E-005
9.99201E-005 9.99201E-005 9.99201E-005 9.99201E-005 9.99201E-005 0.999101 9.99201E-005 9.99201E-005 9.99201E-005 9.99201E-005
0.918107 9.9982E-005 0.0284718 0.00755189 9.9982E-005 0.000443179 0.000223753 0.0293721 0.00441624 0.0112136
0.972595 9.9946E-005 0.0111613 9.9946E-005 9.9946E-005 9.9946E-005 9.9946E-005 0.0133411 9.9946E-005 0.00230264
0.444411 0.0145272 0.234972 0.0416501 0.0315446 0.0165355 0.0463693 0.137066 0.00660087 0.0263222
0.145009 9.9982E-005 0.136136 0.0106822 0.0101564 0.206346 0.270487 0.104903 9.9982E-005 0.11608
0.966489 9.9955E-005 0.0144561 9.9955E-005 0.000546979 9.9955E-005 9.9955E-005 0.010134 9.9955E-005 0.0078745
0.952538 9.9964E-005 0.00361931 9.9964E-005 9.9964E-005 0.0111313 0.00557893 0.0218321 9.9964E-005 0.00490051
0.965453 9.9982E-005 0.00575673 0.000118158 0.00169822 9.9982E-005 0.00551938 0.00958491 0.00211249 0.00955698
9.9937E-005 0.99039 9.9937E-005 0.0033733 9.9937E-005 9.9937E-005 0.00553724 9.9937E-005 9.9937E-005 9.9937E-005
0.959177 9.9964E-005 0.0181516 9.9964E-005 9.9964E-005 0.000852312 0.00910735 0.00558994 9.9964E-005 0.00672186
9.99201E-005 0.999101 9.99201E-005 9.99201E-005 9.99201E-005 9.99201E-005 9.99201E-005 9.99201E-005 9.99201E-005 9.99201E-005
0.999101 9.99201E-005 9.99201E-005 9.99201E-005 9.99201E-005 9.99201E-005 9.99201E-005 9.99201E-005 9.99201E-005 9.99201E-005
9.99201E-005 0.999101 9.99201E-005 9.99201E-005 9.99201E-005 9.99201E-005 9.99201E-005 9.99201E-005 9.99201E-005 9.99201E-005
9.9946E-005 0.00253703 9.9946E-005 0.000752018 9.9946E-005 0.00466718 9.9946E-005 9.9946E-005 9.9946E-005 0.991444
0.999101 9.99201E-005 9.99201E-005 9.99201E-005 9.99201E-005 9.99201E-005 9.99201E-005 9.99201E-005 9.99201E-005 9.99201E-005
0.000825161 9.9964E-005 0.0131015 9.9964E-005 9.9964E-005 0.0856663 0.0308729 0.00588239 9.9964E-005 0.863252
0.995165 9.9928E-005 9.9928E-005 9.9928E-005 9.9928E-005 0.00403516 9.9928E-005 9.9928E-005 9.9928E-005 9.9928E-005
0.985388 9.9964E-005 9.9964E-005 0.000965264 9.9964E-005 0.00216939 0.00378297 0.00694316 9.9964E-005 0.000350967
0.999101 9.99201E-005 9.99201E-005 9.99201E-005 9.99201E-005 9.99201E-005 9.99201E-005 9.99201E-005 9.99201E-005 9.99201E-005
0.999101 9.99201E-005 9.99201E-005 9.99201E-005 9.99201E-005 9.99201E-005 9.99201E-005 9.99201E-005 9.99201E-005 9.99201E-005
9.99201E-005 0.999101 9.99201E-005 9.99201E-005 9.99201E-005 9.99201E-005 9.99201E-005 9.99201E-005 9.99201E-005 9.99201E-005
0.000619501 9.9955E-005 0.960959 9.9955E-005 9.9955E-005 9.9955E-005 0.0212223 0.0152368 9.9955E-005 0.00146263
0.00090534 9.9955E-005 0.964513 9.9955E-005 9.9955E-005 0.000356277 0.0103016 0.0234244 9.9955E-005 9.9955E-005
0.0356931 0.00315946 0.914779 9.9973E-005 9.9973E-005 0.00602992 0.00303036 0.0324619 9.9973E-005 0.00454601
9.99384E-005 0.002782 9.99384E-005 9.99384E-005 9.99384E-005 9.99384E-005 9.99384E-005 0.99493 9.99384E-005 0.00158832
9.9955E-005 0.973456 0.00628721 0.00176474 9.9955E-005 9.9955E-005 9.9955E-005 0.00480023 0.0131923 9.9955E-005
0.019286 9.9946E-005 0.0182 9.9946E-005 9.9946E-005 0.00252323 9.9946E-005 0.959391 9.9946E-005 9.9946E-005
9.9928E-005 9.9928E-005 9.9928E-005 9.9928E-005 9.9928E-005 9.9928E-005 9.9928E-005 0.996388 9.9928E-005 0.00281295
0.0068473 9.99704E-005 0.0163605 0.00142281 9.99704E-005 9.99704E-005 0.00292108 0.969157 9.99704E-005 0.0028918
9.9937E-005 9.9937E-005 9.9937E-005 9.9937E-005 9.9937E-005 9.9937E-005 9.9937E-005 0.995555 0.00196545 0.00178036
0.00817049 9.9928E-005 9.9928E-005 9.9928E-005 9.9928E-005 9.9928E-005 9.9928E-005 0.99103 9.9928E-005 9.9928E-005
0.00814996 9.9928E-005 9.9928E-005 9.9928E-005 9.9928E-005 9.9928E-005 9.9928E-005 9.9928E-005 9.9928E-005 0.991051
9.99201E-005 9.99201E-005 9.99201E-005 9.99201E-005 9.99201E-005 9.99201E-005 9.99201E-005 9.99201E-005 9.99201E-005 0.999101
9.9928E-005 9.9928E-005 0.000265335 9.9928E-005 9.9928E-005 9.9928E-005 9.9928E-005 9.9928E-005 9.9928E-005 0.998935
0.00160328 0.00260878 0.0009815 0.00229945 9.9964E-005 9.9964E-005 9.9964E-005 0.0011744 9.9964E-005 0.990933
0.00165862 0.0310448 0.000941035 9.9964E-005 9.9964E-005 0.00663331 9.9964E-005 0.950797 9.9964E-005 0.00852551
9.9955E-005 9.9955E-005 0.0192369 9.9955E-005 9.9955E-005 0.0801943 0.00028221 0.00946277 9.9955E-005 0.890324
9.99201E-005 9.99201E-005 9.99201E-005 9.99201E-005 9.99201E-005 9.99201E-005 9.99201E-005 0.999101 9.99201E-005 9.99201E-005
0.0101851 0.000770919 0.00617848 9.9964E-005 9.9964E-005 0.00258273 0.00973733 0.970146 9.9964E-005 9.9964E-005
0.0197144 9.9946E-005 0.00151763 9.9946E-005 9.9946E-005 0.000220926 9.9946E-005 0.977947 9.9946E-005 9.9946E-005
0.0113652 0.00268174 9.9937E-005 9.9937E-005 9.9937E-005 9.9937E-005 9.9937E-005 0.985253 9.9937E-005 9.9937E-005
0.00382542 9.9937E-005 0.0170957 9.9937E-005 9.9937E-005 9.9937E-005 9.9937E-005 0.978379 9.9937E-005 9.9937E-005
9.9955E-005 9.9955E-005 9.9955E-005 0.00191789 9.9955E-005 9.9955E-005 0.00764155 0.988455 0.000129351 0.00135663
0.0093684 0.00259335 0.0118189 9.9973E-005 9.9973E-005 0.0024975 0.00681814 0.965421 9.9973E-005 0.00118247
0.0209822 9.9946E-005 0.0147087 9.9946E-005 9.9946E-005 0.00205897 9.9946E-005 0.96165 9.9946E-005 9.9946E-005
0.000305198 9.9982E-005 0.038078 0.00170442 0.00193739 0.00147616 0.01087 0.944163 0.00126612 9.9982E-005
9.9955E-005 9.9955E-005 0.0298972 0.00146111 9.9955E-005 9.9955E-005 9.9955E-005 0.960297 0.00343935 0.0044052
9.9946E-005 9.9946E-005 9.9946E-005 9.9946E-005 9.9946E-005 0.000867835 0.00705506 0.989342 9.9946E-005 0.00213506
9.9946E-005 9.9946E-005 9.9946E-005 9.9946E-005 0.00208721 9.9946E-005 0.00748884 0.986365 9.9946E-005 0.00345936
0.0165552 9.9946E-005 0.0150117 9.9946E-005 9.9946E-005 0.00302396 9.9946E-005 0.964809 9.9946E-005 9.9946E-005
0.0215736 9.9955E-005 0.0103848 9.9955E-005 0.00055403 0.00242639 9.9955E-005 0.964561 9.9955E-005 9.9955E-005
0.0117053 9.9955E-005 0.00344736 9.9955E-005 9.9955E-005 9.9955E-005 0.00454644 0.973017 9.9955E-005 0.00678436
9.9982E-005 0.00125236 0.0120951 0.00883969 0.00347313 0.011099 9.9982E-005 0.953371 0.00748801 0.00218218
9.9955E-005 0.00620558 0.00134135 9.9955E-005 0.977663 9.9955E-005 9.9955E-005 0.00148053 0.0128102 9.9955E-005
9.9946E-005 9.9946E-005 9.9946E-005 0.00061194 0.988616 9.9946E-005 9.9946E-005 0.000956691 0.00921533 9.9946E-005
9.9937E-005 9.9937E-005 9.9937E-005 9.9937E-005 0.995774 9.9937E-005 9.9937E-005 0.00148836 9.9937E-005 0.00203761
9.9964E-005 9.9964E-005 0.00707908 0.00598398 0.000814507 9.9964E-005 9.9964E-005 0.97122 0.00577018 0.0087321
0.122096 0.0160966 0.10728 0.0234848 0.0195659 0.245717 0.259249 0.116506 0.00630321 0.0837015
9.9955E-005 0.00575364 9.9955E-005 0.989934 9.9955E-005 9.9955E-005 0.00251977 9.9955E-005 0.000632656 0.0006603
9.9937E-005 9.9937E-005 9.9937E-005 0.996329 0.000991381 0.00197972 9.9937E-005 9.9937E-005 9.9937E-005 9.9937E-005
9.9928E-005 9.9928E-005 9.9928E-005 0.998648 9.9928E-005 9.9928E-005 9.9928E-005 0.000552661 9.9928E-005 9.9928E-005
9.9937E-005 0.00223889 9.9937E-005 0.991559 0.00550234 9.9937E-005 9.9937E-005 9.9937E-005 9.9937E-005 9.9937E-005
9.9946E-005 0.00205292 0.000877599 0.994762 9.9946E-005 9.9946E-005 9.9946E-005 9.9946E-005 0.0017076 9.9946E-005
9.99201E-005 9.99201E-005 9.99201E-005 0.999101 9.99201E-005 9.99201E-005 9.99201E-005 9.99201E-005 9.99201E-005 9.99201E-005
9.9928E-005 9.9928E-005 9.9928E-005 9.9928E-005 0.0219274 9.9928E-005 9.9928E-005 9.9928E-005 0.977273 9.9928E-005
9.9935E-005 9.9935E-005 9.9935E-005 0.998458 9.9935E-005 9.9935E-005 9.9935E-005 9.9935E-005 9.9935E-005 0.000742784
9.9946E-005 9.9946E-005 0.000882297 9.9946E-005 0.995527 9.9946E-005 9.9946E-005 0.000640151 9.9946E-005 0.00235108
9.9973E-005 9.9973E-005 0.00558481 0.977596 0.00529864 9.9973E-005 0.00313663 0.000357431 0.00326056 0.00446554
9.99281E-005 9.99281E-005 9.99281E-005 0.994996 0.00420444 9.99281E-005 9.99281E-005 9.99281E-005 9.99281E-005 9.99281E-005
9.99201E-005 9.99201E-005 9.99201E-005 0.999101 9.99201E-005 9.99201E-005 9.99201E-005 9.99201E-005 9.99201E-005 9.99201E-005
9.99201E-005 9.99201E-005 9.99201E-005 0.999101 9.99201E-005 9.99201E-005 9.99201E-005 9.99201E-005 9.99201E-005 9.99201E-005
0.0129119 0.00255405 0.0149901 9.99839E-005 0.00162104 0.00962239 0.00252944 0.952515 9.99839E-005 0.00305598
9.99201E-005 9.99201E-005 9.99201E-005 0.999101 9.99201E-005 9.99201E-005 9.99201E-005 9.99201E-005 9.99201E-005 9.99201E-005
0.00189189 9.9937E-005 9.9937E-005 0.00376803 0.993641 9.9937E-005 9.9937E-005 9.9937E-005 9.9937E-005 9.9937E-005
0.0104303 0.00292148 0.00719024 9.9955E-005 0.0026534 9.9955E-005 9.9955E-005 0.976305 9.9955E-005 9.9955E-005
9.9946E-005 9.9946E-005 0.979667 9.9946E-005 9.9946E-005 0.00538469 0.00326343 0.0110847 9.9946E-005 9.9946E-005
9.99201E-005 9.99201E-005 9.99201E-005 0.999101 9.99201E-005 9.99201E-005 9.99201E-005 9.99201E-005 9.99201E-005 9.99201E-005
9.99201E-005 0.999101 9.99201E-005 9.99201E-005 9.99201E-005 9.99201E-005 9.99201E-005 9.99201E-005 9.99201E-005 9.99201E-005
9.9937E-005 0.993246 0.00386302 0.00219115 9.9937E-005 9.9937E-005 9.9937E-005 9.9937E-005 9.9937E-005 9.9937E-005
9.99201E-005 9.99201E-005 0.999101 9.99201E-005 9.99201E-005 9.99201E-005 9.99201E-005 9.99201E-005 9.99201E-005 9.99201E-005
9.99201E-005 0.999101 9.99201E-005 9.99201E-005 9.99201E-005 9.99201E-005 9.99201E-005 9.99201E-005 9.99201E-005 9.99201E-005
0.00557956 9.9928E-005 9.9928E-005 9.9928E-005 9.9928E-005 9.9928E-005 9.9928E-005 0.993621 9.9928E-005 9.9928E-005
0.0106196 9.9955E-005 0.00533974 9.9955E-005 9.9955E-005 0.000706016 9.9955E-005 0.978501 9.9955E-005 0.00433379
0.0362225 0.000590168 0.0155938 0.00104373 0.000150971 0.0048933 0.00852455 0.930266 9.9991E-005 0.00261542
9.9937E-005 9.9937E-005 9.9937E-005 9.9937E-005 9.9937E-005 0.000213648 9.9937E-005 0.995261 9.9937E-005 0.0038262
0.00654736 9.9946E-005 0.0217713 9.9946E-005 9.9946E-005 0.00743586 9.9946E-005 0.963646 9.9946E-005 9.9946E-005
0.0172307 0.00226763 9.9973E-005 0.00299457 9.9973E-005 0.00321955 0.00174206 0.969438 0.00280765 9.9973E-005
9.9937E-005 9.9937E-005 9.9937E-005 9.9937E-005 9.9937E-005 9.9937E-005 9.9937E-005 0.992648 0.000122321 0.00652981
0.0130503 9.9946E-005 0.978997 9.9946E-005 9.9946E-005 9.9946E-005 0.0051041 0.0022487 9.9946E-005 9.9946E-005
9.9928E-005 9.9928E-005 0.99864 9.9928E-005 9.9928E-005 9.9928E-005 9.9928E-005 9.9928E-005 0.000560963 9.9928E-005
9.9928E-005 9.9928E-005 0.00166614 9.9928E-005 9.9928E-005 9.9928E-005 9.9928E-005 0.997534 9.9928E-005 9.9928E-005
9.9955E-005 0.00141697 0.00271314 9.9955E-005 0.975949 9.9955E-005 9.9955E-005 0.00247748 0.0169435 9.9955E-005
9.9928E-005 9.9928E-005 9.9928E-005 9.9928E-005 0.0148019 9.9928E-005 9.9928E-005 9.9928E-005 0.984399 9.9928E-005
9.99201E-005 9.99201E-005 9.99201E-005 9.99201E-005 9.99201E-005 9.99201E-005 9.99201E-005 9.99201E-005 0.999101 9.99201E-005
0.0359617 0.00854111 0.0482044 0.0543148 9.9982E-005 9.9982E-005 0.0215761 0.0680072 0.737029 0.0261661
9.9928E-005 9.9928E-005 9.9928E-005 9.9928E-005 0.0189084 9.9928E-005 9.9928E-005 9.9928E-005 0.980292 9.9928E-005
9.9964E-005 0.00455303 0.012566 0.00158287 0.978467 0.00196116 9.9964E-005 9.9964E-005 9.9964E-005 0.000470158
9.99281E-005 0.00644114 9.99281E-005 9.99281E-005 0.992759 9.99281E-005 9.99281E-005 9.99281E-005 9.99281E-005 9.99281E-005
9.99201E-005 9.99201E-005 9.99201E-005 9.99201E-005 0.999101 9.99201E-005 9.99201E-005 9.99201E-005 9.99201E-005 9.99201E-005
9.9928E-005 9.9928E-005 9.9928E-005 9.9928E-005 0.0275264 9.9928E-005 9.9928E-005 9.9928E-005 0.971674 9.9928E-005
9.99201E-005 9.99201E-005 0.999101 9.99201E-005 9.99201E-005 9.99201E-005 9.99201E-005 9.99201E-005 9.99201E-005 9.99201E-005
9.99201E-005 0.999101 9.99201E-005 9.99201E-005 9.99201E-005 9.99201E-005 9.99201E-005 9.99201E-005 9.99201E-005 9.99201E-005
0.040189 0.0372631 0.566423 0.0790242 0.0590566 9.9991E-005 0.0323667 0.10838 0.0327124 0.0444856
9.9928E-005 9.9928E-005 0.99274 9.9928E-005 9.9928E-005 0.00646093 9.9928E-005 9.9928E-005 9.9928E-005 9.9928E-005
9.9946E-005 9.9946E-005 0.981027 9.9946E-005 0.00147936 9.9946E-005 9.9946E-005 0.010529 9.9946E-005 0.00636517
9.99201E-005 0.999101 9.99201E-005 9.99201E-005 9.99201E-005 9.99201E-005 9.99201E-005 9.99201E-005 9.99201E-005 9.99201E-005
9.9928E-005 9.9928E-005 9.9928E-005 0.997097 9.9928E-005 9.9928E-005 9.9928E-005 0.00210336 9.9928E-005 9.9928E-005
0.142391 9.99765E-005 0.139219 9.99765E-005 0.00123557 0.0142978 0.0328757 0.643139 9.99765E-005 0.0265418
9.99201E-005 9.99201E-005 0.999101 9.99201E-005 9.99201E-005 9.99201E-005 9.99201E-005 9.99201E-005 9.99201E-005 9.99201E-005
9.99201E-005 9.99201E-005 0.999101 9.99201E-005 9.99201E-005 9.99201E-005 9.99201E-005 9.99201E-005 9.99201E-005 9.99201E-005
9.99201E-005 9.99201E-005 0.999101 9.99201E-005 9.99201E-005 9.99201E-005 9.99201E-005 9.99201E-005 9.99201E-005 9.99201E-005
9.99201E-005 9.99201E-005 0.999101 9.99201E-005 9.99201E-005 9.99201E-005 9.99201E-005 9.99201E-005 9.99201E-005 9.99201E-005
9.99201E-005 9.99201E-005 0.999101 9.99201E-005 9.99201E-005 9.99201E-005 9.99201E-005 9.99201E-005 9.99201E-005 9.99201E-005
9.99201E-005 9.99201E-005 0.999101 9.99201E-005 9.99201E-005 9.99201E-005 9.99201E-005 9.99201E-005 9.99201E-005 9.99201E-005
