0.0316397 0.00128402 9.9964E-005 0.00211711 0.0231425 9.9964E-005 0.0129773 0.0148264 0.0133681 9.9964E-005 0.900245 9.9964E-005
0.0411515 9.9964E-005 9.9964E-005 0.00132561 0.0172061 9.9964E-005 0.00970441 0.0262713 0.00464643 0.00085537 0.898439 9.9964E-005
0.873332 9.9973E-005 0.00022426 0.00425955 0.00461179 9.9973E-005 0.0165394 0.0297744 0.0620056 9.9973E-005 0.00473297 0.0042201
0.881975 9.9937E-005 9.9937E-005 9.9937E-005 9.9937E-005 9.9937E-005 0.0233796 0.0230421 0.0702633 9.9937E-005 0.00064025 9.9937E-005
0.908108 9.9955E-005 0.00262515 9.9955E-005 0.0124954 0.0027237 9.9955E-005 0.0333211 0.035945 9.9955E-005 0.00428152 9.9955E-005
0.990948 9.991E-005 9.991E-005 9.991E-005 9.991E-005 9.991E-005 9.991E-005 9.991E-005 0.00805336 9.991E-005 9.991E-005 9.991E-005
0.998901 9.99011E-005 9.99011E-005 9.99011E-005 9.99011E-005 9.99011E-005 9.99011E-005 9.99011E-005 9.99011E-005 9.99011E-005 9.99011E-005 9.99011E-005
0.998901 9.99011E-005 9.99011E-005 9.99011E-005 9.99011E-005 9.99011E-005 9.99011E-005 9.99011E-005 9.99011E-005 9.99011E-005 9.99011E-005 9.99011E-005
9.9919E-005 0.00910372 0.00667695 9.9919E-005 9.9919E-005 0.98332 9.9919E-005 9.9919E-005 9.9919E-005 9.9919E-005 9.9919E-005 9.9919E-005
9.99191E-005 9.99191E-005 0.00340487 9.99191E-005 9.99191E-005 0.00432957 9.99191E-005 0.991366 9.99191E-005 9.99191E-005 9.99191E-005 9.99191E-005
9.9928E-005 9.9928E-005 0.00143555 9.9928E-005 9.9928E-005 9.9928E-005 9.9928E-005 0.991335 9.9928E-005 0.00211255 9.9928E-005 0.00431726
9.99191E-005 0.997929 0.000982067 9.99191E-005 9.99191E-005 9.99191E-005 9.99191E-005 9.99191E-005 9.99191E-005 9.99191E-005 9.99191E-005 0.000189625
9.99101E-005 9.99101E-005 9.99101E-005 9.99101E-005 9.99101E-005 0.00273462 9.99101E-005 0.996266 9.99101E-005 9.99101E-005 9.99101E-005 9.99101E-005
9.99191E-005 9.99191E-005 0.00185587 9.99191E-005 9.99191E-005 9.99191E-005 9.99191E-005 0.995115 9.99191E-005 9.99191E-005 9.99191E-005 0.00212951
9.9928E-005 9.9928E-005 0.000697236 9.9928E-005 9.9928E-005 9.9928E-005 9.9928E-005 0.99334 9.9928E-005 9.9928E-005 0.000725957 0.00443727
9.9928E-005 9.9928E-005 0.00330727 9.9928E-005 9.9928E-005 0.00366308 9.9928E-005 0.991825 9.9928E-005 9.9928E-005 9.9928E-005 0.000405483
9.99011E-005 0.998901 9.99011E-005 9.99011E-005 9.99011E-005 9.99011E-005 9.99011E-005 9.99011E-005 9.99011E-005 9.99011E-005 9.99011E-005 9.99011E-005
0.0133848 9.9946E-005 9.9946E-005 9.9946E-005 0.000516289 9.9946E-005 0.0040117 0.0128801 0.961755 9.9946E-005 0.0068529 9.9946E-005
9.991E-005 9.991E-005 9.991E-005 9.991E-005 9.991E-005 9.991E-005 9.991E-005 9.991E-005 9.991E-005 9.991E-005 0.998301 0.000699671
9.9919E-005 9.9919E-005 0.00129921 9.9919E-005 9.9919E-005 9.9919E-005 9.9919E-005 9.9919E-005 9.9919E-005 0.00222586 0.995576 9.9919E-005
9.99011E-005 9.99011E-005 9.99011E-005 9.99011E-005 9.99011E-005 9.99011E-005 9.99011E-005 9.99011E-005 9.99011E-005 9.99011E-005 0.998901 9.99011E-005
9.99011E-005 9.99011E-005 9.99011E-005 9.99011E-005 9.99011E-005 9.99011E-005 9.99011E-005 9.99011E-005 9.99011E-005 9.99011E-005 0.998901 9.99011E-005
9.991E-005 9.991E-005 9.991E-005 9.991E-005 9.991E-005 9.991E-005 9.991E-005 9.991E-005 9.991E-005 9.991E-005 0.998661 0.000339644
9.99011E-005 9.99011E-005 9.99011E-005 9.99011E-005 9.99011E-005 9.99011E-005 9.99011E-005 9.99011E-005 9.99011E-005 9.99011E-005 0.998901 9.99011E-005
9.99011E-005 9.99011E-005 9.99011E-005 9.99011E-005 9.99011E-005 9.99011E-005 9.99011E-005 9.99011E-005 9.99011E-005 9.99011E-005 0.998901 9.99011E-005
9.99011E-005 9.99011E-005 9.99011E-005 9.99011E-005 9.99011E-005 9.99011E-005 9.99011E-005 9.99011E-005 9.99011E-005 9.99011E-005 0.998901 9.99011E-005
0.00115504 9.991E-005 9.991E-005 9.991E-005 9.991E-005 9.991E-005 9.991E-005 9.991E-005 9.991E-005 9.991E-005 0.997846 9.991E-005
9.9919E-005 9.9919E-005 0.00295691 9.9919E-005 9.9919E-005 9.9919E-005 9.9919E-005 9.9919E-005 9.9919E-005 9.9919E-005 0.994011 0.00213279
0.00896582 0.00281041 9.9946E-005 9.9946E-005 0.880661 9.9946E-005 0.0849479 0.00406897 9.9946E-005 9.9946E-005 0.0179458 9.9946E-005
0.010184 9.9937E-005 9.9937E-005 9.9937E-005 0.882537 9.9937E-005 0.0909518 0.00150819 9.9937E-005 9.9937E-005 0.0141194 9.9937E-005
9.99011E-005 9.99011E-005 9.99011E-005 9.99011E-005 0.998901 9.99011E-005 9.99011E-005 9.99011E-005 9.99011E-005 9.99011E-005 9.99011E-005 9.99011E-005
9.99011E-005 9.99011E-005 9.99011E-005 9.99011E-005 0.998901 9.99011E-005 9.99011E-005 9.99011E-005 9.99011E-005 9.99011E-005 9.99011E-005 9.99011E-005
9.99011E-005 9.99011E-005 9.99011E-005 9.99011E-005 0.998901 9.99011E-005 9.99011E-005 9.99011E-005 9.99011E-005 9.99011E-005 9.99011E-005 9.99011E-005
9.99011E-005 9.99011E-005 9.99011E-005 9.99011E-005 9.99011E-005 9.99011E-005 9.99011E-005 9.99011E-005 0.998901 9.99011E-005 9.99011E-005 9.99011E-005
9.99011E-005 9.99011E-005 9.99011E-005 9.99011E-005 9.99011E-005 9.99011E-005 9.99011E-005 9.99011E-005 0.998901 9.99011E-005 9.99011E-005 9.99011E-005
9.99011E-005 9.99011E-005 9.99011E-005 9.99011E-005 9.99011E-005 9.99011E-005 9.99011E-005 9.99011E-005 0.998901 9.99011E-005 9.99011E-005 9.99011E-005
9.99011E-005 9.99011E-005 9.99011E-005 9.99011E-005 9.99011E-005 9.99011E-005 9.99011E-005 9.99011E-005 0.998901 9.99011E-005 9.99011E-005 9.99011E-005
9.9928E-005 0.0227404 0.00258494 0.00532775 9.9928E-005 9.9928E-005 9.9928E-005 9.9928E-005 9.9928E-005 9.9928E-005 9.9928E-005 0.968547
9.99444E-005 9.99444E-005 9.99444E-005 9.99444E-005 0.996381 9.99444E-005 9.99444E-005 0.00167306 0.000526385 0.000169488 9.99444E-005 0.000550445
9.9937E-005 9.9937E-005 0.000543073 0.000464436 0.986881 9.9937E-005 9.9937E-005 0.00773858 0.00367348 9.9937E-005 9.9937E-005 9.9937E-005
0.00422219 9.99191E-005 0.00115116 9.99191E-005 0.993727 9.99191E-005 9.99191E-005 9.99191E-005 9.99191E-005 9.99191E-005 9.99191E-005 9.99191E-005
0.00618717 9.99587E-005 0.00145104 9.99587E-005 0.985211 0.000699544 9.99587E-005 9.99587E-005 0.00124787 9.99587E-005 0.00222384 0.00247986
9.99101E-005 0.00666891 9.99101E-005 0.992332 9.99101E-005 9.99101E-005 9.99101E-005 9.99101E-005 9.99101E-005 9.99101E-005 9.99101E-005 9.99101E-005
0.00440965 9.9964E-005 9.9964E-005 0.927775 9.9964E-005 0.0206899 0.00118765 9.9964E-005 0.00108543 0.0377071 0.000671556 0.00607407
9.99101E-005 9.99101E-005 9.99101E-005 0.998269 9.99101E-005 9.99101E-005 9.99101E-005 9.99101E-005 9.99101E-005 9.99101E-005 0.000732156 9.99101E-005
0.000771464 9.9928E-005 9.9928E-005 0.991252 0.0016051 0.00557234 9.9928E-005 9.9928E-005 9.9928E-005 9.9928E-005 9.9928E-005 9.9928E-005
0.00227459 0.00519067 0.00285426 0.284532 0.0059953 0.692784 9.9964E-005 9.9964E-005 9.9964E-005 0.00365007 9.9964E-005 0.00231957
9.9919E-005 9.9919E-005 9.9919E-005 0.280561 9.9919E-005 0.692044 9.9919E-005 9.9919E-005 9.9919E-005 0.0264962 9.9919E-005 9.9919E-005
9.9928E-005 0.0092733 9.9928E-005 0.285931 9.9928E-005 0.700647 9.9928E-005 9.9928E-005 9.9928E-005 0.00334858 9.9928E-005 9.9928E-005
9.9937E-005 9.9937E-005 9.9937E-005 0.330367 9.9937E-005 0.637971 0.00418742 9.9937E-005 9.9937E-005 0.0123965 9.9937E-005 0.0143793
0.0121938 9.99191E-005 9.99191E-005 9.99191E-005 9.99191E-005 9.99191E-005 9.99191E-005 0.983062 9.99191E-005 0.00384489 9.99191E-005 9.99191E-005
0.0143038 9.9955E-005 0.00188746 0.00333066 9.9955E-005 9.9955E-005 0.0109243 0.957058 0.000968773 9.9955E-005 0.0110273 9.9955E-005
0.0147046 0.00272718 9.9946E-005 9.9946E-005 0.00242642 9.9946E-005 9.9946E-005 0.970808 0.00726738 9.9946E-005 0.00146672 9.9946E-005
0.000509345 9.9928E-005 0.000183813 9.9928E-005 9.9928E-005 9.9928E-005 9.9928E-005 0.994247 0.00426037 9.9928E-005 9.9928E-005 9.9928E-005
9.9928E-005 9.9928E-005 0.00639019 9.9928E-005 9.9928E-005 9.9928E-005 9.9928E-005 0.984125 9.9928E-005 0.00745737 9.9928E-005 0.00122768
9.99101E-005 9.99101E-005 9.99101E-005 9.99101E-005 9.99101E-005 9.99101E-005 9.99101E-005 0.992583 0.00641741 9.99101E-005 9.99101E-005 9.99101E-005
9.99011E-005 9.99011E-005 0.998901 9.99011E-005 9.99011E-005 9.99011E-005 9.99011E-005 9.99011E-005 9.99011E-005 9.99011E-005 9.99011E-005 9.99011E-005
9.99011E-005 9.99011E-005 9.99011E-005 9.99011E-005 9.99011E-005 0.998901 9.99011E-005 9.99011E-005 9.99011E-005 9.99011E-005 9.99011E-005 9.99011E-005
9.9937E-005 9.9937E-005 0.994718 9.9937E-005 0.00129039 9.9937E-005 0.000930314 9.9937E-005 0.00158254 9.9937E-005 9.9937E-005 0.000779567
9.99011E-005 9.99011E-005 9.99011E-005 9.99011E-005 9.99011E-005 0.998901 9.99011E-005 9.99011E-005 9.99011E-005 9.99011E-005 9.99011E-005 9.99011E-005
9.99011E-005 9.99011E-005 9.99011E-005 9.99011E-005 9.99011E-005 0.998901 9.99011E-005 9.99011E-005 9.99011E-005 9.99011E-005 9.99011E-005 9.99011E-005
0.924264 9.9955E-005 0.00321909 9.9955E-005 9.9955E-005 0.00129369 0.0204009 0.0105586 0.0258789 9.9955E-005 0.0138854 9.9955E-005
0.996878 9.9928E-005 9.9928E-005 9.9928E-005 0.000335475 9.9928E-005 0.000140508 0.00184678 9.9928E-005 9.9928E-005 9.9928E-005 9.9928E-005
0.998511 9.991E-005 9.991E-005 9.991E-005 9.991E-005 9.991E-005 9.991E-005 9.991E-005 0.000489451 9.991E-005 9.991E-005 9.991E-005
0.917059 9.9973E-005 0.00250265 0.00469185 0.00275965 9.9973E-005 0.00590569 0.0359841 0.0229578 9.9973E-005 0.00533759 0.0025014
0.937975 9.9973E-005 0.0010266 9.9973E-005 0.00104451 0.00255816 0.00472393 0.0229239 0.0222308 9.9973E-005 0.00651859 0.000698868
0.99522 9.9919E-005 9.9919E-005 9.9919E-005 9.9919E-005 9.9919E-005 0.00310535 9.9919E-005 9.9919E-005 9.9919E-005 0.000775128 9.9919E-005
9.99011E-005 9.99011E-005 9.99011E-005 0.998901 9.99011E-005 9.99011E-005 9.99011E-005 9.99011E-005 9.99011E-005 9.99011E-005 9.99011E-005 9.99011E-005
9.9937E-005 0.0115814 0.00890629 0.957274 9.9937E-005 9.9937E-005 9.9937E-005 9.9937E-005 9.9937E-005 0.0210467 0.00049187 9.9937E-005
9.99011E-005 9.99011E-005 9.99011E-005 0.998901 9.99011E-005 9.99011E-005 9.99011E-005 9.99011E-005 9.99011E-005 9.99011E-005 9.99011E-005 9.99011E-005
0.000838265 9.99191E-005 0.00127609 0.996986 9.99191E-005 9.99191E-005 9.99191E-005 9.99191E-005 9.99191E-005 9.99191E-005 9.99191E-005 9.99191E-005
9.99011E-005 9.99011E-005 9.99011E-005 0.998901 9.99011E-005 9.99011E-005 9.99011E-005 9.99011E-005 9.99011E-005 9.99011E-005 9.99011E-005 9.99011E-005
9.99101E-005 9.99101E-005 9.99101E-005 0.919787 9.99101E-005 0.0792137 9.99101E-005 9.99101E-005 9.99101E-005 9.99101E-005 9.99101E-005 9.99101E-005
9.9919E-005 9.9919E-005 9.9919E-005 0.959879 9.9919E-005 9.9919E-005 9.9919E-005 9.9919E-005 9.9919E-005 0.0314685 9.9919E-005 0.00775346
0.00334257 9.9937E-005 0.00462357 0.931506 9.9937E-005 9.9937E-005 9.9937E-005 9.9937E-005 9.9937E-005 0.041742 9.9937E-005 0.0180867
9.9955E-005 0.000282811 0.00138348 0.923677 9.9955E-005 0.0111702 0.0025584 9.9955E-005 9.9955E-005 0.055244 9.9955E-005 0.00518433
9.99101E-005 9.99101E-005 9.99101E-005 0.995962 9.99101E-005 9.99101E-005 0.00303859 9.99101E-005 9.99101E-005 9.99101E-005 9.99101E-005 9.99101E-005
9.99281E-005 9.99281E-005 9.99281E-005 0.932487 9.99281E-005 0.00928908 9.99281E-005 9.99281E-005 9.99281E-005 0.0413371 9.99281E-005 0.0160875
9.99281E-005 9.99281E-005 9.99281E-005 0.919833 9.99281E-005 9.99281E-005 9.99281E-005 0.000388386 9.99281E-005 0.0687198 9.99281E-005 0.0102589
9.9928E-005 0.0254008 0.0101836 0.957071 9.9928E-005 9.9928E-005 9.9928E-005 9.9928E-005 9.9928E-005 0.0065454 9.9928E-005 9.9928E-005
9.99191E-005 0.00770272 9.99191E-005 0.954495 9.99191E-005 9.99191E-005 9.99191E-005 9.99191E-005 9.99191E-005 0.0369027 9.99191E-005 9.99191E-005
0.906076 0.000277041 0.000264908 9.9964E-005 9.9964E-005 9.9964E-005 0.0104718 0.026429 0.0446316 9.9964E-005 0.0105107 0.000939001
0.0342283 9.9946E-005 9.9946E-005 9.9946E-005 0.00607354 9.9946E-005 0.00587424 0.034223 0.915829 9.9946E-005 0.00317189 9.9946E-005
9.9937E-005 9.9937E-005 9.9937E-005 0.00182144 9.9937E-005 9.9937E-005 0.00168078 0.00512522 0.98476 9.9937E-005 0.00591338 9.9937E-005
0.000555032 9.99281E-005 9.99281E-005 0.00508019 9.99281E-005 9.99281E-005 9.99281E-005 0.00177439 9.99281E-005 9.99281E-005 9.99281E-005 0.991791
9.99191E-005 0.0132066 9.99191E-005 9.99191E-005 9.99191E-005 9.99191E-005 9.99191E-005 9.99191E-005 9.99191E-005 0.00165944 9.99191E-005 0.984235
9.99191E-005 9.99191E-005 9.99191E-005 9.99191E-005 9.99191E-005 9.99191E-005 9.99191E-005 0.0126223 0.984796 0.00168209 9.99191E-005 9.99191E-005
0.306866 9.9991E-005 0.00672616 0.00386332 0.0206234 0.000392203 0.033951 0.133446 0.451072 0.00388459 0.0389028 0.000172593
0.236112 0.00337773 0.0623457 0.0831765 0.0522468 9.9991E-005 0.019151 0.14232 0.339754 0.00176079 0.037663 0.0219922
9.9901E-005 9.9901E-005 9.9901E-005 9.9901E-005 9.9901E-005 9.9901E-005 0.998901 9.9901E-005 9.9901E-005 9.9901E-005 9.9901E-005 9.9901E-005
9.9937E-005 9.9937E-005 9.9937E-005 9.9937E-005 0.0350132 9.9937E-005 0.9483 0.00748304 0.00739162 9.9937E-005 0.00111287 9.9937E-005
9.99191E-005 0.000388951 9.99191E-005 9.99191E-005 9.99191E-005 9.99191E-005 9.99191E-005 9.99191E-005 9.99191E-005 0.00474318 9.99191E-005 0.993969
9.99011E-005 9.99011E-005 9.99011E-005 9.99011E-005 9.99011E-005 9.99011E-005 9.99011E-005 9.99011E-005 9.99011E-005 9.99011E-005 9.99011E-005 0.998901
9.9901E-005 9.9901E-005 9.9901E-005 9.9901E-005 9.9901E-005 9.9901E-005 0.998901 9.9901E-005 9.9901E-005 9.9901E-005 9.9901E-005 9.9901E-005
0.316753 9.9964E-005 0.000161854 9.9964E-005 0.0274231 9.9964E-005 0.0182043 0.135913 0.45796 9.9964E-005 0.0405999 0.00258447
9.99011E-005 9.99011E-005 9.99011E-005 9.99011E-005 9.99011E-005 9.99011E-005 9.99011E-005 9.99011E-005 9.99011E-005 9.99011E-005 9.99011E-005 0.998901
9.9901E-005 9.9901E-005 9.9901E-005 9.9901E-005 9.9901E-005 9.9901E-005 0.998901 9.9901E-005 9.9901E-005 9.9901E-005 9.9901E-005 9.9901E-005
0.0307494 9.9973E-005 0.00151437 9.9973E-005 0.00775851 0.00408234 0.00176154 0.0286164 0.916818 0.00186531 0.00653425 9.9973E-005
0.000625767 9.9919E-005 9.9919E-005 9.9919E-005 9.9919E-005 9.9919E-005 9.9919E-005 0.0177381 0.980737 9.9919E-005 9.9919E-005 9.9919E-005
0.220532 0.00783871 0.0433997 9.9991E-005 0.0314872 0.037225 0.0238624 0.132481 0.45442 0.0056853 0.0389121 0.00405755
0.130258 0.00729877 0.00956353 9.9973E-005 0.11022 0.00444195 0.218685 0.106529 0.145687 9.9973E-005 0.267016 9.9973E-005
0.0145857 9.9937E-005 9.9937E-005 9.9937E-005 9.9937E-005 9.9937E-005 0.00101456 0.019824 0.962398 0.00147858 9.9937E-005 9.9937E-005
0.00200754 0.00272381 9.9946E-005 9.9946E-005 9.9946E-005 9.9946E-005 0.00799891 0.0265502 0.954438 9.9946E-005 0.00568155 9.9946E-005
9.9946E-005 9.9946E-005 0.000388016 0.000199074 0.0017722 9.9946E-005 9.9946E-005 0.0125894 0.981683 9.9946E-005 9.9946E-005 0.00276893
9.9952E-005 0.0455632 0.00634081 9.9952E-005 0.0023161 9.9952E-005 0.000804861 9.9952E-005 9.9952E-005 9.9952E-005 0.00288021 0.941495
0.00311256 0.00156218 9.99464E-005 9.99464E-005 0.00747442 0.000515839 9.99464E-005 0.00235081 0.984385 9.99464E-005 9.99464E-005 9.99464E-005
9.99281E-005 9.99281E-005 0.00241899 0.00262743 9.99281E-005 9.99281E-005 9.99281E-005 9.99281E-005 9.99281E-005 9.99281E-005 0.000978692 0.993175
9.99011E-005 9.99011E-005 9.99011E-005 9.99011E-005 9.99011E-005 9.99011E-005 9.99011E-005 9.99011E-005 0.998901 9.99011E-005 9.99011E-005 9.99011E-005
9.99101E-005 9.99101E-005 9.99101E-005 9.99101E-005 9.99101E-005 9.99101E-005 9.99101E-005 9.99101E-005 9.99101E-005 0.00375913 9.99101E-005 0.995242
9.9928E-005 9.9928E-005 9.9928E-005 9.9928E-005 0.991299 9.9928E-005 0.00367739 9.9928E-005 9.9928E-005 9.9928E-005 0.00331142 0.000912994
9.99011E-005 9.99011E-005 9.99011E-005 9.99011E-005 9.99011E-005 9.99011E-005 9.99011E-005 9.99011E-005 0.998901 9.99011E-005 9.99011E-005 9.99011E-005
0.0219577 9.9937E-005 9.9937E-005 9.9937E-005 0.851935 9.9937E-005 0.0872883 0.0118116 9.9937E-005 9.9937E-005 0.0263078 9.9937E-005
9.9919E-005 9.9919E-005 0.000871827 9.9919E-005 9.9919E-005 0.00126539 9.9919E-005 9.9919E-005 0.996964 9.9919E-005 9.9919E-005 9.9919E-005
9.9919E-005 9.9919E-005 9.9919E-005 9.9919E-005 0.00132572 9.9919E-005 9.9919E-005 9.9919E-005 0.99343 9.9919E-005 0.00434462 9.9919E-005
9.99011E-005 9.99011E-005 9.99011E-005 9.99011E-005 9.99011E-005 9.99011E-005 9.99011E-005 9.99011E-005 0.998901 9.99011E-005 9.99011E-005 9.99011E-005
9.99011E-005 9.99011E-005 9.99011E-005 9.99011E-005 9.99011E-005 9.99011E-005 9.99011E-005 9.99011E-005 0.998901 9.99011E-005 9.99011E-005 9.99011E-005
9.9928E-005 0.00276399 9.9928E-005 9.9928E-005 9.9928E-005 0.00435459 9.9928E-005 9.9928E-005 0.000946393 9.9928E-005 9.9928E-005 0.991136
0.961445 9.9928E-005 9.9928E-005 9.9928E-005 9.9928E-005 9.9928E-005 9.9928E-005 0.0235263 0.00554414 9.9928E-005 0.00868544 9.9928E-005
0.969971 9.9928E-005 9.9928E-005 9.9928E-005 0.00103236 9.9928E-005 9.9928E-005 0.0133842 9.9928E-005 9.9928E-005 0.0148132 9.9928E-005
0.92152 0.000867096 9.9955E-005 9.9955E-005 0.00291054 9.9955E-005 0.00894959 0.0310168 0.0301268 9.9955E-005 0.00410965 9.9955E-005
0.00329729 0.00167321 0.00285544 9.99468E-005 9.99468E-005 9.99468E-005 9.99468E-005 0.989145 9.99468E-005 9.99468E-005 0.000690068 0.00173949
0.00430913 9.9946E-005 0.00155052 9.9946E-005 9.9946E-005 9.9946E-005 0.00661928 0.00297814 9.9946E-005 0.0166022 9.9946E-005 0.967341
0.0221201 9.9937E-005 9.9937E-005 9.9937E-005 0.000399125 9.9937E-005 0.0013204 0.964673 0.0107877 9.9937E-005 9.9937E-005 9.9937E-005
9.99011E-005 9.99011E-005 9.99011E-005 9.99011E-005 9.99011E-005 9.99011E-005 9.99011E-005 0.998901 9.99011E-005 9.99011E-005 9.99011E-005 9.99011E-005
0.0174263 9.9937E-005 9.9937E-005 9.9937E-005 9.9937E-005 9.9937E-005 0.00607449 0.961955 0.00884482 9.9937E-005 0.00499984 9.9937E-005
9.99011E-005 9.99011E-005 9.99011E-005 9.99011E-005 9.99011E-005 9.99011E-005 9.99011E-005 0.998901 9.99011E-005 9.99011E-005 9.99011E-005 9.99011E-005
0.00247021 9.99191E-005 9.99191E-005 9.99191E-005 9.99191E-005 9.99191E-005 9.99191E-005 0.991517 0.00511383 9.99191E-005 9.99191E-005 9.99191E-005
9.99101E-005 9.99101E-005 9.99101E-005 0.000648963 0.998352 9.99101E-005 9.99101E-005 9.99101E-005 9.99101E-005 9.99101E-005 9.99101E-005 9.99101E-005
9.99011E-005 9.99011E-005 9.99011E-005 9.99011E-005 0.998901 9.99011E-005 9.99011E-005 9.99011E-005 9.99011E-005 9.99011E-005 9.99011E-005 9.99011E-005
9.99011E-005 9.99011E-005 9.99011E-005 9.99011E-005 0.998901 9.99011E-005 9.99011E-005 9.99011E-005 9.99011E-005 9.99011E-005 9.99011E-005 9.99011E-005
9.99191E-005 9.99191E-005 9.99191E-005 9.99191E-005 0.994867 0.000898431 9.99191E-005 9.99191E-005 9.99191E-005 0.00333499 9.99191E-005 9.99191E-005
0.00137075 9.9928E-005 9.9928E-005 9.9928E-005 0.0160411 9.9928E-005 9.9928E-005 0.95022 9.9928E-005 9.9928E-005 9.9928E-005 0.0315691
0.00983471 9.9946E-005 9.9946E-005 9.9946E-005 0.902541 9.9946E-005 0.0710924 0.00273657 0.0112854 9.9946E-005 0.00191013 9.9946E-005
9.99011E-005 9.99011E-005 9.99011E-005 9.99011E-005 9.99011E-005 9.99011E-005 9.99011E-005 0.998901 9.99011E-005 9.99011E-005 9.99011E-005 9.99011E-005
0.00526253 0.000829325 9.9937E-005 9.9937E-005 0.000373524 9.9937E-005 9.9937E-005 0.968644 0.024191 9.9937E-005 9.9937E-005 9.9937E-005
0.0184875 9.9919E-005 9.9919E-005 9.9919E-005 9.9919E-005 9.9919E-005 9.9919E-005 0.961307 0.0193058 9.9919E-005 9.9919E-005 9.9919E-005
0.0154974 9.99191E-005 9.99191E-005 9.99191E-005 9.99191E-005 9.99191E-005 9.99191E-005 0.977488 0.00611503 9.99191E-005 9.99191E-005 9.99191E-005
0.0288663 9.9919E-005 9.9919E-005 9.9919E-005 9.9919E-005 9.9919E-005 9.9919E-005 0.962991 0.00724371 9.9919E-005 9.9919E-005 9.9919E-005
0.00787559 9.9937E-005 9.9937E-005 9.9937E-005 0.00159603 9.9937E-005 0.00187527 0.983256 9.9937E-005 9.9937E-005 0.00469741 9.9937E-005
0.0162654 9.9937E-005 9.9937E-005 9.9937E-005 9.9937E-005 9.9937E-005 9.9937E-005 0.968125 0.0125193 0.00144693 0.000944246 9.9937E-005
0.0182048 9.9928E-005 9.9928E-005 9.9928E-005 9.9928E-005 9.9928E-005 0.00107732 0.966743 0.0131757 9.9928E-005 9.9928E-005 9.9928E-005
0.033838 9.9937E-005 9.9937E-005 9.9937E-005 0.00448124 0.00315393 9.9937E-005 0.948539 9.9937E-005 9.9937E-005 0.00928853 9.9937E-005
0.00669795 0.00177303 0.000551629 9.9955E-005 0.0050147 9.9955E-005 9.9955E-005 0.975814 0.00597537 9.9955E-005 0.0036736 9.9955E-005
9.9928E-005 9.9928E-005 0.00119933 9.9928E-005 9.9928E-005 0.00436912 9.9928E-005 0.979954 9.9928E-005 9.9928E-005 0.0136783 9.9928E-005
9.9937E-005 9.9937E-005 0.0012969 9.9937E-005 0.00601913 9.9937E-005 9.9937E-005 0.969855 0.00298453 9.9937E-005 0.0191447 9.9937E-005
0.0167271 9.9928E-005 9.9928E-005 9.9928E-005 0.00185887 9.9928E-005 9.9928E-005 0.9536 0.0270147 9.9928E-005 9.9928E-005 9.9928E-005
0.0205341 9.9937E-005 9.9937E-005 9.9937E-005 9.9937E-005 0.00149624 0.00512811 0.964195 0.0079469 9.9937E-005 9.9937E-005 9.9937E-005
0.0120392 9.9937E-005 9.9937E-005 0.000106108 9.9937E-005 9.9937E-005 9.9937E-005 0.970972 0.0151687 9.9937E-005 0.00101479 9.9937E-005
0.00728764 0.000245052 0.0110262 9.9982E-005 0.0137027 9.9982E-005 0.0036336 0.946626 0.00281352 0.00818854 0.00143817 0.0048388
9.9928E-005 9.9928E-005 9.9928E-005 0.318801 9.9928E-005 0.632046 9.9928E-005 9.9928E-005 9.9928E-005 0.0381607 9.9928E-005 0.010193
9.99191E-005 9.99191E-005 9.99191E-005 0.247406 9.99191E-005 0.723775 9.99191E-005 9.99191E-005 9.99191E-005 0.0279196 9.99191E-005 9.99191E-005
9.9928E-005 9.9928E-005 0.00294115 0.274338 9.9928E-005 0.704606 9.9928E-005 9.9928E-005 9.9928E-005 0.0173162 9.9928E-005 9.9928E-005
9.9937E-005 9.9937E-005 0.00470933 0.00521018 0.00892372 9.9937E-005 9.9937E-005 0.97528 9.9937E-005 9.9937E-005 9.9937E-005 0.00517705
0.104084 0.0268464 0.0215606 0.02659 0.0718413 9.9982E-005 0.258647 0.126106 0.121018 0.000338936 0.242767 9.9982E-005
9.99191E-005 9.99191E-005 0.996035 9.99191E-005 9.99191E-005 9.99191E-005 0.00184553 9.99191E-005 9.99191E-005 9.99191E-005 9.99191E-005 0.00121994
9.9946E-005 0.00071684 0.994932 0.000862212 9.9946E-005 9.9946E-005 0.00037134 9.9946E-005 9.9946E-005 9.9946E-005 0.000499513 0.00201854
9.99011E-005 9.99011E-005 0.998901 9.99011E-005 9.99011E-005 9.99011E-005 9.99011E-005 9.99011E-005 9.99011E-005 9.99011E-005 9.99011E-005 9.99011E-005
9.9937E-005 0.00363735 0.98958 0.00577814 9.9937E-005 9.9937E-005 9.9937E-005 9.9937E-005 9.9937E-005 9.9937E-005 0.000134014 0.000171139
9.99101E-005 9.99101E-005 0.997772 9.99101E-005 9.99101E-005 9.99101E-005 9.99101E-005 9.99101E-005 0.00122927 9.99101E-005 9.99101E-005 9.99101E-005
9.99101E-005 0.000128116 0.998873 9.99101E-005 9.99101E-005 9.99101E-005 9.99101E-005 9.99101E-005 9.99101E-005 9.99101E-005 9.99101E-005 9.99101E-005
9.991E-005 9.991E-005 9.991E-005 0.0522846 9.991E-005 9.991E-005 9.991E-005 9.991E-005 9.991E-005 0.946716 9.991E-005 9.991E-005
9.99011E-005 9.99011E-005 0.998901 9.99011E-005 9.99011E-005 9.99011E-005 9.99011E-005 9.99011E-005 9.99011E-005 9.99011E-005 9.99011E-005 9.99011E-005
9.99011E-005 9.99011E-005 9.99011E-005 9.99011E-005 9.99011E-005 0.998901 9.99011E-005 9.99011E-005 9.99011E-005 9.99011E-005 9.99011E-005 9.99011E-005
0.0104128 9.9937E-005 0.972942 9.9937E-005 0.00122665 9.9937E-005 9.9937E-005 9.9937E-005 9.9937E-005 0.00881673 0.0059022 9.9937E-005
0.00176448 0.00554597 0.98658 0.00530969 9.99281E-005 9.99281E-005 9.99281E-005 9.99281E-005 9.99281E-005 9.99281E-005 9.99281E-005 9.99281E-005
9.99011E-005 9.99011E-005 0.998901 9.99011E-005 9.99011E-005 9.99011E-005 9.99011E-005 9.99011E-005 9.99011E-005 9.99011E-005 9.99011E-005 9.99011E-005
9.99101E-005 0.00522393 0.993777 9.99101E-005 9.99101E-005 9.99101E-005 9.99101E-005 9.99101E-005 9.99101E-005 9.99101E-005 9.99101E-005 9.99101E-005
0.0120354 9.9946E-005 9.9946E-005 9.9946E-005 0.00080459 9.9946E-005 0.0117871 0.947316 0.0198973 9.9946E-005 0.00755962 9.9946E-005
9.99101E-005 9.99101E-005 0.998443 9.99101E-005 9.99101E-005 9.99101E-005 9.99101E-005 0.000557708 9.99101E-005 9.99101E-005 9.99101E-005 9.99101E-005
9.99101E-005 0.00441203 9.99101E-005 9.99101E-005 9.99101E-005 0.994589 9.99101E-005 9.99101E-005 9.99101E-005 9.99101E-005 9.99101E-005 9.99101E-005
9.9937E-005 0.00110693 9.9937E-005 0.00336955 9.9937E-005 9.9937E-005 9.9937E-005 0.984681 0.00965391 9.9937E-005 9.9937E-005 0.000488809
0.993091 9.99224E-005 9.99224E-005 9.99224E-005 0.00131245 9.99224E-005 9.99224E-005 0.00469699 9.99224E-005 9.99224E-005 9.99224E-005 9.99224E-005
9.99011E-005 9.99011E-005 0.998901 9.99011E-005 9.99011E-005 9.99011E-005 9.99011E-005 9.99011E-005 9.99011E-005 9.99011E-005 9.99011E-005 9.99011E-005
9.99101E-005 9.99101E-005 9.99101E-005 9.99101E-005 9.99101E-005 9.99101E-005 9.99101E-005 9.99101E-005 0.00157162 9.99101E-005 9.99101E-005 0.997429
9.9937E-005 0.0261133 0.00488784 9.9937E-005 9.9937E-005 9.9937E-005 9.9937E-005 9.9937E-005 0.0041592 9.9937E-005 0.000421935 0.963718
0.998901 9.99011E-005 9.99011E-005 9.99011E-005 9.99011E-005 9.99011E-005 9.99011E-005 9.99011E-005 9.99011E-005 9.99011E-005 9.99011E-005 9.99011E-005
9.9919E-005 0.015952 0.0020653 9.9919E-005 9.9919E-005 9.9919E-005 9.9919E-005 9.9919E-005 9.9919E-005 9.9919E-005 9.9919E-005 0.981083
9.99101E-005 9.99101E-005 9.99101E-005 9.99101E-005 9.99101E-005 9.99101E-005 9.99101E-005 0.985919 0.0130815 9.99101E-005 9.99101E-005 9.99101E-005
0.004206 9.9937E-005 9.9937E-005 9.9937E-005 0.00318167 9.9937E-005 0.0052015 0.974351 0.0123608 9.9937E-005 9.9937E-005 9.9937E-005
0.0119183 9.9955E-005 0.000765586 0.00244447 9.9955E-005 9.9955E-005 0.00482656 0.935621 0.0432476 0.000676592 9.9955E-005 9.9955E-005
9.9928E-005 9.9928E-005 9.9928E-005 9.9928E-005 0.0030984 9.9928E-005 9.9928E-005 0.985521 0.00703537 9.9928E-005 0.00354626 9.9928E-005
0.0234443 0.00106481 9.9955E-005 9.9955E-005 0.00017206 9.9955E-005 0.001944 0.962439 0.00965688 9.9955E-005 9.9955E-005 0.000779094
0.0224018 9.9946E-005 0.00125621 9.9946E-005 0.00909003 9.9946E-005 9.9946E-005 0.951755 9.9946E-005 0.00861718 0.00628042 9.9946E-005
9.9919E-005 9.9919E-005 9.9919E-005 9.9919E-005 0.000700215 9.9919E-005 0.00159407 0.996806 9.9919E-005 9.9919E-005 9.9919E-005 9.9919E-005
0.993137 0.000226581 9.9928E-005 9.9928E-005 9.9928E-005 9.9928E-005 0.000322269 9.9928E-005 9.9928E-005 9.9928E-005 0.00551429 9.9928E-005
0.997858 9.99191E-005 9.99191E-005 9.99191E-005 0.000592611 9.99191E-005 9.99191E-005 9.99191E-005 9.99191E-005 0.000649689 9.99191E-005 9.99191E-005
9.99101E-005 9.99101E-005 9.99101E-005 9.99101E-005 9.99101E-005 9.99101E-005 0.00195599 0.997045 9.99101E-005 9.99101E-005 9.99101E-005 9.99101E-005
9.9937E-005 9.9937E-005 9.9937E-005 0.300207 0.000819455 0.643363 9.9937E-005 9.9937E-005 9.9937E-005 0.045658 9.9937E-005 0.0092529
9.991E-005 9.991E-005 9.991E-005 0.0200551 9.991E-005 9.991E-005 9.991E-005 9.991E-005 9.991E-005 0.978946 9.991E-005 9.991E-005
9.99011E-005 9.99011E-005 9.99011E-005 9.99011E-005 9.99011E-005 9.99011E-005 9.99011E-005 9.99011E-005 9.99011E-005 0.998901 9.99011E-005 9.99011E-005
0.0967037 9.9964E-005 0.0530707 9.9964E-005 0.00384832 9.9964E-005 0.0193605 0.0720386 9.9964E-005 0.73743 0.012109 0.00503927
9.991E-005 9.991E-005 9.991E-005 9.991E-005 9.991E-005 0.0373313 9.991E-005 9.991E-005 9.991E-005 0.96167 9.991E-005 9.991E-005
9.99478E-005 0.00526783 0.00417108 9.99478E-005 9.99478E-005 0.961036 9.99478E-005 9.99478E-005 0.00842064 0.012982 9.99478E-005 0.00752307
9.9928E-005 9.9928E-005 9.9928E-005 9.9928E-005 9.9928E-005 0.980255 9.9928E-005 0.00131243 9.9928E-005 0.013544 9.9928E-005 0.00408958
9.99011E-005 9.99011E-005 9.99011E-005 9.99011E-005 9.99011E-005 0.998901 9.99011E-005 9.99011E-005 9.99011E-005 9.99011E-005 9.99011E-005 9.99011E-005
9.991E-005 9.991E-005 9.991E-005 0.0352981 9.991E-005 9.991E-005 9.991E-005 9.991E-005 9.991E-005 0.963703 9.991E-005 9.991E-005
0.996317 9.9919E-005 9.9919E-005 9.9919E-005 0.00256457 0.000219439 9.9919E-005 9.9919E-005 9.9919E-005 9.9919E-005 9.9919E-005 9.9919E-005
9.99191E-005 0.00988268 9.99191E-005 9.99191E-005 9.99191E-005 0.00466128 9.99191E-005 9.99191E-005 9.99191E-005 9.99191E-005 9.99191E-005 0.984557
0.586854 0.00428812 0.0765805 9.998E-005 0.0522355 0.0683378 9.998E-005 0.100507 0.0159457 0.00919254 0.049913 0.0359463
0.995532 9.99191E-005 9.99191E-005 9.99191E-005 9.99191E-005 9.99191E-005 0.00235176 9.99191E-005 9.99191E-005 0.00121716 9.99191E-005 9.99191E-005
0.974968 9.9928E-005 9.9928E-005 9.9928E-005 0.00952826 9.9928E-005 0.00115527 0.0135493 9.9928E-005 9.9928E-005 9.9928E-005 9.9928E-005
0.00454428 9.99191E-005 9.99191E-005 9.99191E-005 9.99191E-005 9.99191E-005 9.99191E-005 9.99191E-005 9.99191E-005 0.011052 9.99191E-005 0.983504
9.99101E-005 9.99101E-005 0.998497 9.99101E-005 9.99101E-005 9.99101E-005 9.99101E-005 0.000504025 9.99101E-005 9.99101E-005 9.99101E-005 9.99101E-005
0.139585 9.9955E-005 9.9955E-005 0.00353726 0.0247171 9.9955E-005 0.00103927 0.653746 0.142549 9.9955E-005 0.034327 9.9955E-005
0.998901 9.99011E-005 9.99011E-005 9.99011E-005 9.99011E-005 9.99011E-005 9.99011E-005 9.99011E-005 9.99011E-005 9.99011E-005 9.99011E-005 9.99011E-005
0.998901 9.99011E-005 9.99011E-005 9.99011E-005 9.99011E-005 9.99011E-005 9.99011E-005 9.99011E-005 9.99011E-005 9.99011E-005 9.99011E-005 9.99011E-005
0.998901 9.99011E-005 9.99011E-005 9.99011E-005 9.99011E-005 9.99011E-005 9.99011E-005 9.99011E-005 9.99011E-005 9.99011E-005 9.99011E-005 9.99011E-005
0.998218 9.99101E-005 9.99101E-005 9.99101E-005 9.99101E-005 9.99101E-005 9.99101E-005 9.99101E-005 9.99101E-005 9.99101E-005 9.99101E-005 0.000783344
0.998901 9.99011E-005 9.99011E-005 9.99011E-005 9.99011E-005 9.99011E-005 9.99011E-005 9.99011E-005 9.99011E-005 9.99011E-005 9.99011E-005 9.99011E-005
0.998901 9.99011E-005 9.99011E-005 9.99011E-005 9.99011E-005 9.99011E-005 9.99011E-005 9.99011E-005 9.99011E-005 9.99011E-005 9.99011E-005 9.99011E-005
