0.00558941 0.00618357 0.200732 0.0999825 0.00629912 0.681214
0.00556361 0.0081237 0.196805 0.108886 0.0065755 0.674046
0.00485501 9.9973E-005 0.993715 9.9973E-005 0.00113024 9.9973E-005
9.9964E-005 0.000389035 0.999211 9.9964E-005 9.9964E-005 9.9964E-005
0.00487634 0.000910877 0.989084 0.000949635 0.00407894 9.9991E-005
9.996E-005 9.996E-005 0.9995 9.996E-005 9.996E-005 9.996E-005
9.996E-005 9.996E-005 0.9995 9.996E-005 9.996E-005 9.996E-005
9.996E-005 9.996E-005 0.9995 9.996E-005 9.996E-005 9.996E-005
0.991508 9.9982E-005 0.000815175 9.9982E-005 0.00367008 0.00380722
0.00522337 9.9973E-005 9.9973E-005 0.990883 0.00359343 9.9973E-005
0.00343311 0.000701033 9.9973E-005 0.995566 9.9973E-005 9.9973E-005
0.115021 0.792505 0.00415102 9.9991E-005 0.0518175 0.0364054
0.0011424 0.00171886 9.9973E-005 0.996839 9.9973E-005 9.9973E-005
9.9964E-005 0.00667996 9.9964E-005 0.99292 9.9964E-005 9.9964E-005
9.9973E-005 0.00342453 9.9973E-005 0.994959 0.00131606 9.9973E-005
0.00181711 0.00311941 9.9982E-005 0.993879 0.00098494 9.9982E-005
0.126997 0.776489 0.00217416 0.0161498 0.0504808 0.0277095
0.00219981 9.9982E-005 0.859571 0.0927697 9.9982E-005 0.0452595
0.00818311 0.00697218 0.155825 0.0897587 0.00596482 0.733296
0.00752315 0.00651096 0.160877 0.105926 0.00703882 0.712124
0.00566162 0.00255988 0.17354 0.0944173 0.00564469 0.718176
0.00833776 0.00354587 0.158132 0.0908765 0.00705219 0.732055
0.0104617 0.00490019 0.163968 0.090137 0.00564721 0.724885
0.00572131 0.00621056 0.162528 0.0935002 0.00401373 0.728026
0.00174721 0.00871053 0.146969 0.10474 0.00748763 0.730346
0.0117064 0.000408394 0.15689 0.0998711 0.00426456 0.726859
0.0108506 0.00275592 0.176557 0.090098 0.00492196 0.714817
0.00511117 0.00886765 0.149106 0.096468 0.00877279 0.731674
9.996E-005 9.996E-005 9.996E-005 9.996E-005 9.996E-005 0.9995
9.996E-005 9.996E-005 9.996E-005 9.996E-005 9.996E-005 0.9995
9.996E-005 9.996E-005 9.996E-005 9.996E-005 9.996E-005 0.9995
9.996E-005 9.996E-005 9.996E-005 9.996E-005 9.996E-005 0.9995
9.996E-005 9.996E-005 9.996E-005 9.996E-005 9.996E-005 0.9995
0.000806105 0.0015658 0.890528 0.0703947 9.9991E-005 0.0366053
0.00197771 0.0046406 0.886998 0.0789212 0.000154398 0.0273082
9.9991E-005 0.00333163 0.893711 0.0685596 0.00011374 0.0341844
9.9991E-005 0.00625506 0.877398 0.0741921 0.000578785 0.0414758
9.996E-005 0.9995 9.996E-005 9.996E-005 9.996E-005 9.996E-005
9.996E-005 9.996E-005 9.996E-005 9.996E-005 9.996E-005 0.9995
9.9973E-005 0.000280979 9.9973E-005 9.9973E-005 0.000371307 0.999048
9.996E-005 9.996E-005 9.996E-005 9.996E-005 9.996E-005 0.9995
9.996E-005 9.996E-005 9.996E-005 9.996E-005 9.996E-005 0.9995
0.995714 9.9973E-005 9.9973E-005 9.9973E-005 0.00293806 0.00104825
0.978692 0.0105356 9.9973E-005 0.0104727 9.9973E-005 9.9973E-005
0.994499 9.9973E-005 9.9973E-005 9.9973E-005 0.00358408 0.00161665
0.995017 9.9964E-005 0.00458284 9.9964E-005 9.9964E-005 9.9964E-005
0.987169 9.9982E-005 0.00623939 9.9982E-005 0.00262186 0.0037696
0.9995 9.996E-005 9.996E-005 9.996E-005 9.996E-005 9.996E-005
0.995277 9.9973E-005 0.00160511 9.9973E-005 0.00281776 9.9973E-005
0.9995 9.996E-005 9.996E-005 9.996E-005 9.996E-005 9.996E-005
9.9964E-005 9.9964E-005 0.00865684 0.990943 9.9964E-005 9.9964E-005
0.00288378 9.9991E-005 0.0144911 0.978239 0.00304274 0.00124323
9.9964E-005 9.9964E-005 0.0413878 0.958212 9.9964E-005 9.9964E-005
9.996E-005 9.996E-005 9.996E-005 0.9995 9.996E-005 9.996E-005
0.00307113 0.00266639 9.9982E-005 0.988316 0.00574603 9.9982E-005
9.996E-005 9.996E-005 9.996E-005 0.9995 9.996E-005 9.996E-005
9.996E-005 9.996E-005 9.996E-005 9.996E-005 0.9995 9.996E-005
0.9995 9.996E-005 9.996E-005 9.996E-005 9.996E-005 9.996E-005
9.9973E-005 0.00401711 9.9973E-005 9.9973E-005 0.992711 0.00297236
0.9995 9.996E-005 9.996E-005 9.996E-005 9.996E-005 9.996E-005
0.9995 9.996E-005 9.996E-005 9.996E-005 9.996E-005 9.996E-005
9.9973E-005 9.9973E-005 0.988811 9.9973E-005 0.000406328 0.010483
9.996E-005 9.996E-005 0.9995 9.996E-005 9.996E-005 9.996E-005
9.996E-005 9.996E-005 0.9995 9.996E-005 9.996E-005 9.996E-005
0.00161086 0.00221707 0.993011 9.9982E-005 0.00296129 9.9982E-005
0.00107052 0.00280963 0.995329 9.9982E-005 0.000590901 9.9982E-005
9.996E-005 9.996E-005 0.9995 9.996E-005 9.996E-005 9.996E-005
0.9995 9.996E-005 9.996E-005 9.996E-005 9.996E-005 9.996E-005
0.98057 0.00370589 9.9982E-005 9.9982E-005 0.00787798 0.00764626
0.9995 9.996E-005 9.996E-005 9.996E-005 9.996E-005 9.996E-005
0.995779 9.9973E-005 9.9973E-005 9.9973E-005 0.0038051 0.000115561
0.9995 9.996E-005 9.996E-005 9.996E-005 9.996E-005 9.996E-005
0.99913 9.99651E-005 9.99651E-005 9.99651E-005 9.99651E-005 0.000469967
0.992764 0.00683658 9.9964E-005 9.9964E-005 9.9964E-005 9.9964E-005
0.983649 0.0143719 9.9982E-005 9.9982E-005 0.000604463 0.00117514
0.981803 0.0098878 9.9982E-005 9.9982E-005 0.00480525 0.0033044
0.996004 9.9964E-005 9.9964E-005 9.9964E-005 9.9964E-005 0.00359593
0.983343 0.0162572 9.9964E-005 9.9964E-005 9.9964E-005 9.9964E-005
0.982771 0.0148722 9.9973E-005 0.00205714 9.9973E-005 9.9973E-005
0.981513 0.00365143 9.9982E-005 9.9982E-005 0.00904677 0.00558917
0.987285 0.0113162 9.9982E-005 9.9982E-005 0.00106663 0.00013247
9.9971E-005 9.9971E-005 0.992206 0.00739455 9.9971E-005 9.9971E-005
0.00055319 0.00386877 0.841488 0.104218 9.9991E-005 0.0497715
0.004711 0.00211868 0.872043 0.0785079 9.9991E-005 0.0425192
9.9964E-005 0.999054 9.9964E-005 0.000545839 9.9964E-005 9.9964E-005
9.996E-005 0.9995 9.996E-005 9.996E-005 9.996E-005 9.996E-005
0.00645661 9.9991E-005 0.860622 0.0965017 0.000674297 0.0356458
0.00590419 0.00292507 0.735937 0.162385 0.00584266 0.0870057
0.082389 0.0262419 0.533399 0.181059 0.0666031 0.110308
0.00373146 9.9991E-005 0.103622 0.0221861 0.00279693 0.867563
0.00485767 9.9991E-005 0.103518 0.0245628 0.000305957 0.866655
9.996E-005 0.9995 9.996E-005 9.996E-005 9.996E-005 9.996E-005
9.996E-005 0.9995 9.996E-005 9.996E-005 9.996E-005 9.996E-005
0.00509237 0.000525656 0.101259 0.0229589 0.001912 0.868253
0.000475035 0.00507338 0.750409 0.158804 0.00186189 0.0833771
9.996E-005 0.9995 9.996E-005 9.996E-005 9.996E-005 9.996E-005
0.00515272 9.9991E-005 0.0993524 0.01995 0.00117911 0.874266
0.00920452 0.0013511 0.823283 0.100032 0.00614263 0.0599871
9.9982E-005 0.00059355 0.856856 0.109593 9.9982E-005 0.032757
0.0357442 0.0177861 0.627397 0.18002 0.0447304 0.0943229
0.0131124 0.00558071 0.326018 0.144076 0.0112208 0.499992
0.00200347 0.00631873 0.851147 0.0980739 9.9991E-005 0.0423565
9.9991E-005 0.00202115 0.834836 0.106189 0.000780469 0.056074
0.00950689 0.00284768 0.846792 0.0959119 0.00148469 0.0434568
9.9973E-005 0.991315 9.9973E-005 9.9973E-005 0.0046226 0.00376263
9.9982E-005 0.00804797 0.865138 0.0738409 9.9982E-005 0.052773
9.996E-005 0.9995 9.996E-005 9.996E-005 9.996E-005 9.996E-005
9.9973E-005 9.9973E-005 0.885049 0.0830888 9.9973E-005 0.0315623
9.996E-005 0.9995 9.996E-005 9.996E-005 9.996E-005 9.996E-005
9.996E-005 9.996E-005 9.996E-005 9.996E-005 9.996E-005 0.9995
9.9982E-005 0.00513295 0.896068 0.0734974 9.9982E-005 0.0251013
9.996E-005 9.996E-005 9.996E-005 9.996E-005 9.996E-005 0.9995
0.00581495 0.00111642 0.876242 0.0890713 9.9991E-005 0.0276549
0.00319991 9.9991E-005 0.857464 0.0837909 0.00242747 0.0530175
9.9982E-005 0.00194315 0.897164 0.0762067 9.9982E-005 0.0244861
9.9991E-005 0.00218052 0.900934 0.0708258 0.00125894 0.0247003
9.996E-005 0.9995 9.996E-005 9.996E-005 9.996E-005 9.996E-005
9.996E-005 9.996E-005 0.9995 9.996E-005 9.996E-005 9.996E-005
9.9964E-005 9.9964E-005 0.998868 9.9964E-005 0.000732048 9.9964E-005
9.9973E-005 0.0025477 0.995786 9.9973E-005 0.00136679 9.9973E-005
9.9964E-005 0.00154277 9.9964E-005 0.998057 9.9964E-005 9.9964E-005
0.0049813 0.981535 0.00386836 0.00909428 0.000420834 9.9991E-005
9.9964E-005 9.9964E-005 0.0321014 0.967499 9.9964E-005 9.9964E-005
9.9964E-005 9.9964E-005 9.9964E-005 0.998244 9.9964E-005 0.00135582
9.9982E-005 0.00326826 0.0255174 0.968801 9.9982E-005 0.00221344
9.996E-005 9.996E-005 9.996E-005 0.9995 9.996E-005 9.996E-005
9.996E-005 9.996E-005 9.996E-005 0.9995 9.996E-005 9.996E-005
9.996E-005 9.996E-005 9.996E-005 9.996E-005 9.996E-005 0.9995
9.996E-005 9.996E-005 9.996E-005 9.996E-005 9.996E-005 0.9995
9.996E-005 9.996E-005 9.996E-005 9.996E-005 9.996E-005 0.9995
9.9964E-005 9.9964E-005 9.9964E-005 9.9964E-005 0.00174479 0.997855
9.9982E-005 0.0279949 0.0060618 0.948092 9.9982E-005 0.017651
9.996E-005 9.996E-005 9.996E-005 9.996E-005 9.996E-005 0.9995
9.996E-005 9.996E-005 9.996E-005 0.9995 9.996E-005 9.996E-005
9.9973E-005 0.00145853 0.0215945 0.976647 9.9973E-005 9.9973E-005
9.9964E-005 9.9964E-005 0.0160853 0.983515 9.9964E-005 9.9964E-005
9.9973E-005 0.000166469 0.00427928 0.995254 9.9973E-005 9.9973E-005
9.9964E-005 9.9964E-005 0.0238291 0.975771 9.9964E-005 9.9964E-005
9.9964E-005 9.9964E-005 9.9964E-005 0.994756 9.9964E-005 0.00484426
9.9982E-005 0.000294975 0.0178055 0.976902 9.9982E-005 0.00479768
9.9964E-005 9.9964E-005 0.0347005 0.9649 9.9964E-005 9.9964E-005
0.00254261 9.9991E-005 0.02796 0.950304 0.00495133 0.0141426
0.0047549 9.99746E-005 0.0299702 0.964975 9.99746E-005 9.99746E-005
0.00320022 9.9982E-005 9.9982E-005 0.993141 0.000680885 0.00277825
9.9973E-005 9.9973E-005 9.9973E-005 0.998962 0.000206776 0.000531779
0.000438327 9.9982E-005 0.0151482 0.979022 9.9982E-005 0.00519193
9.9973E-005 9.9973E-005 0.0281221 0.969876 0.00170241 9.9973E-005
9.99793E-005 9.99793E-005 0.0181309 0.973848 9.99793E-005 0.00772069
0.0104401 0.000212545 0.0133021 0.957669 0.0114642 0.00691181
0.992849 0.0067516 9.9964E-005 9.9964E-005 9.9964E-005 9.9964E-005
0.9995 9.996E-005 9.996E-005 9.996E-005 9.996E-005 9.996E-005
0.997149 9.9973E-005 9.9973E-005 0.00142114 9.9973E-005 0.00112948
0.00635091 9.9982E-005 9.9982E-005 0.979006 0.00858723 0.00585551
0.0376687 0.0147806 0.294493 0.156337 0.0272745 0.469446
0.00123635 0.00427045 9.9982E-005 0.00488765 0.989406 9.9982E-005
0.00254469 0.000931308 9.9973E-005 9.9973E-005 0.996224 9.9973E-005
9.996E-005 9.996E-005 9.996E-005 9.996E-005 0.9995 9.996E-005
0.00249198 0.00442235 9.9973E-005 9.9973E-005 0.992786 9.9973E-005
9.99783E-005 0.00287502 0.00166438 9.99783E-005 0.995161 9.99783E-005
9.996E-005 9.996E-005 9.996E-005 9.996E-005 0.9995 9.996E-005
0.915887 0.0651849 0.00333143 9.9982E-005 0.0153968 9.9982E-005
0.000357211 9.9964E-005 9.9964E-005 9.9964E-005 0.999243 9.9964E-005
0.998987 9.9964E-005 9.9964E-005 0.000613163 9.9964E-005 9.9964E-005
0.00432657 0.00171728 0.00121083 0.00661223 0.978987 0.00714576
0.00456192 9.99648E-005 9.99648E-005 9.99648E-005 0.995038 9.99648E-005
9.996E-005 9.996E-005 9.996E-005 9.996E-005 0.9995 9.996E-005
9.9964E-005 9.9964E-005 9.9964E-005 9.9964E-005 0.999382 0.000218222
0.00340662 0.000784083 0.0333922 0.952327 0.00128925 0.00880132
9.996E-005 9.996E-005 9.996E-005 9.996E-005 0.9995 9.996E-005
0.997746 9.9973E-005 0.00130266 9.9973E-005 0.0006516 9.9973E-005
0.00413633 0.00113219 0.00621299 0.986851 0.00156768 9.9991E-005
9.996E-005 9.996E-005 0.9995 9.996E-005 9.996E-005 9.996E-005
9.996E-005 9.996E-005 9.996E-005 9.996E-005 0.9995 9.996E-005
9.996E-005 0.9995 9.996E-005 9.996E-005 9.996E-005 9.996E-005
9.9973E-005 0.993703 9.9973E-005 0.00317518 0.0028217 9.9973E-005
9.996E-005 9.996E-005 0.9995 9.996E-005 9.996E-005 9.996E-005
9.996E-005 0.9995 9.996E-005 9.996E-005 9.996E-005 9.996E-005
9.9964E-005 9.9964E-005 0.000844699 0.998755 9.9964E-005 9.9964E-005
9.9973E-005 9.9973E-005 0.0138444 0.985517 9.9973E-005 0.00033864
0.00294029 0.000492922 0.0522012 0.94103 0.00185101 0.00148452
0.000462977 9.9964E-005 9.9964E-005 0.999137 9.9964E-005 9.9964E-005
9.9973E-005 9.9973E-005 0.0288547 0.965006 9.9973E-005 0.00583899
0.00765001 0.000769235 0.018716 0.968951 0.00381405 9.9991E-005
0.000454121 9.9973E-005 9.9973E-005 0.998193 0.00105327 9.9973E-005
9.996E-005 9.996E-005 0.9995 9.996E-005 9.996E-005 9.996E-005
9.996E-005 9.996E-005 0.9995 9.996E-005 9.996E-005 9.996E-005
9.996E-005 9.996E-005 9.996E-005 0.9995 9.996E-005 9.996E-005
0.994423 0.000674412 9.9973E-005 0.00460301 9.9973E-005 9.9973E-005
0.914136 0.0516469 0.0123689 0.00101148 0.0147866 0.0060497
0.900444 0.0685353 9.9982E-005 0.016219 0.0146017 9.9982E-005
0.596491 0.0962681 0.0788139 0.097952 0.0740265 0.0564486
0.914987 0.063645 0.00776776 9.9991E-005 0.013114 0.000386795
0.987653 0.00059059 0.0109989 9.9982E-005 0.000557143 9.9982E-005
0.9995 9.996E-005 9.996E-005 9.996E-005 9.996E-005 9.996E-005
0.9995 9.996E-005 9.996E-005 9.996E-005 9.996E-005 9.996E-005
0.917471 0.0576223 0.00684467 9.9991E-005 0.0165207 0.00144085
9.996E-005 9.996E-005 0.9995 9.996E-005 9.996E-005 9.996E-005
9.996E-005 0.9995 9.996E-005 9.996E-005 9.996E-005 9.996E-005
0.0839422 0.0428915 0.630714 0.100231 0.0824944 0.0597267
9.996E-005 9.996E-005 0.9995 9.996E-005 9.996E-005 9.996E-005
0.0007379 9.9964E-005 0.998862 9.9964E-005 9.9964E-005 9.9964E-005
9.9964E-005 0.998154 9.9964E-005 0.00144583 9.9964E-005 9.9964E-005
9.996E-005 9.996E-005 9.996E-005 9.996E-005 0.9995 9.996E-005
9.9982E-005 0.00527171 0.280531 0.660029 9.9982E-005 0.0539687
9.996E-005 9.996E-005 0.9995 9.996E-005 9.996E-005 9.996E-005
9.996E-005 9.996E-005 0.9995 9.996E-005 9.996E-005 9.996E-005
9.996E-005 9.996E-005 0.9995 9.996E-005 9.996E-005 9.996E-005
0.00110379 9.9964E-005 0.998496 9.9964E-005 9.9964E-005 9.9964E-005
9.996E-005 9.996E-005 0.9995 9.996E-005 9.996E-005 9.996E-005
9.996E-005 9.996E-005 0.9995 9.996E-005 9.996E-005 9.996E-005
