0.0264918 0.89483 0.0274728 0.0316762 0.0169848 9.9982E-005 0.00234472 9.9982E-005
0.00699421 0.902277 0.036277 0.025235 0.0277683 0.00124902 9.9982E-005 9.9982E-005
0.0581801 0.00404475 0.884359 0.0137678 0.0344361 0.000424594 0.00283539 0.00195186
0.0731419 0.00720469 0.882984 0.0163428 0.0200267 9.99802E-005 9.99802E-005 9.99802E-005
0.0428355 0.00513446 0.905774 0.00795046 0.0322704 0.000345575 9.9991E-005 0.00559005
0.00982378 9.9946E-005 0.989577 9.9946E-005 9.9946E-005 9.9946E-005 9.9946E-005 9.9946E-005
0.00435864 9.9946E-005 0.995042 9.9946E-005 9.9946E-005 9.9946E-005 9.9946E-005 9.9946E-005
9.994E-005 9.994E-005 0.9993 9.994E-005 9.994E-005 9.994E-005 9.994E-005 9.994E-005
0.00140303 9.9955E-005 9.9955E-005 9.9955E-005 9.9955E-005 0.00645906 9.9955E-005 0.991638
9.9964E-005 0.000274131 9.9964E-005 9.9964E-005 0.991929 0.00444987 9.9964E-005 0.00294739
9.99609E-005 9.99609E-005 9.99609E-005 9.99609E-005 0.994269 0.00299014 0.00224072 9.99609E-005
0.000596802 0.0196084 9.9991E-005 0.0157528 0.00521052 0.0503277 0.790591 0.117812
9.9955E-005 9.9955E-005 9.9955E-005 9.9955E-005 0.994857 0.00137267 0.00327021 9.9955E-005
9.9955E-005 9.9955E-005 9.9955E-005 9.9955E-005 0.995816 0.00270057 0.000983457 9.9955E-005
9.9964E-005 0.00158751 9.9964E-005 9.9964E-005 0.994891 0.000687244 0.002434 9.9964E-005
9.9964E-005 9.9964E-005 9.9964E-005 9.9964E-005 0.991058 0.0023976 0.0048473 0.00129745
0.00241663 0.0139992 0.0101841 0.00777311 0.00853923 0.0483422 0.788321 0.120425
0.965302 0.00397558 0.0151592 0.000686795 0.0145769 9.9973E-005 9.9973E-005 9.9973E-005
9.994E-005 0.9993 9.994E-005 9.994E-005 9.994E-005 9.994E-005 9.994E-005 9.994E-005
0.00479464 0.993498 9.9955E-005 9.9955E-005 0.00120709 9.9955E-005 9.9955E-005 9.9955E-005
9.994E-005 0.9993 9.994E-005 9.994E-005 9.994E-005 9.994E-005 9.994E-005 9.994E-005
9.994E-005 0.9993 9.994E-005 9.994E-005 9.994E-005 9.994E-005 9.994E-005 9.994E-005
9.9946E-005 0.998753 9.9946E-005 9.9946E-005 9.9946E-005 9.9946E-005 9.9946E-005 0.00064714
9.9946E-005 0.998062 0.00133824 9.9946E-005 9.9946E-005 9.9946E-005 9.9946E-005 9.9946E-005
9.994E-005 0.9993 9.994E-005 9.994E-005 9.994E-005 9.994E-005 9.994E-005 9.994E-005
9.994E-005 0.9993 9.994E-005 9.994E-005 9.994E-005 9.994E-005 9.994E-005 9.994E-005
9.994E-005 0.9993 9.994E-005 9.994E-005 9.994E-005 9.994E-005 9.994E-005 9.994E-005
9.9946E-005 0.998462 9.9946E-005 9.9946E-005 9.9946E-005 0.000938765 9.9946E-005 9.9946E-005
9.9955E-005 0.0204803 0.00878594 0.970234 9.9955E-005 9.9955E-005 9.9955E-005 9.9955E-005
0.00328387 0.00215137 0.0121936 0.979516 0.000273933 9.9982E-005 9.9982E-005 0.0023808
9.994E-005 9.994E-005 9.994E-005 0.9993 9.994E-005 9.994E-005 9.994E-005 9.994E-005
9.994E-005 9.994E-005 9.994E-005 0.9993 9.994E-005 9.994E-005 9.994E-005 9.994E-005
9.994E-005 9.994E-005 9.994E-005 0.9993 9.994E-005 9.994E-005 9.994E-005 9.994E-005
0.9993 9.994E-005 9.994E-005 9.994E-005 9.994E-005 9.994E-005 9.994E-005 9.994E-005
0.9993 9.994E-005 9.994E-005 9.994E-005 9.994E-005 9.994E-005 9.994E-005 9.994E-005
0.9993 9.994E-005 9.994E-005 9.994E-005 9.994E-005 9.994E-005 9.994E-005 9.994E-005
0.9993 9.994E-005 9.994E-005 9.994E-005 9.994E-005 9.994E-005 9.994E-005 9.994E-005
9.994E-005 9.994E-005 9.994E-005 9.994E-005 9.994E-005 9.994E-005 0.9993 9.994E-005
9.994E-005 9.994E-005 9.994E-005 0.9993 9.994E-005 9.994E-005 9.994E-005 9.994E-005
9.9955E-005 9.9955E-005 9.9955E-005 0.996859 9.9955E-005 9.9955E-005 0.00217181 0.000469044
9.994E-005 9.994E-005 9.994E-005 0.9993 9.994E-005 9.994E-005 9.994E-005 9.994E-005
9.9964E-005 9.9964E-005 9.9964E-005 0.995492 9.9964E-005 0.00250744 0.00100842 0.000592328
9.9955E-005 0.00277924 9.9955E-005 9.9955E-005 9.9955E-005 0.00314018 9.9955E-005 0.993581
9.9973E-005 0.00504163 9.9973E-005 0.00571078 0.00308489 9.9973E-005 0.00383889 0.982024
9.9946E-005 0.00330827 9.9946E-005 9.9946E-005 9.9946E-005 9.9946E-005 9.9946E-005 0.996092
0.00279517 0.000703709 0.00262991 9.9964E-005 9.9964E-005 9.9964E-005 9.9964E-005 0.993471
9.9946E-005 9.9946E-005 0.0088268 9.9946E-005 9.9946E-005 9.9946E-005 9.9946E-005 0.990574
9.9946E-005 9.9946E-005 9.9946E-005 0.0039052 9.9946E-005 9.9946E-005 9.9946E-005 0.995495
9.994E-005 9.994E-005 9.994E-005 9.994E-005 9.994E-005 9.994E-005 9.994E-005 0.9993
9.9955E-005 9.9955E-005 9.9955E-005 0.00154345 9.9955E-005 9.9955E-005 0.000354029 0.997603
9.9973E-005 9.9973E-005 0.0027083 9.9973E-005 0.993337 0.000136249 0.00155965 0.00195842
9.9973E-005 0.00827939 0.0191496 0.00853186 0.96294 9.9973E-005 9.9973E-005 0.000799119
0.0101618 0.000152105 0.010411 0.00259268 0.976383 9.9973E-005 9.9973E-005 9.9973E-005
0.00198141 9.9946E-005 9.9946E-005 9.9946E-005 0.997419 9.9946E-005 9.9946E-005 9.9946E-005
9.9964E-005 9.9964E-005 9.9964E-005 9.9964E-005 0.987406 0.00642294 0.00243155 0.00333923
9.9946E-005 9.9946E-005 9.9946E-005 0.00346418 0.995936 9.9946E-005 9.9946E-005 9.9946E-005
9.994E-005 9.994E-005 9.994E-005 9.994E-005 9.994E-005 0.9993 9.994E-005 9.994E-005
9.994E-005 9.994E-005 9.994E-005 9.994E-005 9.994E-005 9.994E-005 9.994E-005 0.9993
9.9955E-005 9.9955E-005 9.9955E-005 0.00256496 0.000149965 0.996785 9.9955E-005 9.9955E-005
9.994E-005 9.994E-005 9.994E-005 9.994E-005 9.994E-005 9.994E-005 9.994E-005 0.9993
9.9946E-005 9.9946E-005 9.9946E-005 0.00019144 9.9946E-005 9.9946E-005 9.9946E-005 0.999209
0.0296492 0.0103507 0.925132 0.0175522 0.0134865 0.000722417 9.9991E-005 0.00300688
9.9946E-005 9.9946E-005 0.998225 0.001175 9.9946E-005 9.9946E-005 9.9946E-005 9.9946E-005
9.994E-005 9.994E-005 0.9993 9.994E-005 9.994E-005 9.994E-005 9.994E-005 9.994E-005
0.0247876 0.000354555 0.925012 0.0119402 0.032343 0.00130394 0.00225015 0.00200845
0.0180414 0.00575893 0.93353 0.0109213 0.0262074 0.00160158 0.00197717 0.00196222
9.9955E-005 0.00210895 0.996784 9.9955E-005 0.000607355 9.9955E-005 9.9955E-005 9.9955E-005
9.994E-005 9.994E-005 9.994E-005 9.994E-005 9.994E-005 9.994E-005 9.994E-005 0.9993
9.9964E-005 0.00310198 9.9964E-005 0.00293549 9.9964E-005 0.00757673 9.9964E-005 0.985986
9.994E-005 9.994E-005 9.994E-005 9.994E-005 9.994E-005 9.994E-005 9.994E-005 0.9993
9.9946E-005 0.0064394 9.9946E-005 9.9946E-005 9.9946E-005 9.9946E-005 9.9946E-005 0.992961
9.99411E-005 9.99411E-005 9.99411E-005 9.99411E-005 9.99411E-005 9.99411E-005 9.99411E-005 0.9993
9.994E-005 9.994E-005 9.994E-005 9.994E-005 9.994E-005 9.994E-005 9.994E-005 0.9993
9.9946E-005 9.9946E-005 9.9946E-005 9.9946E-005 9.9946E-005 9.9946E-005 0.0104812 0.988919
9.9964E-005 9.9964E-005 0.00458924 0.00313658 9.9964E-005 9.9964E-005 0.0187358 0.973139
9.9973E-005 0.00197609 9.9973E-005 9.9973E-005 0.00455507 0.00597798 0.005684 0.981507
9.99603E-005 0.00333136 9.99603E-005 9.99603E-005 0.00197111 9.99603E-005 9.99603E-005 0.994198
9.9946E-005 9.9946E-005 9.9946E-005 9.9946E-005 9.9946E-005 9.9946E-005 0.0163236 0.983077
9.9946E-005 9.9946E-005 9.9946E-005 9.9946E-005 9.9946E-005 9.9946E-005 0.0103339 0.989066
9.9964E-005 9.9964E-005 9.9964E-005 0.00568097 9.9964E-005 0.0111332 0.00477128 0.978015
9.9955E-005 9.9955E-005 9.9955E-005 9.9955E-005 9.9955E-005 0.00205696 0.00715111 0.990292
0.0481868 0.00979027 0.901494 0.0121307 0.0280988 9.9973E-005 9.9973E-005 9.9973E-005
0.924537 0.00456495 0.0377317 0.00807562 0.0247909 9.9973E-005 9.9973E-005 9.9973E-005
0.983194 0.00207701 9.998E-005 9.998E-005 0.0125661 0.000399745 9.998E-005 0.00146276
9.994E-005 9.994E-005 9.994E-005 9.994E-005 9.994E-005 9.994E-005 0.9993 9.994E-005
9.994E-005 9.994E-005 9.994E-005 9.994E-005 9.994E-005 9.994E-005 0.9993 9.994E-005
0.980989 9.9955E-005 9.9955E-005 9.9955E-005 0.0177058 9.9955E-005 9.9955E-005 0.000805024
0.445549 0.0401662 0.324063 0.041219 0.138131 0.0029983 9.9991E-005 0.00777313
0.334056 0.0477796 0.242825 0.045373 0.154637 0.067298 0.0324863 0.0755449
0.0783998 0.0974459 0.0568889 0.743948 0.015609 0.00322684 9.9991E-005 0.00438196
0.0654654 0.0984124 0.0699609 0.733398 0.0282905 0.00210185 0.00131084 0.00106044
9.994E-005 9.994E-005 9.994E-005 9.994E-005 9.994E-005 9.994E-005 0.9993 9.994E-005
9.994E-005 9.994E-005 9.994E-005 9.994E-005 9.994E-005 9.994E-005 0.9993 9.994E-005
0.0750285 0.102122 0.0618034 0.740181 0.0155717 0.00331393 9.9991E-005 0.00187931
0.447265 0.037649 0.331154 0.0430902 0.138063 0.00106606 0.0016125 9.9991E-005
9.994E-005 9.994E-005 9.994E-005 9.994E-005 9.994E-005 9.994E-005 0.9993 9.994E-005
0.0626667 0.0988332 0.0701232 0.743342 0.0205045 0.00209189 9.9991E-005 0.00233888
0.918068 0.00633213 0.00822469 0.0135036 0.0439434 0.00287859 9.9991E-005 0.00694991
0.973165 9.9955E-005 0.0150716 9.9955E-005 0.0112632 9.9955E-005 9.9955E-005 9.9955E-005
0.438279 0.0444684 0.250261 0.0329722 0.138638 0.0369461 0.0149314 0.0435038
0.152488 0.289039 0.15252 0.274105 0.108888 0.0124879 9.9991E-005 0.010372
0.964667 9.9964E-005 0.0104066 0.00801048 0.0165159 9.9964E-005 9.9964E-005 9.9964E-005
0.944897 0.00904196 0.00260156 0.00903283 0.0341271 9.9973E-005 9.9973E-005 9.9973E-005
0.973119 9.9973E-005 0.00828911 9.9973E-005 0.0140596 9.9973E-005 0.00194231 0.00229036
9.9955E-005 9.9955E-005 9.9955E-005 0.000926712 9.9955E-005 0.00845637 0.990117 9.9955E-005
0.977349 9.9964E-005 0.0122105 0.00601958 0.00402153 9.9964E-005 9.9964E-005 9.9964E-005
9.994E-005 9.994E-005 9.994E-005 9.994E-005 9.994E-005 9.994E-005 0.9993 9.994E-005
0.9993 9.994E-005 9.994E-005 9.994E-005 9.994E-005 9.994E-005 9.994E-005 9.994E-005
9.994E-005 9.994E-005 9.994E-005 9.994E-005 9.994E-005 9.994E-005 0.9993 9.994E-005
9.994E-005 9.994E-005 9.994E-005 0.9993 9.994E-005 9.994E-005 9.994E-005 9.994E-005
0.9993 9.994E-005 9.994E-005 9.994E-005 9.994E-005 9.994E-005 9.994E-005 9.994E-005
9.9964E-005 0.0272547 0.0159861 0.938673 0.0176862 9.9964E-005 9.9964E-005 9.9964E-005
0.997674 9.9964E-005 9.9964E-005 9.9964E-005 9.9964E-005 0.000503949 0.00057712 0.000845544
0.992929 0.00455649 9.9955E-005 9.9955E-005 9.9955E-005 0.00201522 9.9955E-005 9.9955E-005
0.9993 9.994E-005 9.994E-005 9.994E-005 9.994E-005 9.994E-005 9.994E-005 9.994E-005
0.9993 9.994E-005 9.994E-005 9.994E-005 9.994E-005 9.994E-005 9.994E-005 9.994E-005
9.994E-005 9.994E-005 9.994E-005 9.994E-005 9.994E-005 9.994E-005 0.9993 9.994E-005
0.00571348 0.0149459 0.947944 9.9964E-005 0.0309967 9.9964E-005 9.9964E-005 9.9964E-005
9.9955E-005 0.00896986 0.976716 9.9955E-005 0.0138149 9.9955E-005 9.9955E-005 9.9955E-005
0.0349501 0.00185994 0.920325 0.0124127 0.0301526 9.9973E-005 9.9973E-005 9.9973E-005
0.00983679 9.9964E-005 0.00381082 9.9964E-005 0.983042 9.9964E-005 0.00291086 9.9964E-005
9.9973E-005 9.9973E-005 0.00880247 9.9973E-005 0.00355061 0.00363183 0.978649 0.00506632
0.015992 9.9964E-005 0.0209208 0.0065688 0.956119 9.9964E-005 9.9964E-005 9.9964E-005
9.994E-005 9.994E-005 9.994E-005 9.994E-005 0.9993 9.994E-005 9.994E-005 9.994E-005
0.0107257 0.00568557 0.0151373 0.00295019 0.965201 9.9973E-005 9.9973E-005 9.9973E-005
9.994E-005 9.994E-005 9.994E-005 9.994E-005 0.9993 9.994E-005 9.994E-005 9.994E-005
0.00375047 9.9946E-005 9.9946E-005 9.9946E-005 0.99565 9.9946E-005 9.9946E-005 9.9946E-005
9.994E-005 9.994E-005 9.994E-005 0.9993 9.994E-005 9.994E-005 9.994E-005 9.994E-005
9.994E-005 9.994E-005 9.994E-005 0.9993 9.994E-005 9.994E-005 9.994E-005 9.994E-005
9.994E-005 9.994E-005 9.994E-005 0.9993 9.994E-005 9.994E-005 9.994E-005 9.994E-005
9.9946E-005 9.9946E-005 9.9946E-005 0.995037 9.9946E-005 0.00436288 9.9946E-005 9.9946E-005
9.9973E-005 0.00615213 0.0104848 0.0127391 0.943272 9.9973E-005 0.027052 9.9973E-005
9.9955E-005 9.9955E-005 0.0230614 0.971792 0.00464681 9.9955E-005 9.9955E-005 9.9955E-005
9.994E-005 9.994E-005 9.994E-005 9.994E-005 0.9993 9.994E-005 9.994E-005 9.994E-005
0.0198496 9.9964E-005 0.00839683 0.00327676 0.968077 9.9964E-005 9.9964E-005 9.9964E-005
0.0301122 9.9964E-005 0.00555943 0.00361995 0.960309 9.9964E-005 9.9964E-005 9.9964E-005
0.00675081 9.9964E-005 0.0179761 0.00177646 0.973097 9.9964E-005 9.9964E-005 9.9964E-005
0.00793753 9.99704E-005 0.0183184 9.99704E-005 0.973033 9.99704E-005 0.000310794 9.99704E-005
9.9964E-005 0.00834214 9.9964E-005 9.9964E-005 0.989007 0.00155294 9.9964E-005 0.000698344
0.0112704 9.9964E-005 0.00708183 0.00377756 0.97747 9.9964E-005 9.9964E-005 9.9964E-005
0.00953436 9.9982E-005 0.0141897 0.00321872 0.97043 0.000296154 9.9982E-005 0.0021312
0.00086312 0.0134431 0.0268442 0.00314371 0.953059 9.9982E-005 9.9982E-005 0.00244731
0.0140787 0.00343591 0.0149452 0.00139621 0.961158 0.00151573 9.9991E-005 0.00336995
9.9973E-005 0.008331 9.9973E-005 0.00247641 0.98497 0.00287969 9.9973E-005 0.00104317
9.9982E-005 0.0188786 0.00577467 0.00386462 0.969465 0.00108946 9.9982E-005 0.000727266
0.0189449 9.9964E-005 0.0189196 0.00668485 0.955051 9.9964E-005 9.9964E-005 9.9964E-005
0.0215916 9.99826E-005 0.0189445 0.00485288 0.951987 9.99826E-005 0.000471853 0.00195239
0.00855107 0.00578412 0.00684882 0.00133338 0.976224 9.9982E-005 0.00105853 9.9982E-005
9.9991E-005 0.00245968 0.00236621 0.00407923 0.965867 0.0129602 0.00366861 0.00849941
9.9955E-005 9.9955E-005 0.00147048 9.9955E-005 9.9955E-005 9.9955E-005 0.0030868 0.994943
9.99411E-005 9.99411E-005 9.99411E-005 9.99411E-005 9.99411E-005 9.99411E-005 9.99411E-005 0.9993
9.9946E-005 9.9946E-005 9.9946E-005 9.9946E-005 9.9946E-005 0.0054717 9.9946E-005 0.993929
0.00410636 9.9982E-005 9.9982E-005 0.0058782 0.975922 0.00620126 0.00212119 0.00557127
0.128233 0.278992 0.128201 0.259682 0.133775 0.0246244 0.0197267 0.0267676
9.9946E-005 9.9946E-005 9.9946E-005 9.9946E-005 9.9946E-005 0.99518 0.0042205 9.9946E-005
9.9964E-005 0.000778061 9.9964E-005 0.0018357 9.9964E-005 0.994562 0.00242419 9.9964E-005
9.994E-005 9.994E-005 9.994E-005 9.994E-005 9.994E-005 0.9993 9.994E-005 9.994E-005
9.9955E-005 9.9955E-005 9.9955E-005 9.9955E-005 9.9955E-005 0.99104 0.00513343 0.00332708
0.00108967 9.9946E-005 9.9946E-005 9.9946E-005 9.9946E-005 0.998311 9.9946E-005 9.9946E-005
9.994E-005 9.994E-005 9.994E-005 9.994E-005 9.994E-005 0.9993 9.994E-005 9.994E-005
0.00492643 0.00125948 9.9982E-005 0.00182447 9.9982E-005 0.0106179 0.0682346 0.912937
9.994E-005 9.994E-005 9.994E-005 9.994E-005 9.994E-005 0.9993 9.994E-005 9.994E-005
9.994E-005 9.994E-005 9.994E-005 9.994E-005 9.994E-005 9.994E-005 9.994E-005 0.9993
9.9973E-005 0.00872493 0.00799013 9.9973E-005 0.000974882 0.976625 9.9973E-005 0.00538511
0.000429838 9.9964E-005 9.9964E-005 9.9964E-005 9.9964E-005 0.988279 0.00462062 0.00627059
9.994E-005 9.994E-005 9.994E-005 9.994E-005 9.994E-005 0.9993 9.994E-005 9.994E-005
9.9946E-005 9.9946E-005 9.9946E-005 9.9946E-005 9.9946E-005 0.995689 0.00371121 9.9946E-005
0.0205544 0.00328237 0.0148292 0.00572728 0.953287 0.000500456 0.00171885 9.9991E-005
9.994E-005 9.994E-005 9.994E-005 9.994E-005 9.994E-005 0.9993 9.994E-005 9.994E-005
9.9946E-005 9.9946E-005 9.9946E-005 9.9946E-005 9.9946E-005 0.00139534 9.9946E-005 0.998005
9.9946E-005 9.9946E-005 9.9946E-005 9.9946E-005 0.991697 9.9946E-005 9.9946E-005 0.00770334
9.9946E-005 9.9946E-005 0.99474 9.9946E-005 0.00465997 9.9946E-005 9.9946E-005 9.9946E-005
9.994E-005 9.994E-005 9.994E-005 9.994E-005 9.994E-005 0.9993 9.994E-005 9.994E-005
9.994E-005 9.994E-005 9.994E-005 9.994E-005 9.994E-005 9.994E-005 0.9993 9.994E-005
9.9964E-005 9.9964E-005 0.00495246 9.9964E-005 0.00193722 0.0010475 0.991663 9.9964E-005
9.994E-005 9.994E-005 0.9993 9.994E-005 9.994E-005 9.994E-005 9.994E-005 9.994E-005
9.994E-005 9.994E-005 9.994E-005 9.994E-005 9.994E-005 9.994E-005 0.9993 9.994E-005
0.0114391 9.9946E-005 9.9946E-005 9.9946E-005 0.987961 9.9946E-005 9.9946E-005 9.9946E-005
0.00907622 9.9964E-005 0.00188065 0.00911593 0.979527 9.9964E-005 9.9964E-005 9.9964E-005
0.039644 9.9973E-005 0.0250571 9.9973E-005 0.930631 0.000114126 9.9973E-005 0.00425386
9.9955E-005 0.00303155 9.9955E-005 9.9955E-005 0.996208 0.000260541 9.9955E-005 9.9955E-005
0.022805 9.9955E-005 0.0173425 9.9955E-005 0.959353 9.9955E-005 9.9955E-005 9.9955E-005
9.9991E-005 0.00228064 0.00425267 0.00815273 0.971708 0.00551775 0.00323466 0.00475401
9.9964E-005 0.00199375 9.9964E-005 0.00296298 0.994422 9.9964E-005 9.9964E-005 0.000221048
9.9946E-005 9.9946E-005 0.993596 9.9946E-005 0.00580437 9.9946E-005 9.9946E-005 9.9946E-005
9.994E-005 9.994E-005 0.9993 9.994E-005 9.994E-005 9.994E-005 9.994E-005 9.994E-005
9.9955E-005 9.9955E-005 0.004121 9.9955E-005 0.994704 9.9955E-005 0.000675181 9.9955E-005
9.9955E-005 9.9955E-005 9.9955E-005 9.9955E-005 0.00503353 9.9955E-005 0.00115496 0.993312
0.00334836 9.9982E-005 0.00633688 0.00657258 9.9982E-005 0.0169578 0.0599342 0.90665
9.9982E-005 9.9982E-005 0.00829446 0.00448928 0.00752191 0.012218 0.0717123 0.895564
0.0281225 0.0244139 0.062975 0.0326392 0.0903899 0.0735591 0.098995 0.588905
0.00556324 0.000214437 0.000573706 0.000749927 9.9991E-005 0.0142877 0.062663 0.915848
9.9955E-005 9.9955E-005 0.0130913 9.9955E-005 9.9955E-005 0.00261139 9.9955E-005 0.983797
9.9946E-005 9.9946E-005 9.9946E-005 9.9946E-005 0.00358935 9.9946E-005 9.9946E-005 0.995811
9.994E-005 9.994E-005 9.994E-005 9.994E-005 9.994E-005 9.994E-005 9.994E-005 0.9993
0.00412897 0.00777574 0.000210382 0.00113968 9.9991E-005 0.0167427 0.0621174 0.907785
9.994E-005 9.994E-005 0.9993 9.994E-005 9.994E-005 9.994E-005 9.994E-005 9.994E-005
9.994E-005 9.994E-005 9.994E-005 9.994E-005 9.994E-005 9.994E-005 0.9993 9.994E-005
0.0375752 0.0553271 0.564436 0.0575609 0.0882325 0.0798079 0.041515 0.0755452
9.9955E-005 9.9955E-005 0.997924 0.000570922 9.9955E-005 9.9955E-005 9.9955E-005 0.00100517
9.9955E-005 9.9955E-005 0.978428 0.00203255 0.0190396 9.9955E-005 9.9955E-005 9.9955E-005
9.9955E-005 9.9955E-005 0.000238454 9.9955E-005 9.9955E-005 9.9955E-005 0.999049 0.000212585
9.99515E-005 9.99515E-005 9.99515E-005 9.99515E-005 0.000459551 0.998941 9.99515E-005 9.99515E-005
0.145797 0.033237 0.133324 0.0282362 0.655298 0.000275333 0.00044451 0.00338838
9.994E-005 9.994E-005 0.9993 9.994E-005 9.994E-005 9.994E-005 9.994E-005 9.994E-005
9.994E-005 9.994E-005 0.9993 9.994E-005 9.994E-005 9.994E-005 9.994E-005 9.994E-005
9.994E-005 9.994E-005 0.9993 9.994E-005 9.994E-005 9.994E-005 9.994E-005 9.994E-005
9.994E-005 9.994E-005 0.9993 9.994E-005 9.994E-005 9.994E-005 9.994E-005 9.994E-005
9.994E-005 9.994E-005 0.9993 9.994E-005 9.994E-005 9.994E-005 9.994E-005 9.994E-005
9.994E-005 9.994E-005 0.9993 9.994E-005 9.994E-005 9.994E-005 9.994E-005 9.994E-005
