0.000201744 9.9964E-005 0.0282155 9.9964E-005 0.0117783 0.894551 0.0121158 0.0236222 9.9964E-005 9.9964E-005 0.0291156
0.00495132 0.00061832 0.0093797 9.9973E-005 0.0175385 0.91123 0.00667059 0.0191132 9.9973E-005 9.9973E-005 0.0301983
9.9982E-005 0.00144326 0.0120287 0.00247985 0.00785302 0.00441219 0.0577224 0.0232606 0.000194032 9.9982E-005 0.890406
9.9946E-005 9.9946E-005 0.0177592 9.9946E-005 9.9946E-005 0.000965929 0.078617 0.0223907 9.9946E-005 9.9946E-005 0.879668
9.997E-005 0.00063822 9.997E-005 9.997E-005 0.00434072 0.00439879 0.0384149 0.0272959 0.00379084 0.000745866 0.920075
9.9919E-005 9.9919E-005 9.9919E-005 9.9919E-005 9.9919E-005 9.9919E-005 9.9919E-005 0.000298959 9.9919E-005 9.9919E-005 0.998802
9.99101E-005 9.99101E-005 9.99101E-005 9.99101E-005 9.99101E-005 9.99101E-005 9.99101E-005 9.99101E-005 9.99101E-005 9.99101E-005 0.999001
9.99101E-005 9.99101E-005 9.99101E-005 9.99101E-005 9.99101E-005 9.99101E-005 9.99101E-005 9.99101E-005 9.99101E-005 9.99101E-005 0.999001
9.99191E-005 0.00737465 9.99191E-005 0.991726 9.99191E-005 9.99191E-005 9.99191E-005 9.99191E-005 9.99191E-005 9.99191E-005 9.99191E-005
0.000923585 0.00680835 9.9946E-005 0.00413111 9.9946E-005 0.00737339 9.9946E-005 0.980164 9.9946E-005 9.9946E-005 9.9946E-005
0.00115078 0.00282233 9.9946E-005 9.9946E-005 9.9946E-005 0.00216373 9.9946E-005 0.991918 0.00134559 9.9946E-005 9.9946E-005
9.9964E-005 0.055349 0.0183779 0.0697636 9.9964E-005 0.0135004 0.00268668 9.9964E-005 0.786045 0.0538774 9.9964E-005
9.9937E-005 0.000940269 9.9937E-005 9.9937E-005 9.9937E-005 0.000945424 9.9937E-005 0.994913 0.00250137 9.9937E-005 9.9937E-005
9.9937E-005 0.000453616 9.9937E-005 0.000616471 9.9937E-005 9.9937E-005 9.9937E-005 0.995556 0.00267405 9.9937E-005 9.9937E-005
9.9937E-005 0.00158797 9.9937E-005 9.9937E-005 9.9937E-005 0.000874189 9.9937E-005 0.993873 0.00296551 9.9937E-005 9.9937E-005
9.9928E-005 0.00335607 9.9928E-005 9.9928E-005 9.9928E-005 9.9928E-005 9.9928E-005 0.993704 0.00214072 9.9928E-005 9.9928E-005
9.9973E-005 0.0486202 0.0223426 0.0791522 9.9973E-005 0.00512866 0.0062309 0.00519366 0.777211 0.0558207 9.9973E-005
0.000906233 9.9955E-005 0.0018198 9.9955E-005 9.9955E-005 0.00267267 0.975452 0.00944164 9.9955E-005 9.9955E-005 0.00920761
9.99101E-005 9.99101E-005 9.99101E-005 9.99101E-005 9.99101E-005 0.999001 9.99101E-005 9.99101E-005 9.99101E-005 9.99101E-005 9.99101E-005
0.00133812 0.000260879 9.9937E-005 9.9937E-005 9.9937E-005 0.995564 9.9937E-005 9.9937E-005 9.9937E-005 0.00213747 9.9937E-005
9.9919E-005 9.9919E-005 9.9919E-005 9.9919E-005 9.9919E-005 0.99861 0.000490355 9.9919E-005 9.9919E-005 9.9919E-005 9.9919E-005
9.99101E-005 9.99101E-005 9.99101E-005 9.99101E-005 9.99101E-005 0.999001 9.99101E-005 9.99101E-005 9.99101E-005 9.99101E-005 9.99101E-005
9.9928E-005 0.000178954 9.9928E-005 0.00149978 9.9928E-005 0.997522 9.9928E-005 9.9928E-005 9.9928E-005 9.9928E-005 9.9928E-005
9.99101E-005 9.99101E-005 9.99101E-005 9.99101E-005 9.99101E-005 0.999001 9.99101E-005 9.99101E-005 9.99101E-005 9.99101E-005 9.99101E-005
9.99191E-005 9.99191E-005 0.00120078 9.99191E-005 9.99191E-005 0.9979 9.99191E-005 9.99191E-005 9.99191E-005 9.99191E-005 9.99191E-005
9.9919E-005 9.9919E-005 9.9919E-005 9.9919E-005 9.9919E-005 0.996326 9.9919E-005 0.0027748 9.9919E-005 9.9919E-005 9.9919E-005
9.99101E-005 9.99101E-005 9.99101E-005 9.99101E-005 9.99101E-005 0.999001 9.99101E-005 9.99101E-005 9.99101E-005 9.99101E-005 9.99101E-005
9.9937E-005 0.00301203 9.9937E-005 9.9937E-005 9.9937E-005 0.994402 9.9937E-005 9.9937E-005 0.000303742 0.0015828 9.9937E-005
9.9937E-005 9.9937E-005 0.0921814 9.9937E-005 0.88063 0.0254918 9.9937E-005 9.9937E-005 0.00099739 9.9937E-005 9.9937E-005
0.00167224 9.9955E-005 0.0718496 9.9955E-005 0.904247 9.9955E-005 0.00270966 0.00371433 9.9955E-005 9.9955E-005 0.0153071
9.99101E-005 9.99101E-005 9.99101E-005 9.99101E-005 0.999001 9.99101E-005 9.99101E-005 9.99101E-005 9.99101E-005 9.99101E-005 9.99101E-005
9.99101E-005 9.99101E-005 9.99101E-005 9.99101E-005 0.999001 9.99101E-005 9.99101E-005 9.99101E-005 9.99101E-005 9.99101E-005 9.99101E-005
9.9928E-005 9.9928E-005 0.000450085 9.9928E-005 0.996621 0.00212944 9.9928E-005 9.9928E-005 9.9928E-005 9.9928E-005 9.9928E-005
9.99101E-005 9.99101E-005 9.99101E-005 9.99101E-005 9.99101E-005 9.99101E-005 0.999001 9.99101E-005 9.99101E-005 9.99101E-005 9.99101E-005
9.99101E-005 9.99101E-005 9.99101E-005 9.99101E-005 9.99101E-005 9.99101E-005 0.999001 9.99101E-005 9.99101E-005 9.99101E-005 9.99101E-005
9.99101E-005 9.99101E-005 9.99101E-005 9.99101E-005 9.99101E-005 9.99101E-005 0.999001 9.99101E-005 9.99101E-005 9.99101E-005 9.99101E-005
9.99101E-005 9.99101E-005 9.99101E-005 9.99101E-005 9.99101E-005 9.99101E-005 0.999001 9.99101E-005 9.99101E-005 9.99101E-005 9.99101E-005
9.99101E-005 9.99101E-005 9.99101E-005 9.99101E-005 9.99101E-005 9.99101E-005 9.99101E-005 9.99101E-005 0.999001 9.99101E-005 9.99101E-005
9.99398E-005 9.99398E-005 9.99398E-005 9.99398E-005 0.995744 0.000455254 9.99398E-005 0.00213983 0.000961149 9.99398E-005 9.99398E-005
9.9946E-005 0.000739755 9.9946E-005 0.00250937 0.983223 9.9946E-005 0.0121585 0.000769226 9.9946E-005 9.9946E-005 9.9946E-005
9.9937E-005 0.000306381 9.9937E-005 9.9937E-005 0.997853 9.9937E-005 9.9937E-005 0.000595877 9.9937E-005 0.000544869 9.9937E-005
9.9928E-005 0.000144724 9.9928E-005 0.00321988 0.995836 9.9928E-005 9.9928E-005 9.9928E-005 9.9928E-005 9.9928E-005 9.9928E-005
9.9928E-005 0.00490692 9.9928E-005 0.994141 9.9928E-005 0.000152774 9.9928E-005 9.9928E-005 9.9928E-005 9.9928E-005 9.9928E-005
0.0108421 0.000101848 0.00639434 0.912517 9.9973E-005 9.9973E-005 9.9973E-005 0.000593171 0.0119461 0.0559166 0.00138937
9.9928E-005 0.00494255 9.9928E-005 0.992161 9.9928E-005 0.0020974 9.9928E-005 9.9928E-005 9.9928E-005 9.9928E-005 9.9928E-005
0.00746969 9.9946E-005 9.9946E-005 0.981501 9.9946E-005 9.9946E-005 9.9946E-005 0.00810578 0.00112092 9.9946E-005 0.00120291
0.00365063 0.000213602 0.000326201 0.986819 9.9955E-005 9.9955E-005 9.9955E-005 9.9955E-005 0.00226354 9.9955E-005 0.00622771
9.9937E-005 0.000101399 9.9937E-005 0.9879 9.9937E-005 9.9937E-005 0.00514303 9.9937E-005 9.9937E-005 0.00615621 9.9937E-005
9.99191E-005 9.99191E-005 9.99191E-005 0.995915 9.99191E-005 9.99191E-005 9.99191E-005 0.00318525 9.99191E-005 9.99191E-005 9.99191E-005
0.00413476 9.9937E-005 9.9937E-005 0.981081 9.9937E-005 9.9937E-005 9.9937E-005 9.9937E-005 0.00224296 0.0118413 9.9937E-005
0.00320924 9.99371E-005 9.99371E-005 9.99371E-005 0.00281965 9.99371E-005 9.99371E-005 0.990937 0.00233406 9.99371E-005 9.99371E-005
9.9964E-005 0.000821283 0.00551001 0.00128268 9.9964E-005 0.00850539 0.00340262 0.967511 9.9964E-005 9.9964E-005 0.0125667
9.9955E-005 9.9955E-005 0.00921354 9.9955E-005 0.00139522 0.00223908 0.0126947 0.944321 9.9955E-005 9.9955E-005 0.0296367
9.99374E-005 9.99374E-005 0.00080024 9.99374E-005 9.99374E-005 0.00267759 0.00606583 0.989757 9.99374E-005 9.99374E-005 9.99374E-005
0.00382068 0.0036207 9.9946E-005 0.0004786 9.9946E-005 9.9946E-005 9.9946E-005 0.985179 0.0063009 9.9946E-005 9.9946E-005
9.99191E-005 9.99191E-005 9.99191E-005 9.99191E-005 9.99191E-005 9.99191E-005 0.00283421 0.996267 9.99191E-005 9.99191E-005 9.99191E-005
9.99101E-005 0.999001 9.99101E-005 9.99101E-005 9.99101E-005 9.99101E-005 9.99101E-005 9.99101E-005 9.99101E-005 9.99101E-005 9.99101E-005
9.99101E-005 9.99101E-005 9.99101E-005 0.999001 9.99101E-005 9.99101E-005 9.99101E-005 9.99101E-005 9.99101E-005 9.99101E-005 9.99101E-005
9.9937E-005 0.995557 0.00245855 9.9937E-005 9.9937E-005 9.9937E-005 0.000795347 9.9937E-005 9.9937E-005 0.000489422 9.9937E-005
9.99101E-005 9.99101E-005 9.99101E-005 0.999001 9.99101E-005 9.99101E-005 9.99101E-005 9.99101E-005 9.99101E-005 9.99101E-005 9.99101E-005
9.9937E-005 9.9937E-005 9.9937E-005 0.996257 0.000518054 9.9937E-005 9.9937E-005 9.9937E-005 0.00122803 9.9937E-005 0.00129737
9.9973E-005 0.000745928 0.0214741 0.000883003 0.00621815 0.0117925 0.0300775 0.00925064 9.9973E-005 9.9973E-005 0.919258
9.99101E-005 9.99101E-005 9.99101E-005 9.99101E-005 9.99101E-005 9.99101E-005 9.99101E-005 9.99101E-005 9.99101E-005 9.99101E-005 0.999001
9.9919E-005 9.9919E-005 9.9919E-005 9.9919E-005 9.9919E-005 9.9919E-005 0.00563902 9.9919E-005 9.9919E-005 9.9919E-005 0.993462
0.00316751 0.00177641 0.00700436 0.00452411 9.9973E-005 0.00273739 0.014619 0.0309767 9.9973E-005 9.9973E-005 0.934895
9.9982E-005 0.000597262 0.00283618 9.9982E-005 0.00715111 0.00532786 0.022017 0.027576 0.000364456 0.00335715 0.930573
9.9928E-005 9.9928E-005 0.00640563 9.9928E-005 9.9928E-005 0.00508976 9.9928E-005 9.9928E-005 9.9928E-005 9.9928E-005 0.987705
9.99191E-005 9.99191E-005 9.99191E-005 0.995994 9.99191E-005 9.99191E-005 0.00310707 9.99191E-005 9.99191E-005 9.99191E-005 9.99191E-005
9.9955E-005 0.00863999 0.001611 0.926814 9.9955E-005 0.00557786 9.9955E-005 9.9955E-005 0.00250059 0.0543563 9.9955E-005
0.00579684 9.9919E-005 9.9919E-005 0.993304 9.9919E-005 9.9919E-005 9.9919E-005 9.9919E-005 9.9919E-005 9.9919E-005 9.9919E-005
9.9937E-005 0.00146925 9.9937E-005 0.996988 9.9937E-005 0.000203341 0.000639882 9.9937E-005 9.9937E-005 9.9937E-005 9.9937E-005
9.9928E-005 0.00466612 9.9928E-005 0.993151 9.9928E-005 0.00138352 9.9928E-005 9.9928E-005 9.9928E-005 9.9928E-005 9.9928E-005
0.000502404 9.9937E-005 9.9937E-005 0.985653 9.9937E-005 9.9937E-005 9.9937E-005 9.9937E-005 0.00491491 0.00822992 9.9937E-005
9.9928E-005 9.9928E-005 9.9928E-005 0.92263 9.9928E-005 9.9928E-005 9.9928E-005 9.9928E-005 0.0102289 0.0663417 9.9928E-005
0.00412904 0.00150688 9.9964E-005 0.909227 9.9964E-005 9.9964E-005 0.00674688 9.9964E-005 0.0122197 0.0639379 0.00183249
9.9964E-005 0.00143666 0.00323236 0.900951 0.00504276 0.00142757 9.9964E-005 9.9964E-005 0.00614551 0.0813639 9.9964E-005
9.99191E-005 9.99191E-005 9.99191E-005 0.989257 9.99191E-005 0.00984423 9.99191E-005 9.99191E-005 9.99191E-005 9.99191E-005 9.99191E-005
9.99281E-005 9.99281E-005 9.99281E-005 0.904147 9.99281E-005 9.99281E-005 9.99281E-005 9.99281E-005 0.0194211 0.0756329 9.99281E-005
0.0152681 9.9937E-005 9.9937E-005 0.901023 9.9937E-005 9.9937E-005 9.9937E-005 9.9937E-005 0.0110443 0.0719647 9.9937E-005
9.9946E-005 0.0127216 0.00833352 0.91613 9.9946E-005 9.9946E-005 9.9946E-005 9.9946E-005 0.00698572 0.0552296 9.9946E-005
9.9946E-005 0.00114324 0.00312115 0.916985 9.9946E-005 9.9946E-005 9.9946E-005 9.9946E-005 0.00884053 0.0693099 9.9946E-005
9.9955E-005 9.9955E-005 0.0131027 9.9955E-005 0.00290337 0.0139736 0.0533623 0.0321952 9.9955E-005 9.9955E-005 0.883963
9.99626E-005 9.99626E-005 0.0108307 9.99626E-005 0.00279408 0.00736923 0.91828 0.0275772 9.99626E-005 9.99626E-005 0.0326485
9.99191E-005 9.99191E-005 9.99191E-005 9.99191E-005 9.99191E-005 9.99191E-005 0.993868 0.00523269 9.99191E-005 9.99191E-005 9.99191E-005
0.00396064 9.9928E-005 9.9928E-005 9.9928E-005 9.9928E-005 9.9928E-005 9.9928E-005 0.00156148 0.993678 9.9928E-005 9.9928E-005
9.99101E-005 9.99101E-005 9.99101E-005 9.99101E-005 9.99101E-005 9.99101E-005 9.99101E-005 9.99101E-005 0.999001 9.99101E-005 9.99101E-005
9.9928E-005 9.9928E-005 9.9928E-005 9.9928E-005 9.9928E-005 9.9928E-005 0.985923 0.0126952 9.9928E-005 0.000582169 9.9928E-005
9.998E-005 0.00721843 0.0311343 0.0025352 0.018357 0.041053 0.45411 0.131032 9.998E-005 0.00106242 0.313298
0.00177792 0.0590856 0.0201477 0.0741343 0.0405117 0.0553454 0.340989 0.145012 0.036632 9.9991E-005 0.226265
9.99101E-005 9.99101E-005 0.999001 9.99101E-005 9.99101E-005 9.99101E-005 9.99101E-005 9.99101E-005 9.99101E-005 9.99101E-005 9.99101E-005
9.9946E-005 9.9946E-005 0.958133 9.9946E-005 0.0325183 9.9946E-005 0.00661905 0.000148745 9.9946E-005 9.9946E-005 0.00198175
9.99101E-005 9.99101E-005 9.99101E-005 9.99101E-005 9.99101E-005 9.99101E-005 9.99101E-005 9.99101E-005 0.999001 9.99101E-005 9.99101E-005
9.99101E-005 9.99101E-005 9.99101E-005 9.99101E-005 9.99101E-005 9.99101E-005 9.99101E-005 9.99101E-005 0.999001 9.99101E-005 9.99101E-005
9.99101E-005 9.99101E-005 0.999001 9.99101E-005 9.99101E-005 9.99101E-005 9.99101E-005 9.99101E-005 9.99101E-005 9.99101E-005 9.99101E-005
0.00113103 0.000318557 0.0204901 9.99759E-005 0.0227641 0.0405872 0.454458 0.136347 9.99759E-005 9.99759E-005 0.323605
9.99101E-005 9.99101E-005 9.99101E-005 9.99101E-005 9.99101E-005 9.99101E-005 9.99101E-005 9.99101E-005 0.999001 9.99101E-005 9.99101E-005
9.99101E-005 9.99101E-005 0.999001 9.99101E-005 9.99101E-005 9.99101E-005 9.99101E-005 9.99101E-005 9.99101E-005 9.99101E-005 9.99101E-005
9.9973E-005 0.00413126 0.00257595 0.00687313 0.00342252 0.00986372 0.924764 0.0208496 9.9973E-005 9.9973E-005 0.0272203
9.9946E-005 9.9946E-005 0.00101862 9.9946E-005 0.00583392 9.9946E-005 0.974523 0.0140376 9.9946E-005 9.9946E-005 0.00398733
0.0036552 0.0386502 0.0153621 0.0283104 0.0316226 0.0434627 0.430787 0.132007 0.0169553 0.00805935 0.251129
9.9982E-005 0.0115583 0.226015 0.00925441 0.104702 0.262676 0.143912 0.117666 0.00110164 9.9982E-005 0.122914
9.9955E-005 9.9955E-005 9.9955E-005 9.9955E-005 9.9955E-005 0.00468597 0.964881 0.0117114 0.00166374 0.000583805 0.0159743
0.000806036 9.9964E-005 0.00597267 9.9964E-005 0.000562504 0.0120028 0.960755 0.0175013 9.9964E-005 9.9964E-005 0.0020003
0.000150084 0.00294321 9.9964E-005 0.0028039 0.00581266 9.9964E-005 0.96552 0.022205 0.000165635 9.9964E-005 9.9964E-005
9.9928E-005 0.00454987 9.9928E-005 9.9928E-005 9.9928E-005 0.00338639 9.9928E-005 9.9928E-005 0.991264 9.9928E-005 9.9928E-005
9.9937E-005 9.9937E-005 9.9937E-005 9.9937E-005 0.00721174 9.9937E-005 0.973508 0.00429342 9.9937E-005 9.9937E-005 0.0142873
9.99191E-005 9.99191E-005 9.99191E-005 9.99191E-005 9.99191E-005 9.99191E-005 9.99191E-005 9.99191E-005 0.996574 0.00252685 9.99191E-005
9.99101E-005 9.99101E-005 9.99101E-005 9.99101E-005 9.99101E-005 9.99101E-005 0.999001 9.99101E-005 9.99101E-005 9.99101E-005 9.99101E-005
9.99101E-005 9.99101E-005 9.99101E-005 9.99101E-005 9.99101E-005 9.99101E-005 9.99101E-005 9.99101E-005 0.999001 9.99101E-005 9.99101E-005
9.9946E-005 9.9946E-005 9.9946E-005 0.000895613 0.992011 0.000300285 0.00575837 9.9946E-005 0.000435111 9.9946E-005 9.9946E-005
9.99101E-005 9.99101E-005 9.99101E-005 9.99101E-005 9.99101E-005 9.99101E-005 0.999001 9.99101E-005 9.99101E-005 9.99101E-005 9.99101E-005
9.9955E-005 9.9955E-005 0.0890129 9.9955E-005 0.851871 0.0285457 9.9955E-005 0.00634339 0.0012203 9.9955E-005 0.0225069
9.9919E-005 9.9919E-005 9.9919E-005 0.000635896 9.9919E-005 9.9919E-005 0.998465 9.9919E-005 9.9919E-005 9.9919E-005 9.9919E-005
9.9928E-005 0.000476326 9.9928E-005 9.9928E-005 9.9928E-005 0.000641969 0.998082 9.9928E-005 9.9928E-005 9.9928E-005 9.9928E-005
9.99101E-005 9.99101E-005 9.99101E-005 9.99101E-005 9.99101E-005 9.99101E-005 0.999001 9.99101E-005 9.99101E-005 9.99101E-005 9.99101E-005
9.99101E-005 9.99101E-005 9.99101E-005 9.99101E-005 9.99101E-005 9.99101E-005 0.999001 9.99101E-005 9.99101E-005 9.99101E-005 9.99101E-005
9.99101E-005 9.99101E-005 9.99101E-005 9.99101E-005 9.99101E-005 9.99101E-005 9.99101E-005 9.99101E-005 0.999001 9.99101E-005 9.99101E-005
9.9937E-005 9.9937E-005 9.9937E-005 9.9937E-005 9.9937E-005 0.0155734 0.00248863 0.0183182 9.9937E-005 9.9937E-005 0.96292
9.9946E-005 0.000791446 9.9946E-005 9.9946E-005 9.9946E-005 0.0147523 9.9946E-005 0.0101774 9.9946E-005 0.00176917 0.97191
9.9964E-005 9.9964E-005 0.0121023 9.9964E-005 0.00445615 0.00170659 0.0403814 0.0248441 0.00222704 9.9964E-005 0.913883
9.9946E-005 0.000743809 0.00133344 9.9946E-005 0.000603074 0.00545661 9.9946E-005 0.991263 9.9946E-005 9.9946E-005 9.9946E-005
0.0101309 0.00373539 0.000934939 9.9973E-005 0.00152016 0.0017012 9.9973E-005 0.00285121 0.972439 9.9973E-005 0.0063877
9.9955E-005 9.9955E-005 0.00199858 9.9955E-005 0.00161472 0.00103675 0.0153161 0.965754 9.9955E-005 9.9955E-005 0.0137796
9.9928E-005 9.9928E-005 9.9928E-005 9.9928E-005 9.9928E-005 9.9928E-005 0.00374842 0.992128 9.9928E-005 9.9928E-005 0.00332458
0.00154628 9.9955E-005 0.00962343 9.9955E-005 9.9955E-005 0.0100211 0.00073887 0.959426 9.9955E-005 9.9955E-005 0.0181442
0.000488378 9.9928E-005 9.9928E-005 9.9928E-005 9.9928E-005 9.9928E-005 9.9928E-005 0.9981 9.9928E-005 9.9928E-005 0.000612292
9.9937E-005 9.9937E-005 0.00561073 9.9937E-005 9.9937E-005 9.9937E-005 0.00386792 0.987872 9.9937E-005 9.9937E-005 0.0019494
9.99101E-005 9.99101E-005 9.99101E-005 9.99101E-005 0.999001 9.99101E-005 9.99101E-005 9.99101E-005 9.99101E-005 9.99101E-005 9.99101E-005
9.99101E-005 9.99101E-005 9.99101E-005 9.99101E-005 0.999001 9.99101E-005 9.99101E-005 9.99101E-005 9.99101E-005 9.99101E-005 9.99101E-005
0.00334237 9.9928E-005 9.9928E-005 9.9928E-005 0.994318 9.9928E-005 9.9928E-005 9.9928E-005 9.9928E-005 9.9928E-005 0.00154033
0.0100224 0.00209931 9.9928E-005 9.9928E-005 0.987079 9.9928E-005 9.9928E-005 9.9928E-005 9.9928E-005 9.9928E-005 9.9928E-005
0.000683935 9.9937E-005 9.9937E-005 9.9937E-005 0.0197265 9.9937E-005 9.9937E-005 0.949988 0.0289025 9.9937E-005 9.9937E-005
9.9946E-005 9.9946E-005 0.075539 9.9946E-005 0.892793 0.0051892 9.9946E-005 0.00534637 9.9946E-005 9.9946E-005 0.020533
9.99101E-005 9.99101E-005 9.99101E-005 9.99101E-005 9.99101E-005 9.99101E-005 9.99101E-005 0.999001 9.99101E-005 9.99101E-005 9.99101E-005
9.9946E-005 9.9946E-005 0.00334854 9.9946E-005 0.00298226 9.9946E-005 0.0245786 0.956878 9.9946E-005 9.9946E-005 0.0116131
9.9946E-005 9.9946E-005 9.9946E-005 9.9946E-005 0.00194856 9.9946E-005 0.0347275 0.951571 9.9946E-005 0.000455894 0.010697
9.9928E-005 9.9928E-005 9.9928E-005 9.9928E-005 9.9928E-005 9.9928E-005 0.00723376 0.987771 9.9928E-005 9.9928E-005 0.00419617
9.9937E-005 0.000368346 9.9937E-005 9.9937E-005 9.9937E-005 9.9937E-005 0.0128136 0.965991 9.9937E-005 9.9937E-005 0.0201275
9.9937E-005 0.00169066 9.9937E-005 9.9937E-005 0.00504023 0.00644364 9.9937E-005 0.986126 9.9937E-005 9.9937E-005 9.9937E-005
9.9964E-005 9.9964E-005 0.00221117 9.9964E-005 0.000414604 0.000816098 0.0221225 0.956592 0.00235536 9.9964E-005 0.0150888
9.9937E-005 9.9937E-005 0.00163632 9.9937E-005 9.9937E-005 9.9937E-005 0.026636 0.95157 9.9937E-005 9.9937E-005 0.0194577
9.9946E-005 0.00189005 9.9946E-005 9.9946E-005 0.009171 0.0124053 9.9946E-005 0.95704 9.9946E-005 9.9946E-005 0.0188945
0.00423262 9.9955E-005 9.9955E-005 9.9955E-005 0.00551213 9.9955E-005 0.0163795 0.961238 0.003113 9.9955E-005 0.00902452
9.9937E-005 9.9937E-005 9.9937E-005 9.9937E-005 0.00267013 0.0129337 9.9937E-005 0.979601 9.9937E-005 0.0040956 9.9937E-005
9.9946E-005 0.000169681 0.00631036 9.9946E-005 0.00128332 0.0152513 9.9946E-005 0.976386 9.9946E-005 9.9946E-005 9.9946E-005
9.9946E-005 9.9946E-005 0.0031207 9.9946E-005 0.00202008 9.9946E-005 0.0200978 0.967196 9.9946E-005 9.9946E-005 0.00696625
9.9946E-005 0.00158843 0.00375293 9.9946E-005 9.9946E-005 9.9946E-005 0.0124236 0.953791 9.9946E-005 9.9946E-005 0.0278447
9.9955E-005 9.9955E-005 0.00324828 9.9955E-005 0.00543159 0.00384478 0.0141635 0.971239 9.9955E-005 9.9955E-005 0.00157273
0.00192284 0.0147316 0.00537055 0.0101972 0.00434993 9.9982E-005 0.00690955 0.945424 0.00238132 9.9982E-005 0.00851281
0.00607168 9.9937E-005 9.9937E-005 0.981018 9.9937E-005 9.9937E-005 9.9937E-005 9.9937E-005 0.00782782 0.00438327 9.9937E-005
0.00714348 9.99281E-005 9.99281E-005 0.989489 9.99281E-005 9.99281E-005 9.99281E-005 0.00256833 9.99281E-005 9.99281E-005 9.99281E-005
9.993E-005 0.000338833 9.993E-005 0.996348 0.000868025 9.993E-005 9.993E-005 9.993E-005 9.993E-005 9.993E-005 0.00174593
0.00325343 0.00599123 9.9982E-005 0.00322274 0.00313136 0.00299592 0.00196584 0.968665 9.9982E-005 0.00176982 0.00880421
0.00843109 0.021671 0.25408 0.02261 0.082386 0.246505 0.111278 0.123467 0.0154571 9.9991E-005 0.114016
9.9928E-005 0.99613 9.9928E-005 9.9928E-005 9.9928E-005 9.9928E-005 9.9928E-005 0.00113178 0.00193872 9.9928E-005 9.9928E-005
9.9946E-005 0.990489 0.00309983 0.000884854 9.9946E-005 0.000759235 9.9946E-005 9.9946E-005 0.00416766 9.9946E-005 9.9946E-005
9.99101E-005 0.999001 9.99101E-005 9.99101E-005 9.99101E-005 9.99101E-005 9.99101E-005 9.99101E-005 9.99101E-005 9.99101E-005 9.99101E-005
9.9946E-005 0.99185 9.9946E-005 9.9946E-005 9.9946E-005 0.00100959 0.00139961 9.9946E-005 0.00451498 0.000626225 9.9946E-005
0.000962827 0.998138 9.99191E-005 9.99191E-005 9.99191E-005 9.99191E-005 9.99191E-005 9.99191E-005 9.99191E-005 9.99191E-005 9.99191E-005
9.99101E-005 0.999001 9.99101E-005 9.99101E-005 9.99101E-005 9.99101E-005 9.99101E-005 9.99101E-005 9.99101E-005 9.99101E-005 9.99101E-005
9.99101E-005 9.99101E-005 9.99101E-005 9.99101E-005 9.99101E-005 9.99101E-005 9.99101E-005 9.99101E-005 9.99101E-005 0.999001 9.99101E-005
9.99101E-005 0.999001 9.99101E-005 9.99101E-005 9.99101E-005 9.99101E-005 9.99101E-005 9.99101E-005 9.99101E-005 9.99101E-005 9.99101E-005
0.00127254 9.9928E-005 9.9928E-005 0.996706 9.9928E-005 9.9928E-005 9.9928E-005 9.9928E-005 9.9928E-005 9.9928E-005 0.00122217
0.0088579 0.978909 9.9937E-005 9.9937E-005 9.9937E-005 9.9937E-005 9.9937E-005 0.00798815 9.9937E-005 9.9937E-005 0.00354525
9.9937E-005 0.991417 9.9937E-005 0.000949879 9.9937E-005 9.9937E-005 9.9937E-005 9.9937E-005 0.00295779 0.00397589 9.9937E-005
9.99101E-005 0.999001 9.99101E-005 9.99101E-005 9.99101E-005 9.99101E-005 9.99101E-005 9.99101E-005 9.99101E-005 9.99101E-005 9.99101E-005
9.9928E-005 0.995799 9.9928E-005 9.9928E-005 0.00154906 9.9928E-005 0.00185224 9.9928E-005 9.9928E-005 9.9928E-005 9.9928E-005
9.9955E-005 9.9955E-005 0.00774694 9.9955E-005 9.9955E-005 0.00704528 0.0163545 0.960023 0.00180826 9.9955E-005 0.00652207
9.99101E-005 0.999001 9.99101E-005 9.99101E-005 9.99101E-005 9.99101E-005 9.99101E-005 9.99101E-005 9.99101E-005 9.99101E-005 9.99101E-005
9.9937E-005 0.0032561 9.9937E-005 0.992981 0.000730876 9.9937E-005 9.9937E-005 9.9937E-005 9.9937E-005 9.9937E-005 0.00233216
0.0031334 0.000474563 9.99596E-005 9.99596E-005 0.000209955 9.99596E-005 0.00503204 0.988687 0.00196277 9.99596E-005 9.99596E-005
9.9946E-005 9.9946E-005 0.00011018 9.9946E-005 0.000389788 0.00286751 9.9946E-005 0.00534956 9.9946E-005 9.9946E-005 0.990683
9.99344E-005 0.996501 9.99344E-005 9.99344E-005 9.99344E-005 9.99344E-005 9.99344E-005 9.99344E-005 9.99344E-005 0.000219271 0.00248015
9.9928E-005 9.9928E-005 9.9928E-005 9.9928E-005 9.9928E-005 9.9928E-005 0.000214605 0.000750741 0.998235 9.9928E-005 9.9928E-005
9.9928E-005 0.00144415 9.9928E-005 9.9928E-005 9.9928E-005 9.9928E-005 9.9928E-005 9.9928E-005 0.995134 9.9928E-005 0.00262214
9.9928E-005 9.9928E-005 0.00170858 9.9928E-005 9.9928E-005 9.9928E-005 0.0050646 9.9928E-005 9.9928E-005 9.9928E-005 0.992427
9.9919E-005 0.000555692 9.9919E-005 9.9919E-005 9.9919E-005 9.9919E-005 9.9919E-005 9.9919E-005 0.998545 9.9919E-005 9.9919E-005
9.99191E-005 9.99191E-005 9.99191E-005 9.99191E-005 9.99191E-005 9.99191E-005 0.0147422 0.984359 9.99191E-005 9.99191E-005 9.99191E-005
9.9937E-005 9.9937E-005 9.9937E-005 9.9937E-005 0.00132082 9.9937E-005 0.0116434 0.981666 9.9937E-005 9.9937E-005 0.00467019
9.9973E-005 0.0014467 0.00224403 0.00304659 9.9973E-005 9.9973E-005 0.0339796 0.930033 0.00289542 0.00372676 0.0223284
9.9928E-005 9.9928E-005 0.00516737 9.9928E-005 9.9928E-005 9.9928E-005 0.00857793 0.985455 9.9928E-005 9.9928E-005 9.9928E-005
9.9937E-005 9.9937E-005 0.00130959 9.9937E-005 9.9937E-005 9.9937E-005 0.0133185 0.947027 9.9937E-005 9.9937E-005 0.0376457
0.00757219 0.00269494 0.00468093 9.9964E-005 0.0020571 0.00188101 9.9964E-005 0.978351 9.9964E-005 9.9964E-005 0.00236344
9.9937E-005 9.9937E-005 0.00356786 9.9937E-005 9.9937E-005 0.000175386 9.9937E-005 0.994534 9.9937E-005 0.0010231 9.9937E-005
9.9937E-005 9.9937E-005 9.9937E-005 0.000141527 9.9937E-005 9.9937E-005 0.00614157 0.00341004 9.9937E-005 9.9937E-005 0.989607
0.00391424 9.9928E-005 9.9928E-005 9.9928E-005 9.9928E-005 9.9928E-005 9.9928E-005 0.00415671 9.9928E-005 9.9928E-005 0.99113
9.99101E-005 9.99101E-005 9.99101E-005 9.99101E-005 9.99101E-005 9.99101E-005 9.99101E-005 0.999001 9.99101E-005 9.99101E-005 9.99101E-005
0.0210855 9.99281E-005 9.99281E-005 0.977372 9.99281E-005 9.99281E-005 9.99281E-005 9.99281E-005 0.000743324 9.99281E-005 9.99281E-005
9.9928E-005 0.00199094 0.00533372 9.9928E-005 9.9928E-005 9.9928E-005 9.9928E-005 9.9928E-005 9.9928E-005 0.991876 9.9928E-005
0.0301416 9.9937E-005 9.9937E-005 9.9937E-005 9.9937E-005 9.9937E-005 9.9937E-005 0.0010606 0.000937608 0.967161 9.9937E-005
0.999001 9.99101E-005 9.99101E-005 9.99101E-005 9.99101E-005 9.99101E-005 9.99101E-005 9.99101E-005 9.99101E-005 9.99101E-005 9.99101E-005
9.9919E-005 9.9919E-005 9.9919E-005 0.004342 9.9919E-005 9.9919E-005 9.9919E-005 9.9919E-005 9.9919E-005 0.994759 9.9919E-005
0.0165288 0.00109665 9.9955E-005 0.970104 9.9955E-005 9.9955E-005 9.9955E-005 0.00721023 0.0022843 9.9955E-005 0.00227676
0.008857 9.99281E-005 9.99281E-005 0.989676 9.99281E-005 9.99281E-005 9.99281E-005 0.000667323 9.99281E-005 9.99281E-005 9.99281E-005
0.00151353 9.99191E-005 9.99191E-005 0.997587 9.99191E-005 9.99191E-005 9.99191E-005 9.99191E-005 9.99191E-005 9.99191E-005 9.99191E-005
9.9919E-005 0.000961144 9.9919E-005 9.9919E-005 9.9919E-005 9.9919E-005 9.9919E-005 9.9919E-005 9.9919E-005 0.99814 9.9919E-005
9.9919E-005 9.9919E-005 9.9919E-005 9.9919E-005 9.9919E-005 9.9919E-005 9.9919E-005 0.00522993 9.9919E-005 9.9919E-005 0.993871
9.99101E-005 9.99101E-005 9.99101E-005 9.99101E-005 9.99101E-005 9.99101E-005 9.99101E-005 9.99101E-005 0.999001 9.99101E-005 9.99101E-005
0.045757 0.0723191 0.00139063 0.0538372 0.0401241 0.0458161 0.0179799 0.0967486 0.0352614 9.9991E-005 0.590666
9.9928E-005 9.9928E-005 9.9928E-005 9.9928E-005 0.00139787 9.9928E-005 9.9928E-005 0.000761053 9.9928E-005 9.9928E-005 0.997042
0.000125621 9.9937E-005 0.000699196 9.9937E-005 9.9937E-005 9.9937E-005 9.9937E-005 0.0143063 9.9937E-005 9.9937E-005 0.984169
0.008814 9.9928E-005 9.9928E-005 9.9928E-005 9.9928E-005 9.9928E-005 9.9928E-005 0.0012672 0.989119 9.9928E-005 9.9928E-005
0.00352685 0.995149 9.9928E-005 9.9928E-005 9.9928E-005 0.000524558 9.9928E-005 9.9928E-005 9.9928E-005 9.9928E-005 9.9928E-005
9.9973E-005 9.9973E-005 0.0104403 0.00184751 0.0231362 0.041417 0.15092 0.637008 0.00117301 9.9973E-005 0.133758
9.99101E-005 9.99101E-005 9.99101E-005 9.99101E-005 9.99101E-005 9.99101E-005 9.99101E-005 9.99101E-005 9.99101E-005 9.99101E-005 0.999001
9.99101E-005 9.99101E-005 9.99101E-005 9.99101E-005 9.99101E-005 9.99101E-005 9.99101E-005 9.99101E-005 9.99101E-005 9.99101E-005 0.999001
9.99101E-005 9.99101E-005 9.99101E-005 9.99101E-005 9.99101E-005 9.99101E-005 9.99101E-005 9.99101E-005 9.99101E-005 9.99101E-005 0.999001
0.00292335 9.99191E-005 9.99191E-005 9.99191E-005 9.99191E-005 9.99191E-005 9.99191E-005 9.99191E-005 9.99191E-005 9.99191E-005 0.996177
9.99101E-005 9.99101E-005 9.99101E-005 9.99101E-005 9.99101E-005 9.99101E-005 9.99101E-005 9.99101E-005 9.99101E-005 9.99101E-005 0.999001
9.99101E-005 9.99101E-005 9.99101E-005 9.99101E-005 9.99101E-005 9.99101E-005 9.99101E-005 9.99101E-005 9.99101E-005 9.99101E-005 0.999001
