0.0256621 9.9973E-005 0.906108 0.0488115 9.9973E-005 9.9973E-005 0.0191182
0.0220262 9.9991E-005 0.909245 0.0419172 0.00208354 0.00215216 0.0224762
0.00807168 0.00599314 9.9982E-005 0.980163 0.00183621 0.00373611 9.9982E-005
0.01025 9.9969E-005 9.9969E-005 0.986242 9.9969E-005 9.9969E-005 0.00310807
9.9973E-005 0.00247058 9.9973E-005 0.993923 0.0015609 0.00174608 9.9973E-005
9.995E-005 9.995E-005 9.995E-005 0.9994 9.995E-005 9.995E-005 9.995E-005
9.995E-005 9.995E-005 9.995E-005 0.9994 9.995E-005 9.995E-005 9.995E-005
9.995E-005 9.995E-005 9.995E-005 0.9994 9.995E-005 9.995E-005 9.995E-005
0.00268239 0.986883 9.9973E-005 9.9973E-005 9.9973E-005 0.00871785 0.00141705
9.9964E-005 0.00566692 9.9964E-005 9.9964E-005 9.9964E-005 0.00299095 0.990942
9.99772E-005 0.00054265 9.99772E-005 9.99772E-005 0.00175924 0.00304368 0.994354
0.0230411 0.114331 0.0136537 0.00538191 0.789787 0.053706 9.9991E-005
9.9973E-005 0.00168199 9.9973E-005 9.9973E-005 0.00370008 0.0025222 0.991796
9.9964E-005 9.9964E-005 9.9964E-005 9.9964E-005 0.003284 0.000664681 0.995651
9.9964E-005 9.9964E-005 0.00635985 9.9964E-005 0.00469189 9.9964E-005 0.988548
9.9955E-005 9.9955E-005 9.9955E-005 9.9955E-005 0.0032378 9.9955E-005 0.996262
0.0122372 0.122977 0.0171762 0.012433 0.784434 0.0506424 9.9991E-005
0.0237738 0.00156521 0.0470787 0.839166 9.9982E-005 9.9982E-005 0.0882165
9.995E-005 9.995E-005 0.9994 9.995E-005 9.995E-005 9.995E-005 9.995E-005
9.9955E-005 9.9955E-005 0.996982 9.9955E-005 9.9955E-005 9.9955E-005 0.00251775
9.995E-005 9.995E-005 0.9994 9.995E-005 9.995E-005 9.995E-005 9.995E-005
9.995E-005 9.995E-005 0.9994 9.995E-005 9.995E-005 9.995E-005 9.995E-005
9.9955E-005 9.9955E-005 0.998056 9.9955E-005 0.00144406 9.9955E-005 9.9955E-005
9.995E-005 9.995E-005 0.9994 9.995E-005 9.995E-005 9.995E-005 9.995E-005
9.995E-005 9.995E-005 0.9994 9.995E-005 9.995E-005 9.995E-005 9.995E-005
9.995E-005 9.995E-005 0.9994 9.995E-005 9.995E-005 9.995E-005 9.995E-005
9.995E-005 9.995E-005 0.9994 9.995E-005 9.995E-005 9.995E-005 9.995E-005
9.9964E-005 9.9964E-005 0.996576 9.9964E-005 0.000709663 0.0023147 9.9964E-005
0.964591 9.9982E-005 0.0217914 9.9982E-005 0.00181378 0.00118387 0.0104202
0.979879 9.9982E-005 0.00183032 0.0175806 0.00039395 9.9982E-005 0.000116388
0.9994 9.995E-005 9.995E-005 9.995E-005 9.995E-005 9.995E-005 9.995E-005
0.9994 9.995E-005 9.995E-005 9.995E-005 9.995E-005 9.995E-005 9.995E-005
0.9994 9.995E-005 9.995E-005 9.995E-005 9.995E-005 9.995E-005 9.995E-005
0.0185795 9.9982E-005 0.0409266 0.870468 0.00219581 9.9982E-005 0.0676301
0.0149329 9.9991E-005 0.0386404 0.866691 0.00152887 0.000671091 0.0774362
0.0221079 9.9982E-005 0.0370903 0.866426 0.00107999 9.9982E-005 0.0730961
0.026351 9.9982E-005 0.0374612 0.84418 0.00558795 9.9982E-005 0.0862197
9.995E-005 9.995E-005 9.995E-005 9.995E-005 0.9994 9.995E-005 9.995E-005
0.9994 9.995E-005 9.995E-005 9.995E-005 9.995E-005 9.995E-005 9.995E-005
0.99774 9.9955E-005 9.9955E-005 9.9955E-005 0.00175996 9.9955E-005 9.9955E-005
0.999317 0.000183222 9.9955E-005 9.9955E-005 9.9955E-005 9.9955E-005 9.9955E-005
0.998468 0.000797817 9.9964E-005 9.9964E-005 9.9964E-005 0.000334755 9.9964E-005
9.9955E-005 0.995863 0.003637 9.9955E-005 9.9955E-005 9.9955E-005 9.9955E-005
0.00631158 0.970641 0.00395266 9.9982E-005 0.0144504 0.00444403 9.9982E-005
9.9955E-005 0.994492 0.00500783 9.9955E-005 9.9955E-005 9.9955E-005 9.9955E-005
9.9964E-005 0.991394 0.00645276 0.00175351 9.9964E-005 9.9964E-005 9.9964E-005
0.00142084 0.991575 0.00183839 9.9982E-005 9.9982E-005 0.00176512 0.00320052
9.9955E-005 0.996258 9.9955E-005 0.00324203 9.9955E-005 9.9955E-005 9.9955E-005
9.995E-005 0.9994 9.995E-005 9.995E-005 9.995E-005 9.995E-005 9.995E-005
9.9955E-005 0.996345 9.9955E-005 9.9955E-005 9.9955E-005 9.9955E-005 0.00315555
9.9973E-005 0.00259091 9.9973E-005 9.9973E-005 0.000590931 0.000691709 0.995827
0.00901004 9.9982E-005 0.0097763 0.0140324 9.9982E-005 0.00184196 0.965139
0.0013508 9.9964E-005 9.9964E-005 0.0240663 9.9964E-005 9.9964E-005 0.974183
0.00141593 9.9964E-005 0.00196764 9.9964E-005 9.9964E-005 9.9964E-005 0.996217
9.9973E-005 0.000312071 9.9973E-005 9.9973E-005 0.00327294 0.00765936 0.988456
9.995E-005 9.995E-005 9.995E-005 9.995E-005 9.995E-005 9.995E-005 0.9994
9.995E-005 9.995E-005 9.995E-005 9.995E-005 9.995E-005 0.9994 9.995E-005
9.995E-005 0.9994 9.995E-005 9.995E-005 9.995E-005 9.995E-005 9.995E-005
9.9972E-005 0.00303632 9.9972E-005 0.00350492 9.9972E-005 0.993059 9.9972E-005
9.995E-005 0.9994 9.995E-005 9.995E-005 9.995E-005 9.995E-005 9.995E-005
9.995E-005 0.9994 9.995E-005 9.995E-005 9.995E-005 9.995E-005 9.995E-005
0.00814788 0.00151147 9.9964E-005 0.989941 9.9964E-005 9.9964E-005 9.9964E-005
9.995E-005 9.995E-005 9.995E-005 0.9994 9.995E-005 9.995E-005 9.995E-005
9.995E-005 9.995E-005 9.995E-005 0.9994 9.995E-005 9.995E-005 9.995E-005
9.9973E-005 0.00277477 9.9973E-005 0.989174 9.9973E-005 0.00382719 0.00392397
9.9964E-005 0.00354591 9.9964E-005 0.993845 9.9964E-005 0.00220889 9.9964E-005
9.995E-005 9.995E-005 9.995E-005 0.9994 9.995E-005 9.995E-005 9.995E-005
9.995E-005 0.9994 9.995E-005 9.995E-005 9.995E-005 9.995E-005 9.995E-005
0.00666591 0.980904 0.00319616 9.9982E-005 0.00188606 0.00714787 9.9982E-005
9.995E-005 0.9994 9.995E-005 9.995E-005 9.995E-005 9.995E-005 9.995E-005
9.9955E-005 0.995966 0.00353444 9.9955E-005 9.9955E-005 9.9955E-005 9.9955E-005
9.9955E-005 0.998767 9.9955E-005 9.9955E-005 9.9955E-005 0.000733418 9.9955E-005
0.00551931 0.993512 9.9964E-005 9.9964E-005 0.00056923 9.9964E-005 9.9964E-005
9.9964E-005 0.989825 0.0016172 9.9964E-005 0.00815764 9.9964E-005 9.9964E-005
9.9973E-005 0.979437 0.00460215 9.9973E-005 0.0106799 0.00498135 9.9973E-005
9.9982E-005 0.981905 0.00130266 0.00353515 0.0111913 0.00186548 9.9982E-005
9.9955E-005 0.997854 0.00164626 9.9955E-005 9.9955E-005 9.9955E-005 9.9955E-005
0.000689064 0.976822 0.00137434 9.9982E-005 0.0205846 0.000329648 9.9982E-005
9.9964E-005 0.984456 9.9964E-005 9.9964E-005 0.0141148 9.9964E-005 0.00102908
0.00389316 0.975069 0.00122246 9.9991E-005 0.00323692 0.0137335 0.00274519
9.9973E-005 0.992861 0.00245704 9.9973E-005 0.00265447 0.00172793 9.9973E-005
0.000290355 9.9973E-005 9.9973E-005 0.99579 9.9973E-005 0.00101649 0.00260356
0.029373 0.000689777 0.0396847 0.819342 9.9991E-005 0.00182115 0.108989
0.0187903 0.00317531 0.040933 0.848045 0.00281398 9.9991E-005 0.0861421
0.000352424 9.9955E-005 9.9955E-005 9.9955E-005 0.999148 9.9955E-005 9.9955E-005
9.995E-005 9.995E-005 9.995E-005 9.995E-005 0.9994 9.995E-005 9.995E-005
0.0188521 0.00746768 0.0334228 0.835846 0.000439373 9.9991E-005 0.103872
0.0531794 0.011767 0.054021 0.73212 0.00182874 0.00393702 0.143147
0.0677952 0.0726703 0.0512139 0.533267 0.0303487 0.0731355 0.171569
0.745343 0.00568446 0.100122 0.132752 9.9991E-005 0.00413519 0.011864
0.742727 0.00456247 0.106906 0.118858 9.9991E-005 0.00214885 0.0246985
9.995E-005 9.995E-005 9.995E-005 9.995E-005 0.9994 9.995E-005 9.995E-005
9.995E-005 9.995E-005 9.995E-005 9.995E-005 0.9994 9.995E-005 9.995E-005
0.753697 0.0048832 0.101846 0.109529 9.9991E-005 0.00301006 0.0269344
0.0510512 9.9991E-005 0.0494097 0.734426 0.00518178 0.00185707 0.157974
9.9955E-005 0.000469475 9.9955E-005 9.9955E-005 0.999031 9.9955E-005 9.9955E-005
0.748534 0.00274935 0.102144 0.118118 9.9991E-005 0.00246541 0.0258891
0.0335558 0.00698945 0.0388669 0.7887 0.00289518 0.00591019 0.123082
0.0260338 0.000568589 0.0395793 0.833304 0.000889818 9.9991E-005 0.0995249
0.0432466 0.0409267 0.059032 0.628827 0.010741 0.042311 0.174915
0.279252 0.0126141 0.291606 0.288013 0.00093016 0.00872559 0.118858
0.0243536 0.00412633 0.0397448 0.840561 0.000439779 9.9991E-005 0.0906744
0.0298069 9.9982E-005 0.0542308 0.804781 0.00170135 9.9982E-005 0.10928
0.0357934 0.00229218 0.0375509 0.823128 0.00621828 0.00144384 0.0935736
0.000838184 9.9973E-005 0.00586608 9.9973E-005 0.986632 0.00636397 9.9973E-005
0.0359587 0.00186698 0.0444026 0.835419 0.000838987 9.9991E-005 0.0814138
9.9955E-005 9.9955E-005 0.00121384 9.9955E-005 0.998286 9.9955E-005 9.9955E-005
0.012452 9.9982E-005 0.0324664 0.87018 0.000349126 9.9982E-005 0.0843522
9.995E-005 9.995E-005 9.995E-005 9.995E-005 0.9994 9.995E-005 9.995E-005
0.9994 9.995E-005 9.995E-005 9.995E-005 9.995E-005 9.995E-005 9.995E-005
0.0142057 9.9973E-005 0.0393044 0.868214 9.9973E-005 9.9973E-005 0.0779757
0.940261 9.9973E-005 0.0271459 0.0246199 9.9973E-005 9.9973E-005 0.00767329
0.0251179 0.00529753 0.0334362 0.846626 9.9991E-005 0.00123901 0.0881836
0.0212606 0.00440898 0.0437896 0.846365 9.9991E-005 0.0018139 0.0822615
0.0146987 9.9973E-005 0.0374368 0.872217 9.9973E-005 9.9973E-005 0.0753479
0.0166929 0.00254035 0.03154 0.874913 0.00194457 9.9991E-005 0.0722694
9.995E-005 9.995E-005 9.995E-005 9.995E-005 0.9994 9.995E-005 9.995E-005
9.995E-005 9.995E-005 9.995E-005 0.9994 9.995E-005 9.995E-005 9.995E-005
9.9964E-005 0.00129206 9.9964E-005 0.997517 0.000791406 9.9964E-005 9.9964E-005
0.00296738 9.9964E-005 9.9964E-005 0.995007 0.00162592 9.9964E-005 9.9964E-005
0.00100591 9.9973E-005 0.000139311 9.9973E-005 9.9973E-005 0.00129135 0.997264
9.9982E-005 0.00628159 9.9982E-005 0.00807034 0.981789 0.00260844 0.00105026
0.00848459 9.9964E-005 9.9964E-005 0.03066 9.9964E-005 9.9964E-005 0.960456
9.99519E-005 9.99519E-005 9.99519E-005 9.99519E-005 9.99519E-005 9.99519E-005 0.9994
0.000760679 0.00288926 0.00852696 0.0228643 9.9982E-005 9.9982E-005 0.964759
9.995E-005 9.995E-005 9.995E-005 9.995E-005 9.995E-005 9.995E-005 0.9994
9.9955E-005 9.9955E-005 9.9955E-005 0.0127386 9.9955E-005 9.9955E-005 0.986762
0.9994 9.995E-005 9.995E-005 9.995E-005 9.995E-005 9.995E-005 9.995E-005
0.9994 9.995E-005 9.995E-005 9.995E-005 9.995E-005 9.995E-005 9.995E-005
0.9994 9.995E-005 9.995E-005 9.995E-005 9.995E-005 9.995E-005 9.995E-005
0.996029 9.9964E-005 9.9964E-005 9.9964E-005 0.000572443 0.00299843 9.9964E-005
0.0145138 9.9973E-005 0.00142329 9.9973E-005 0.0291241 9.9973E-005 0.954639
0.97567 9.9964E-005 9.9964E-005 0.0140597 9.9964E-005 9.9964E-005 0.00987051
9.995E-005 9.995E-005 9.995E-005 9.995E-005 9.995E-005 9.995E-005 0.9994
9.9955E-005 9.9955E-005 9.9955E-005 0.0244191 9.9955E-005 9.9955E-005 0.975081
9.9964E-005 9.9964E-005 0.00112683 0.0160633 9.9964E-005 9.9964E-005 0.98241
0.00362897 9.9964E-005 9.9964E-005 0.00781413 9.9964E-005 9.9964E-005 0.988157
9.9955E-005 9.9955E-005 9.9955E-005 0.0294475 9.9955E-005 9.9955E-005 0.970053
0.0069239 0.0023986 0.0110123 9.9982E-005 9.9982E-005 0.00286816 0.976597
0.0010364 0.00111647 0.00366138 0.0130939 9.9982E-005 9.9982E-005 0.980892
0.00826732 9.9964E-005 9.9964E-005 0.033155 9.9964E-005 9.9964E-005 0.958178
0.00792823 0.00303497 0.01075 0.0250135 9.9991E-005 0.00151792 0.951655
0.00570661 0.00134932 9.9982E-005 0.0319066 0.0020327 9.9982E-005 0.958805
0.00185092 0.00143407 0.00541835 9.9982E-005 9.9982E-005 0.00399701 0.9871
0.00298337 9.9964E-005 0.0127255 9.9964E-005 9.9964E-005 9.9964E-005 0.983891
0.0130647 9.9964E-005 9.9964E-005 0.0322427 9.9964E-005 9.9964E-005 0.954293
9.9973E-005 0.00131491 9.9973E-005 0.0387002 9.9973E-005 0.00474506 0.95494
0.00230609 9.9973E-005 0.00529181 0.0190224 9.9973E-005 9.9973E-005 0.97308
0.00393313 0.00877771 9.9991E-005 0.0193488 0.00766103 0.01484 0.945339
9.9964E-005 0.990679 9.9964E-005 0.000766479 0.0081548 9.9964E-005 9.9964E-005
9.9955E-005 0.998374 9.9955E-005 9.9955E-005 9.9955E-005 9.9955E-005 0.00112614
9.995E-005 0.9994 9.995E-005 9.995E-005 9.995E-005 9.995E-005 9.995E-005
0.0144425 0.00944468 0.000921787 0.00724241 0.00120495 0.00626273 0.960481
0.268955 0.0391427 0.28391 0.239019 0.0133489 0.0218781 0.133746
9.9964E-005 9.9964E-005 0.00107907 9.9964E-005 0.00225025 0.996271 9.9964E-005
0.00122049 9.9973E-005 9.9973E-005 9.9973E-005 0.00303727 0.994601 0.000840971
9.9955E-005 9.9955E-005 9.9955E-005 0.00118712 9.9955E-005 0.998313 9.9955E-005
9.9964E-005 0.00738061 9.9964E-005 9.9964E-005 0.0019253 0.990294 9.9964E-005
9.9955E-005 9.9955E-005 9.9955E-005 9.9955E-005 9.9955E-005 0.997236 0.00226411
9.995E-005 9.995E-005 9.995E-005 9.995E-005 9.995E-005 0.9994 9.995E-005
9.9982E-005 0.92283 0.00293029 0.00523808 0.0575312 0.0112708 9.9982E-005
9.995E-005 9.995E-005 9.995E-005 9.995E-005 9.995E-005 0.9994 9.995E-005
9.995E-005 0.9994 9.995E-005 9.995E-005 9.995E-005 9.995E-005 9.995E-005
0.00240124 0.00600592 0.000884549 0.0136391 0.00108887 0.97532 0.0006608
9.9955E-005 9.9955E-005 9.9955E-005 9.9955E-005 0.00770059 0.9918 9.9955E-005
9.995E-005 9.995E-005 9.995E-005 9.995E-005 9.995E-005 0.9994 9.995E-005
9.9964E-005 9.9964E-005 9.9964E-005 0.000985368 0.000675613 0.997939 9.9964E-005
0.00567233 9.9973E-005 0.00775678 0.019025 9.9973E-005 9.9973E-005 0.967246
9.995E-005 9.995E-005 9.995E-005 9.995E-005 9.995E-005 0.9994 9.995E-005
9.9955E-005 0.998661 9.9955E-005 9.9955E-005 9.9955E-005 0.000839068 9.9955E-005
0.000242213 0.00333409 9.9982E-005 0.0076266 0.00143181 9.9982E-005 0.987165
9.995E-005 9.995E-005 9.995E-005 0.9994 9.995E-005 9.995E-005 9.995E-005
9.995E-005 9.995E-005 9.995E-005 9.995E-005 9.995E-005 0.9994 9.995E-005
9.995E-005 9.995E-005 9.995E-005 9.995E-005 0.9994 9.995E-005 9.995E-005
9.9955E-005 9.9955E-005 9.9955E-005 9.9955E-005 0.997558 0.00194251 9.9955E-005
9.995E-005 9.995E-005 9.995E-005 0.9994 9.995E-005 9.995E-005 9.995E-005
9.9955E-005 9.9955E-005 9.9955E-005 9.9955E-005 0.998977 0.000522996 9.9955E-005
0.00108697 9.9955E-005 9.9955E-005 9.9955E-005 9.9955E-005 9.9955E-005 0.998413
0.000416484 9.9964E-005 9.9964E-005 0.0109402 9.9964E-005 9.9964E-005 0.988243
0.00101273 0.00733232 0.00560193 0.0499336 0.00172239 0.000615213 0.933782
0.0070265 9.9955E-005 9.9955E-005 9.9955E-005 9.9955E-005 9.9955E-005 0.992474
9.9955E-005 9.9955E-005 9.9955E-005 0.0382641 9.9955E-005 9.9955E-005 0.961236
0.00226213 0.00819008 0.00599029 0.0239275 9.9991E-005 0.00502751 0.954502
0.0053842 9.9955E-005 9.9955E-005 9.9955E-005 9.9955E-005 9.9955E-005 0.994116
9.995E-005 9.995E-005 9.995E-005 0.9994 9.995E-005 9.995E-005 9.995E-005
9.995E-005 9.995E-005 9.995E-005 0.9994 9.995E-005 9.995E-005 9.995E-005
9.995E-005 9.995E-005 9.995E-005 9.995E-005 9.995E-005 9.995E-005 0.9994
9.9964E-005 0.989822 9.9964E-005 9.9964E-005 0.00337843 9.9964E-005 0.00639963
9.9982E-005 0.915577 0.00545159 0.00774213 0.0576755 0.0133536 9.9982E-005
9.9982E-005 0.900286 9.9982E-005 0.00214958 0.0659503 0.0113418 0.020072
0.023742 0.603922 0.036319 0.0740067 0.0912999 0.0738339 0.0968761
9.9982E-005 0.921475 0.00185647 0.00456346 0.0579008 0.0140048 9.9982E-005
9.9973E-005 0.982735 9.9973E-005 0.0125789 0.00134569 0.00304073 9.9973E-005
9.9964E-005 0.996087 9.9964E-005 0.00212308 9.9964E-005 9.9964E-005 0.00139008
9.995E-005 0.9994 9.995E-005 9.995E-005 9.995E-005 9.995E-005 9.995E-005
9.9973E-005 0.922058 0.00732215 9.9973E-005 0.0542091 0.0161106 9.9973E-005
9.995E-005 9.995E-005 9.995E-005 0.9994 9.995E-005 9.995E-005 9.995E-005
9.995E-005 9.995E-005 9.995E-005 9.995E-005 0.9994 9.995E-005 9.995E-005
0.0570637 0.0748352 0.0357626 0.631275 0.0416171 0.0751945 0.0842515
9.995E-005 9.995E-005 9.995E-005 0.9994 9.995E-005 9.995E-005 9.995E-005
9.995E-005 9.995E-005 9.995E-005 0.9994 9.995E-005 9.995E-005 9.995E-005
9.9955E-005 9.9955E-005 9.9955E-005 0.0027961 0.996704 9.9955E-005 9.9955E-005
9.9964E-005 9.9964E-005 9.9964E-005 9.9964E-005 0.00013001 0.99805 0.00142013
0.0279068 9.9982E-005 0.0375241 0.283637 0.00247393 9.9982E-005 0.648258
9.995E-005 9.995E-005 9.995E-005 0.9994 9.995E-005 9.995E-005 9.995E-005
9.995E-005 9.995E-005 9.995E-005 0.9994 9.995E-005 9.995E-005 9.995E-005
9.995E-005 9.995E-005 9.995E-005 0.9994 9.995E-005 9.995E-005 9.995E-005
9.9955E-005 9.9955E-005 9.9955E-005 0.998935 9.9955E-005 0.000565683 9.9955E-005
9.995E-005 9.995E-005 9.995E-005 0.9994 9.995E-005 9.995E-005 9.995E-005
9.995E-005 9.995E-005 9.995E-005 0.9994 9.995E-005 9.995E-005 9.995E-005
