0.000246463 0.000301272 0.0263012 0.0193776 0.0422229 0.909475 0.0020754
9.999E-005 0.00275435 0.0268483 0.0139834 0.0540651 0.90156 0.000688514
0.00449376 9.9982E-005 0.00637519 0.0111968 0.976845 9.9982E-005 0.000889254
9.9955E-005 9.9955E-005 0.0128652 9.9955E-005 0.986635 9.9955E-005 9.9955E-005
0.00419248 0.000889701 0.00170191 9.9982E-005 0.990197 9.9982E-005 0.0028186
9.995E-005 9.995E-005 9.995E-005 9.995E-005 0.9994 9.995E-005 9.995E-005
9.995E-005 9.995E-005 9.995E-005 9.995E-005 0.9994 9.995E-005 9.995E-005
9.995E-005 9.995E-005 9.995E-005 9.995E-005 0.9994 9.995E-005 9.995E-005
0.992484 9.99777E-005 9.99777E-005 9.99777E-005 0.00108556 0.00141411 0.0047166
0.00463148 9.9964E-005 9.9964E-005 0.990329 9.9964E-005 9.9964E-005 0.0046392
9.9964E-005 0.00352973 9.9964E-005 0.993538 9.9964E-005 9.9964E-005 0.00253205
0.113412 0.789763 0.0214552 9.9982E-005 9.9982E-005 0.0227564 0.0524134
9.9955E-005 0.00398522 9.9955E-005 0.995515 9.9955E-005 9.9955E-005 9.9955E-005
9.9964E-005 0.00288909 9.9964E-005 0.994437 9.9964E-005 9.9964E-005 0.00227375
9.9955E-005 9.9955E-005 9.9955E-005 0.997324 9.9955E-005 9.9955E-005 0.00217641
9.9955E-005 0.00236088 9.9955E-005 0.997139 9.9955E-005 9.9955E-005 9.9955E-005
0.117679 0.783259 0.0184019 0.0112919 0.0104072 0.00770541 0.0512562
0.00375358 9.9991E-005 0.0266535 0.0880893 0.845182 0.0360265 0.000194582
9.995E-005 9.995E-005 9.995E-005 9.995E-005 9.995E-005 0.9994 9.995E-005
9.9955E-005 9.9955E-005 9.9955E-005 9.9955E-005 9.9955E-005 0.998127 0.00137273
9.995E-005 9.995E-005 9.995E-005 9.995E-005 9.995E-005 0.9994 9.995E-005
9.995E-005 9.995E-005 9.995E-005 9.995E-005 9.995E-005 0.9994 9.995E-005
9.995E-005 9.995E-005 9.995E-005 9.995E-005 9.995E-005 0.9994 9.995E-005
9.995E-005 9.995E-005 9.995E-005 9.995E-005 9.995E-005 0.9994 9.995E-005
9.995E-005 9.995E-005 9.995E-005 9.995E-005 9.995E-005 0.9994 9.995E-005
9.995E-005 9.995E-005 9.995E-005 9.995E-005 9.995E-005 0.9994 9.995E-005
9.995E-005 9.995E-005 9.995E-005 9.995E-005 9.995E-005 0.9994 9.995E-005
9.99573E-005 9.99573E-005 9.99573E-005 9.99573E-005 9.99573E-005 0.995842 0.00365793
9.9973E-005 0.000529802 0.96936 0.00654658 9.9973E-005 0.0232638 9.9973E-005
9.9955E-005 9.9955E-005 0.976423 9.9955E-005 0.0230775 9.9955E-005 9.9955E-005
9.995E-005 9.995E-005 0.9994 9.995E-005 9.995E-005 9.995E-005 9.995E-005
9.9955E-005 9.9955E-005 0.99911 9.9955E-005 9.9955E-005 9.9955E-005 0.000390285
9.995E-005 9.995E-005 0.9994 9.995E-005 9.995E-005 9.995E-005 9.995E-005
9.9982E-005 0.00116581 0.0245075 0.0641408 0.871152 0.0388339 9.9982E-005
9.9982E-005 0.00319296 0.0170446 0.0710951 0.865526 0.0429411 9.9982E-005
9.999E-005 0.00444593 0.019225 0.0850396 0.861699 0.0285279 0.000962414
9.9982E-005 0.00241617 0.0247723 0.0838686 0.849072 0.039671 9.9982E-005
9.995E-005 0.9994 9.995E-005 9.995E-005 9.995E-005 9.995E-005 9.995E-005
9.995E-005 9.995E-005 0.9994 9.995E-005 9.995E-005 9.995E-005 9.995E-005
0.00187286 9.9955E-005 0.997627 9.9955E-005 9.9955E-005 9.9955E-005 9.9955E-005
9.995E-005 9.995E-005 0.9994 9.995E-005 9.995E-005 9.995E-005 9.995E-005
9.9955E-005 9.9955E-005 0.998534 9.9955E-005 9.9955E-005 9.9955E-005 0.000965817
0.996453 9.9964E-005 9.9964E-005 9.9964E-005 9.9964E-005 0.001431 0.00171588
0.9757 0.0146887 0.00255818 0.00675358 9.9973E-005 9.9973E-005 9.9973E-005
0.994073 9.9964E-005 9.9964E-005 9.9964E-005 9.9964E-005 0.00414167 0.00138523
0.993318 9.9955E-005 9.9955E-005 9.9955E-005 0.00618173 9.9955E-005 9.9955E-005
0.989466 9.9964E-005 0.000724294 9.9964E-005 9.9964E-005 0.00940936 9.9964E-005
0.996757 9.9973E-005 0.000838637 0.00106238 0.00104235 9.9973E-005 9.9973E-005
0.999043 9.9955E-005 9.9955E-005 9.9955E-005 9.9955E-005 9.9955E-005 0.000456802
0.994153 0.000310312 0.00513657 9.9964E-005 9.9964E-005 9.9964E-005 9.9964E-005
0.00163715 9.9964E-005 9.9964E-005 0.994029 0.00393449 9.9964E-005 9.9964E-005
0.00146521 9.9982E-005 0.00873704 0.977165 0.00226333 0.0101697 9.9982E-005
9.9964E-005 9.9964E-005 0.00290197 0.982423 0.0142752 9.9964E-005 9.9964E-005
9.9964E-005 0.000602701 9.9964E-005 0.99869 9.9964E-005 9.9964E-005 0.000307203
0.00124802 0.00365034 9.9973E-005 0.990445 9.9973E-005 9.9973E-005 0.00435683
9.995E-005 9.995E-005 9.995E-005 0.9994 9.995E-005 9.995E-005 9.995E-005
9.995E-005 9.995E-005 9.995E-005 9.995E-005 9.995E-005 9.995E-005 0.9994
0.9994 9.995E-005 9.995E-005 9.995E-005 9.995E-005 9.995E-005 9.995E-005
0.00287429 9.9955E-005 9.9955E-005 9.9955E-005 9.9955E-005 9.9955E-005 0.996626
0.9994 9.995E-005 9.995E-005 9.995E-005 9.995E-005 9.995E-005 9.995E-005
0.9994 9.995E-005 9.995E-005 9.995E-005 9.995E-005 9.995E-005 9.995E-005
0.00074743 9.9964E-005 0.0113627 9.9964E-005 0.98749 9.9964E-005 9.9964E-005
9.995E-005 9.995E-005 9.995E-005 9.995E-005 0.9994 9.995E-005 9.995E-005
9.995E-005 9.995E-005 9.995E-005 9.995E-005 0.9994 9.995E-005 9.995E-005
0.00598993 9.9982E-005 0.00274187 0.013048 0.977044 9.9982E-005 0.000976231
9.9973E-005 0.00234035 0.00563578 9.9973E-005 0.988993 9.9973E-005 0.00273086
9.995E-005 9.995E-005 9.995E-005 9.995E-005 0.9994 9.995E-005 9.995E-005
0.9994 9.995E-005 9.995E-005 9.995E-005 9.995E-005 9.995E-005 9.995E-005
0.977849 0.00218456 0.00352143 9.9982E-005 9.9982E-005 0.00644393 0.00980092
0.998809 9.9955E-005 9.9955E-005 9.9955E-005 9.9955E-005 0.000691585 9.9955E-005
0.990768 9.9964E-005 9.9964E-005 9.9964E-005 9.9964E-005 0.00516837 0.00366351
0.998693 9.9955E-005 9.9955E-005 9.9955E-005 9.9955E-005 0.000806831 9.9955E-005
0.9994 9.995E-005 9.995E-005 9.995E-005 9.995E-005 9.995E-005 9.995E-005
0.987472 0.0100772 9.9964E-005 9.9964E-005 9.9964E-005 0.00205139 9.9964E-005
0.976701 0.0184092 9.9973E-005 0.0043307 9.9973E-005 0.000258955 9.9973E-005
0.984479 0.00411597 0.000116683 0.00352769 9.9991E-005 0.00252405 0.00513683
0.994259 9.9955E-005 9.9955E-005 9.9955E-005 9.9955E-005 0.00524143 9.9955E-005
0.98326 0.0162399 9.9955E-005 9.9955E-005 9.9955E-005 9.9955E-005 9.9955E-005
0.983214 0.0130443 9.9964E-005 0.00334188 9.9964E-005 9.9964E-005 9.9964E-005
0.982765 0.00550303 0.000769425 0.00372207 9.9991E-005 0.000667272 0.00647307
0.991875 0.00594569 9.998E-005 0.000387968 9.998E-005 0.00149159 9.998E-005
9.9973E-005 0.000478474 9.9973E-005 0.00980814 0.987784 0.00162964 9.9973E-005
0.000713523 9.9982E-005 0.0276925 0.103863 0.827344 0.0401874 9.9982E-005
0.00394381 0.00106583 0.0176169 0.0964644 0.835116 0.0450173 0.000775543
0.0029664 0.996534 9.9955E-005 9.9955E-005 9.9955E-005 9.9955E-005 9.9955E-005
9.995E-005 0.9994 9.995E-005 9.995E-005 9.995E-005 9.995E-005 9.995E-005
0.00733379 9.9991E-005 0.0198627 0.0963029 0.835133 0.0407561 0.000511211
0.00713448 0.00298389 0.0533116 0.15687 0.713649 0.0595339 0.0065173
0.0773018 0.0309673 0.0602841 0.160224 0.543141 0.0566026 0.0714798
0.00422971 9.9991E-005 0.744241 0.0306709 0.125847 0.0929594 0.00195289
0.00425877 0.00023219 0.742404 0.037296 0.111951 0.103141 0.000717164
9.995E-005 0.9994 9.995E-005 9.995E-005 9.995E-005 9.995E-005 9.995E-005
9.995E-005 0.9994 9.995E-005 9.995E-005 9.995E-005 9.995E-005 9.995E-005
0.00723339 9.9991E-005 0.746582 0.0213012 0.124386 0.0997178 0.00067978
0.00177102 0.00245894 0.048794 0.154538 0.733356 0.0589816 9.9991E-005
9.995E-005 0.9994 9.995E-005 9.995E-005 9.995E-005 9.995E-005 9.995E-005
0.000481123 9.9991E-005 0.755648 0.0303821 0.105021 0.107893 0.00047443
0.00983359 0.00202989 0.0323085 0.105051 0.793098 0.0536508 0.00402816
9.9973E-005 9.9973E-005 0.0218578 0.0991052 0.84358 0.035157 9.9973E-005
0.0392165 0.0140261 0.0515165 0.181674 0.600424 0.0702415 0.0429017
0.0123627 0.000726029 0.266741 0.119652 0.287533 0.299899 0.0130869
0.000745692 0.00765293 0.0333997 0.0953174 0.825251 0.0375331 9.9991E-005
0.000496395 0.00252376 0.0281117 0.0993344 0.819636 0.0497977 9.9991E-005
0.00382721 0.00250947 0.0317211 0.100137 0.822859 0.038846 9.9991E-005
9.9982E-005 0.987446 0.00453985 0.00162419 9.9982E-005 0.00173128 0.00445841
0.0042554 0.00301759 0.0263499 0.0894746 0.841958 0.0348446 9.9991E-005
9.995E-005 0.9994 9.995E-005 9.995E-005 9.995E-005 9.995E-005 9.995E-005
9.9973E-005 9.9973E-005 0.0277595 0.0776186 0.861502 0.0328198 9.9973E-005
9.99539E-005 0.9994 9.99539E-005 9.99539E-005 9.99539E-005 9.99539E-005 9.99539E-005
0.000168356 0.00187148 0.99756 9.9964E-005 9.9964E-005 9.9964E-005 9.9964E-005
9.99818E-005 9.99818E-005 0.0224865 0.0783749 0.856089 0.0427492 9.99818E-005
9.9973E-005 9.9973E-005 0.939829 0.0027869 0.0312562 0.0258284 9.9973E-005
9.99841E-005 0.00121685 0.0221572 0.0912648 0.846135 0.0390263 9.99841E-005
0.00234849 9.9991E-005 0.0256888 0.0872733 0.844457 0.0385621 0.00157053
9.9982E-005 0.00341873 0.0162257 0.0631681 0.875015 0.0419723 9.9982E-005
9.9973E-005 9.9973E-005 0.0172923 0.0781937 0.869717 0.0344969 9.9973E-005
9.995E-005 0.9994 9.995E-005 9.995E-005 9.995E-005 9.995E-005 9.995E-005
9.995E-005 9.995E-005 9.995E-005 9.995E-005 0.9994 9.995E-005 9.995E-005
9.99531E-005 9.99531E-005 9.99531E-005 9.99531E-005 0.9994 9.99531E-005 9.99531E-005
9.9964E-005 0.00302319 0.00469271 9.9964E-005 0.991884 9.9964E-005 9.9964E-005
9.9955E-005 9.9955E-005 9.9955E-005 0.997961 9.9955E-005 9.9955E-005 0.00153923
9.9955E-005 0.980065 9.9955E-005 9.9955E-005 0.0194357 9.9955E-005 9.9955E-005
9.9973E-005 9.9973E-005 0.00815138 0.962315 0.0256197 0.00361373 9.9973E-005
9.995E-005 9.995E-005 9.995E-005 0.9994 9.995E-005 9.995E-005 9.995E-005
0.00263903 0.000311098 0.00555204 0.972403 0.0126298 0.00636524 9.9991E-005
9.995E-005 9.995E-005 9.995E-005 0.9994 9.995E-005 9.995E-005 9.995E-005
9.9955E-005 9.9955E-005 0.000828101 0.998672 9.9955E-005 9.9955E-005 9.9955E-005
9.995E-005 9.995E-005 0.9994 9.995E-005 9.995E-005 9.995E-005 9.995E-005
9.995E-005 9.995E-005 0.9994 9.995E-005 9.995E-005 9.995E-005 9.995E-005
9.995E-005 9.995E-005 0.9994 9.995E-005 9.995E-005 9.995E-005 9.995E-005
9.9964E-005 0.00311219 0.994616 9.9964E-005 9.9964E-005 9.9964E-005 0.00187218
9.9973E-005 0.0321799 0.0164405 0.943778 9.9973E-005 0.00730124 9.9973E-005
9.9964E-005 9.9964E-005 0.977306 0.00377849 0.0185156 9.9964E-005 9.9964E-005
9.995E-005 9.995E-005 9.995E-005 0.9994 9.995E-005 9.995E-005 9.995E-005
9.9973E-005 9.9973E-005 0.00465682 0.971984 0.0222926 0.00076629 9.9973E-005
9.9964E-005 9.9964E-005 0.0038289 0.961212 0.0345595 9.9964E-005 9.9964E-005
9.9964E-005 9.9964E-005 0.00857857 0.988802 0.00221953 9.9964E-005 9.9964E-005
9.9955E-005 9.9955E-005 9.9955E-005 0.966026 0.0334743 9.9955E-005 9.9955E-005
9.9955E-005 9.9955E-005 9.9955E-005 0.997642 9.9955E-005 9.9955E-005 0.00185866
0.0015308 0.00086675 0.0039478 0.976075 0.0121397 0.0053402 9.9991E-005
0.000792655 9.9973E-005 0.00564542 0.958916 0.0343461 9.9973E-005 9.9973E-005
0.00243086 9.9973E-005 9.9973E-005 0.960057 0.0264346 0.0107771 9.9973E-005
9.99769E-005 0.000966001 0.00546144 0.977497 0.0157754 9.99769E-005 9.99769E-005
0.000490589 9.9982E-005 0.0033143 0.985437 9.9982E-005 0.00832579 0.00223278
9.9964E-005 9.9964E-005 0.00218476 0.987219 9.9964E-005 0.0101963 9.9964E-005
9.9964E-005 9.9964E-005 0.00473666 0.975041 0.0198225 9.9964E-005 9.9964E-005
0.00323465 9.9991E-005 0.00281031 0.969273 0.0223346 0.00150888 0.000738882
9.9973E-005 9.9973E-005 0.00342753 0.988909 0.00651183 0.000852171 9.9973E-005
0.0121516 9.9991E-005 0.0111612 0.949959 0.0113352 0.00181607 0.0134773
0.999049 0.000451441 9.9955E-005 9.9955E-005 9.9955E-005 9.9955E-005 9.9955E-005
0.9994 9.995E-005 9.995E-005 9.995E-005 9.995E-005 9.995E-005 9.995E-005
0.996481 9.9955E-005 9.9955E-005 0.00301875 9.9955E-005 9.9955E-005 9.9955E-005
0.00353858 0.00315848 0.00387525 0.976385 9.9991E-005 0.00454905 0.00839384
0.0259165 0.0208884 0.266586 0.138917 0.232735 0.289514 0.0254419
9.9964E-005 0.00153104 9.9964E-005 9.9964E-005 0.000495032 9.9964E-005 0.997574
0.00214566 9.9973E-005 0.00120648 9.9973E-005 9.9973E-005 0.00300667 0.993341
9.9964E-005 9.9964E-005 0.000698541 0.00119437 9.9964E-005 9.9964E-005 0.997707
9.9955E-005 0.00234423 9.9955E-005 9.9955E-005 9.9955E-005 9.9955E-005 0.997156
9.9955E-005 9.9955E-005 9.9955E-005 9.9955E-005 0.000387449 9.9955E-005 0.999113
9.995E-005 9.995E-005 9.995E-005 9.995E-005 9.995E-005 9.995E-005 0.9994
0.924188 0.0581947 9.9973E-005 9.9973E-005 9.9973E-005 0.00456438 0.0127533
9.99641E-005 9.99641E-005 0.00119433 9.99641E-005 9.99641E-005 0.000902227 0.997504
0.99767 9.9955E-005 9.9955E-005 0.00183063 9.9955E-005 9.9955E-005 9.9955E-005
0.00372776 0.0025153 9.9991E-005 0.00227116 0.00420983 0.00733667 0.979839
0.00431238 0.00220819 9.9964E-005 9.9964E-005 9.9964E-005 9.9964E-005 0.99308
9.995E-005 9.995E-005 9.995E-005 9.995E-005 9.995E-005 9.995E-005 0.9994
9.9955E-005 0.00101532 9.9955E-005 9.9955E-005 9.9955E-005 9.9955E-005 0.998485
0.000613462 0.00143638 0.00678627 0.97127 0.0158337 0.00334564 0.000714203
9.9955E-005 9.9955E-005 9.9955E-005 0.000896491 9.9955E-005 9.9955E-005 0.998604
0.995962 9.9955E-005 9.9955E-005 9.9955E-005 9.9955E-005 9.9955E-005 0.00353817
0.00267622 9.9955E-005 9.9955E-005 0.996824 9.9955E-005 9.9955E-005 9.9955E-005
9.995E-005 9.995E-005 9.995E-005 9.995E-005 0.9994 9.995E-005 9.995E-005
9.9955E-005 9.9955E-005 9.9955E-005 0.00235033 9.9955E-005 9.9955E-005 0.99715
9.995E-005 0.9994 9.995E-005 9.995E-005 9.995E-005 9.995E-005 9.995E-005
9.9964E-005 0.99798 9.9964E-005 9.9964E-005 0.0012534 9.9964E-005 0.000366412
9.995E-005 9.995E-005 9.995E-005 9.995E-005 0.9994 9.995E-005 9.995E-005
9.995E-005 0.9994 9.995E-005 9.995E-005 9.995E-005 9.995E-005 9.995E-005
9.9964E-005 0.000224645 9.9964E-005 0.997494 0.00188152 9.9964E-005 9.9964E-005
9.9955E-005 9.9955E-005 9.9955E-005 0.989426 0.0100742 9.9955E-005 9.9955E-005
0.0032198 0.00132679 9.9982E-005 0.949187 0.0413517 9.9982E-005 0.00471434
9.9973E-005 9.9973E-005 0.0059636 0.985657 0.00714184 0.000937995 9.9973E-005
9.9973E-005 0.000392705 0.0026843 0.946748 0.0498753 9.9973E-005 9.9973E-005
0.00248189 0.00605059 0.00151611 0.959457 0.0268767 9.9991E-005 0.00351755
9.9964E-005 9.9964E-005 0.00520445 0.993414 9.9964E-005 0.000981617 9.9964E-005
9.995E-005 9.995E-005 9.995E-005 9.995E-005 0.9994 9.995E-005 9.995E-005
9.995E-005 9.995E-005 9.995E-005 9.995E-005 0.9994 9.995E-005 9.995E-005
9.995E-005 9.995E-005 9.995E-005 0.9994 9.995E-005 9.995E-005 9.995E-005
0.995246 9.9955E-005 9.9955E-005 0.00425389 9.9955E-005 9.9955E-005 9.9955E-005
0.904877 0.0637371 0.00118362 0.00105434 0.00547551 0.00586524 0.0178076
0.899248 0.0674889 0.00247719 0.0165086 0.00245536 9.9991E-005 0.0117221
0.603276 0.0961396 0.0196469 0.0876543 0.0904946 0.0332556 0.0695335
0.921961 0.0603294 0.00589362 9.9982E-005 9.9982E-005 0.00225439 0.00936178
0.976241 0.00916909 9.9982E-005 0.00426174 0.00639354 9.9982E-005 0.00373446
0.9994 9.99515E-005 9.99515E-005 9.99515E-005 9.99515E-005 9.99515E-005 9.99515E-005
0.9994 9.995E-005 9.995E-005 9.995E-005 9.995E-005 9.995E-005 9.995E-005
0.914654 0.0567108 9.9982E-005 9.9982E-005 0.00607689 0.00712916 0.0152289
9.995E-005 9.995E-005 9.995E-005 9.995E-005 0.9994 9.995E-005 9.995E-005
9.995E-005 0.9994 9.995E-005 9.995E-005 9.995E-005 9.995E-005 9.995E-005
0.0945143 0.0349083 0.0541743 0.0653506 0.643027 0.0308396 0.0771863
9.995E-005 9.995E-005 9.995E-005 9.995E-005 0.9994 9.995E-005 9.995E-005
0.000153112 0.00210371 9.9964E-005 9.9964E-005 0.997343 9.9964E-005 9.9964E-005
9.9955E-005 0.995824 9.9955E-005 0.00367637 9.9955E-005 9.9955E-005 9.9955E-005
9.9964E-005 9.9964E-005 0.000713692 0.000119136 9.9964E-005 9.9964E-005 0.998767
9.9982E-005 9.9982E-005 0.0380066 0.637831 0.285409 0.0378989 0.000655034
9.995E-005 9.995E-005 9.995E-005 9.995E-005 0.9994 9.995E-005 9.995E-005
9.995E-005 9.995E-005 9.995E-005 9.995E-005 0.9994 9.995E-005 9.995E-005
9.995E-005 9.995E-005 9.995E-005 9.995E-005 0.9994 9.995E-005 9.995E-005
0.00020286 0.00350886 9.9973E-005 9.9973E-005 0.995402 9.9973E-005 0.000586737
9.995E-005 9.995E-005 9.995E-005 9.995E-005 0.9994 9.995E-005 9.995E-005
9.995E-005 9.995E-005 9.995E-005 9.995E-005 0.9994 9.995E-005 9.995E-005
