0.0935479 0.00598043 0.00701661 0.0046893 0.21433 0.674436
0.102205 0.00323709 0.00594789 0.0105553 0.212078 0.665976
9.9982E-005 0.00221261 0.00574093 0.00453226 0.987314 9.9982E-005
0.00458319 0.00134323 9.9991E-005 0.00153659 0.991191 0.00124615
9.9973E-005 9.9973E-005 0.00362587 0.0026604 0.993414 9.9973E-005
9.996E-005 9.996E-005 9.996E-005 9.996E-005 0.9995 9.996E-005
9.996E-005 9.996E-005 9.996E-005 9.996E-005 0.9995 9.996E-005
9.996E-005 9.996E-005 9.996E-005 9.996E-005 0.9995 9.996E-005
9.9973E-005 9.9973E-005 0.991774 0.00738609 0.000540268 9.9973E-005
0.992126 9.9973E-005 0.004991 0.002583 9.9973E-005 9.9973E-005
0.996549 0.00305067 9.9964E-005 9.9964E-005 9.9964E-005 9.9964E-005
0.00135486 0.787055 0.109796 0.0571228 0.00430586 0.0403656
0.994778 0.00261407 0.000697019 0.00171077 9.9982E-005 9.9982E-005
0.996019 0.00231255 0.000115534 0.00135319 9.9982E-005 9.9982E-005
0.992319 0.00201451 0.0025449 0.00292152 9.9982E-005 9.9982E-005
0.996541 9.99759E-005 9.99759E-005 0.00305891 9.99759E-005 9.99759E-005
0.00837498 0.785928 0.115805 0.050263 0.0217427 0.0178858
0.0901907 9.9991E-005 0.00211384 0.00135248 0.85997 0.0462727
0.0825475 0.00737445 0.00766323 0.00630666 0.164341 0.731767
0.0946242 0.00156402 0.0110079 0.0111749 0.177596 0.704033
0.0875907 0.00979331 0.00336962 0.00634329 0.177586 0.715317
0.0882978 0.00530371 0.00461408 0.0100553 0.171307 0.720422
0.0968673 0.00408324 0.0064343 0.00613349 0.168161 0.718321
0.0807678 0.00361752 0.0047637 0.00791675 0.184496 0.718438
0.0916809 0.00732271 0.00448291 0.00811364 0.156439 0.731961
0.106237 9.9991E-005 0.00688636 0.0078891 0.159189 0.719699
0.0952865 0.00963262 0.00262299 0.00360949 0.175382 0.713466
0.0988783 0.00682887 0.00835211 0.00878289 0.153011 0.724147
9.996E-005 9.996E-005 9.996E-005 9.996E-005 9.996E-005 0.9995
9.996E-005 9.996E-005 9.996E-005 9.996E-005 9.996E-005 0.9995
9.996E-005 9.996E-005 9.996E-005 9.996E-005 9.996E-005 0.9995
9.996E-005 9.996E-005 9.996E-005 9.996E-005 9.996E-005 0.9995
9.996E-005 9.996E-005 9.996E-005 9.996E-005 9.996E-005 0.9995
0.055263 0.00243678 0.000786279 9.9991E-005 0.898246 0.0431679
0.0661119 0.00288305 0.00454566 0.000461826 0.899397 0.0266008
0.0768318 0.00330383 9.9982E-005 9.9982E-005 0.890468 0.0291969
0.0644155 0.00567888 9.9982E-005 9.9982E-005 0.895528 0.034178
9.996E-005 0.9995 9.996E-005 9.996E-005 9.996E-005 9.996E-005
9.996E-005 9.996E-005 9.996E-005 9.996E-005 9.996E-005 0.9995
9.996E-005 9.996E-005 9.996E-005 9.996E-005 9.996E-005 0.9995
9.996E-005 9.996E-005 9.996E-005 9.996E-005 9.996E-005 0.9995
9.996E-005 9.996E-005 9.996E-005 9.996E-005 9.996E-005 0.9995
9.9973E-005 9.9973E-005 0.997548 0.00130187 9.9973E-005 0.00085046
0.00745323 0.00783526 0.981473 0.00213568 9.9991E-005 0.00100307
9.9982E-005 9.9982E-005 0.99392 0.0014205 0.00386682 0.000592236
0.0021547 9.9973E-005 0.993359 9.9973E-005 0.00418613 9.9973E-005
9.9973E-005 9.9973E-005 0.991003 0.00107497 0.00762212 9.9973E-005
0.002459 9.9973E-005 0.99548 9.9973E-005 0.0017613 9.9973E-005
0.0010404 9.9973E-005 0.998529 0.000130318 9.9973E-005 9.9973E-005
9.9973E-005 0.00301718 0.994571 9.9973E-005 9.9973E-005 0.00211176
0.988547 0.000779414 0.000299343 9.9982E-005 0.0101739 9.9982E-005
0.969672 9.9991E-005 0.00119246 0.00104023 0.0209225 0.00707281
0.972508 9.9964E-005 9.9964E-005 9.9964E-005 0.0270918 9.9964E-005
0.9995 9.996E-005 9.996E-005 9.996E-005 9.996E-005 9.996E-005
0.990588 0.00246785 0.00166523 0.00507896 9.9982E-005 9.9982E-005
0.9995 9.996E-005 9.996E-005 9.996E-005 9.996E-005 9.996E-005
9.996E-005 9.996E-005 9.996E-005 0.9995 9.996E-005 9.996E-005
9.996E-005 9.996E-005 0.9995 9.996E-005 9.996E-005 9.996E-005
9.9964E-005 9.9964E-005 0.00117542 0.998425 9.9964E-005 9.9964E-005
9.996E-005 9.996E-005 0.9995 9.996E-005 9.996E-005 9.996E-005
9.996E-005 9.996E-005 0.9995 9.996E-005 9.996E-005 9.996E-005
9.9982E-005 9.9982E-005 0.00146298 0.00190277 0.990495 0.00593963
9.996E-005 9.996E-005 9.996E-005 9.996E-005 0.9995 9.996E-005
9.996E-005 9.996E-005 9.996E-005 9.996E-005 0.9995 9.996E-005
0.013333 9.9982E-005 0.0030054 0.0039013 0.97956 9.9982E-005
9.9964E-005 9.9964E-005 9.9964E-005 0.00174728 0.997853 9.9964E-005
9.996E-005 9.996E-005 9.996E-005 9.996E-005 0.9995 9.996E-005
9.996E-005 9.996E-005 0.9995 9.996E-005 9.996E-005 9.996E-005
0.00121267 0.00293711 0.982381 0.00750142 9.9991E-005 0.00586785
9.996E-005 9.996E-005 0.9995 9.996E-005 9.996E-005 9.996E-005
9.9973E-005 9.9973E-005 0.993623 0.00348199 9.9973E-005 0.00259477
9.9973E-005 9.9973E-005 0.997026 0.00228692 9.9973E-005 0.000387494
9.996E-005 9.996E-005 0.9995 9.996E-005 9.996E-005 9.996E-005
9.9973E-005 0.00736912 0.990122 9.9973E-005 9.9973E-005 0.00220878
0.0062901 0.0121648 0.979183 0.00101632 0.00124621 9.9991E-005
9.9982E-005 0.00507493 0.985191 0.00451057 9.9982E-005 0.00502352
9.9964E-005 9.9964E-005 0.993976 9.9964E-005 9.9964E-005 0.00562403
9.9964E-005 0.018654 0.980946 9.9964E-005 9.9964E-005 9.9964E-005
0.00119335 0.0162684 0.982238 9.9973E-005 9.9973E-005 9.9973E-005
9.9982E-005 0.00543509 0.979909 0.00893222 9.9982E-005 0.00552326
9.9973E-005 0.00586114 0.992403 9.9973E-005 9.9973E-005 0.00143606
0.0130198 0.000646418 9.9982E-005 0.000982844 0.985151 9.9982E-005
0.108905 9.9991E-005 0.00297147 0.000284507 0.849199 0.0385402
0.0905315 0.00340717 9.9991E-005 0.00076911 0.864126 0.0410659
9.9964E-005 0.995944 0.00365579 9.9964E-005 9.9964E-005 9.9964E-005
9.996E-005 0.9995 9.996E-005 9.996E-005 9.996E-005 9.996E-005
0.0943954 0.000489082 0.00652263 9.9991E-005 0.860453 0.0380401
0.164642 9.9991E-005 0.00810005 0.00928176 0.737027 0.0808488
0.17708 0.032785 0.0798725 0.0653049 0.54474 0.100218
0.0177155 9.9991E-005 0.00532543 0.000544834 0.116144 0.86017
0.0335819 9.9995E-005 0.00434413 0.000612616 0.105893 0.855468
9.996E-005 0.9995 9.996E-005 9.996E-005 9.996E-005 9.996E-005
9.996E-005 0.9995 9.996E-005 9.996E-005 9.996E-005 9.996E-005
0.0314879 9.9991E-005 0.00524302 0.0025659 0.0949824 0.865621
0.154849 0.00354516 9.9982E-005 9.9982E-005 0.750807 0.0905987
9.996E-005 0.9995 9.996E-005 9.996E-005 9.996E-005 9.996E-005
0.0288905 0.0045598 0.000511704 0.000556538 0.0907398 0.874742
0.107591 0.00475296 0.0088389 0.00269474 0.829035 0.0470867
0.104926 0.00121884 9.9982E-005 9.9982E-005 0.861681 0.0319742
0.167178 0.00824077 0.0431265 0.0448536 0.648845 0.0877561
0.146071 0.00159984 0.0155211 0.012536 0.333617 0.490655
0.0985895 0.0079009 0.00150312 9.9991E-005 0.852352 0.0395542
0.102773 0.00291835 0.000256169 9.9991E-005 0.840323 0.0536295
0.101967 0.0037903 0.00131185 0.00765082 0.844953 0.0403275
9.9982E-005 0.991563 9.9982E-005 0.00552444 0.00069271 0.00201993
0.0842036 0.00194315 0.00465793 9.9991E-005 0.864053 0.0450425
9.99658E-005 0.999185 9.99658E-005 9.99658E-005 9.99658E-005 0.00041548
0.0863857 0.00165298 9.9982E-005 9.9982E-005 0.881616 0.0301451
9.996E-005 0.9995 9.996E-005 9.996E-005 9.996E-005 9.996E-005
9.996E-005 9.996E-005 9.996E-005 9.996E-005 9.996E-005 0.9995
0.0766937 0.00172903 0.002844 0.000419538 0.879924 0.0383895
9.996E-005 9.996E-005 9.996E-005 9.996E-005 9.996E-005 0.9995
0.0895247 0.00335083 0.00345258 9.9991E-005 0.869344 0.0342278
0.0766631 9.9991E-005 0.00220562 0.00446548 0.872014 0.044552
0.0657497 0.00289186 0.00306554 9.9991E-005 0.893535 0.0346578
0.077052 9.9982E-005 0.00105529 9.9982E-005 0.895715 0.0259774
9.996E-005 0.9995 9.996E-005 9.996E-005 9.996E-005 9.996E-005
9.996E-005 9.996E-005 9.996E-005 9.996E-005 0.9995 9.996E-005
9.9973E-005 9.9973E-005 0.000542769 0.00131577 0.997842 9.9973E-005
9.9964E-005 9.9964E-005 9.9964E-005 0.00142015 0.99818 9.9964E-005
0.997329 0.0016707 9.9973E-005 0.000700655 9.9973E-005 9.9973E-005
0.00262728 0.982602 9.9973E-005 9.9973E-005 0.0144707 9.9973E-005
0.958084 9.9973E-005 9.9973E-005 9.9973E-005 0.037054 0.00456204
0.998954 0.000645947 9.9964E-005 9.9964E-005 9.9964E-005 9.9964E-005
0.97382 0.000252531 9.9991E-005 0.00106557 0.0231177 0.00164472
0.9995 9.996E-005 9.996E-005 9.996E-005 9.996E-005 9.996E-005
0.9995 9.996E-005 9.996E-005 9.996E-005 9.996E-005 9.996E-005
9.996E-005 9.996E-005 9.996E-005 9.996E-005 9.996E-005 0.9995
9.996E-005 9.996E-005 9.996E-005 9.996E-005 9.996E-005 0.9995
9.996E-005 9.996E-005 9.996E-005 9.996E-005 9.996E-005 0.9995
9.996E-005 9.996E-005 9.996E-005 9.996E-005 9.996E-005 0.9995
0.953205 0.0311864 9.9973E-005 9.9973E-005 9.9973E-005 0.0153084
9.996E-005 9.996E-005 9.996E-005 9.996E-005 9.996E-005 0.9995
0.9995 9.996E-005 9.996E-005 9.996E-005 9.996E-005 9.996E-005
0.975142 9.9964E-005 9.9964E-005 9.9964E-005 0.0244583 9.9964E-005
0.972697 9.99659E-005 9.99659E-005 9.99659E-005 0.0269032 9.99659E-005
0.991174 9.9973E-005 0.000159466 9.9973E-005 0.00836648 9.9973E-005
0.97504 9.9964E-005 9.9964E-005 9.9964E-005 0.0245597 9.9964E-005
0.997544 9.9964E-005 9.9964E-005 0.00205626 9.9964E-005 9.9964E-005
0.975687 9.9973E-005 9.9973E-005 9.9973E-005 0.0226459 0.00136718
0.963165 9.9973E-005 9.9973E-005 9.9973E-005 0.0308881 0.00564694
0.954409 9.9991E-005 0.00164828 0.00109751 0.0360091 0.00673645
0.977027 0.000652847 9.9991E-005 0.000950299 0.0180438 0.00322584
0.989573 9.9973E-005 9.9973E-005 0.00446129 9.9973E-005 0.00566535
0.989837 9.9982E-005 0.00169734 0.00133706 9.9982E-005 0.00692818
0.96663 0.00131777 9.9973E-005 9.9973E-005 0.0317527 9.9973E-005
0.968619 9.9973E-005 0.00185897 9.9973E-005 0.0292221 9.9973E-005
0.991994 9.9964E-005 9.9964E-005 9.9964E-005 0.00760605 9.9964E-005
0.958733 9.99907E-005 0.0105687 0.0113767 0.0139534 0.00526812
9.9964E-005 0.000959829 0.99864 9.9964E-005 9.9964E-005 9.9964E-005
9.996E-005 9.996E-005 0.9995 9.996E-005 9.996E-005 9.996E-005
0.00298173 9.9964E-005 0.996618 9.9964E-005 9.9964E-005 9.9964E-005
0.974594 0.00232282 0.00282141 0.00869203 0.0081533 0.00341616
0.151066 0.0220544 0.0321296 0.0278414 0.284914 0.481995
9.9973E-005 0.000554586 9.9973E-005 0.998828 9.9973E-005 0.000317649
0.00197365 9.9973E-005 9.9973E-005 0.993039 9.9973E-005 0.00468741
0.0024483 9.99739E-005 9.99739E-005 0.996808 0.000443395 9.99739E-005
9.9964E-005 0.00251986 9.9964E-005 0.99708 9.9964E-005 9.9964E-005
9.996E-005 9.996E-005 9.996E-005 0.9995 9.996E-005 9.996E-005
9.996E-005 9.996E-005 9.996E-005 0.9995 9.996E-005 9.996E-005
9.9982E-005 0.062701 0.921094 0.0101534 0.00585128 9.9982E-005
9.9973E-005 9.9973E-005 9.9973E-005 0.996834 0.00205069 0.000814905
0.000174205 9.9964E-005 0.999426 9.9964E-005 9.9964E-005 9.9964E-005
0.0182806 0.004342 9.9982E-005 0.976927 0.000250265 9.9982E-005
9.9973E-005 0.00380478 0.00147629 0.994419 9.9973E-005 9.9973E-005
9.996E-005 9.996E-005 9.996E-005 0.9995 9.996E-005 9.996E-005
0.000567046 9.9973E-005 9.9973E-005 0.998844 0.000289078 9.9973E-005
0.964202 0.00326307 0.000516753 0.000392853 0.0315252 9.9991E-005
9.99899E-005 0.000724585 0.000457371 0.998454 0.000164003 9.99899E-005
9.9964E-005 9.9964E-005 0.997031 0.00256924 9.9964E-005 9.9964E-005
0.990032 0.00406408 9.9973E-005 9.9973E-005 0.00560355 9.9973E-005
9.996E-005 9.996E-005 9.996E-005 9.996E-005 0.9995 9.996E-005
0.00138354 9.9973E-005 9.9973E-005 0.998075 0.000241188 9.9973E-005
9.996E-005 0.9995 9.996E-005 9.996E-005 9.996E-005 9.996E-005
0.00116564 0.993781 9.9973E-005 0.0047539 9.9973E-005 9.9973E-005
9.996E-005 9.996E-005 9.996E-005 9.996E-005 0.9995 9.996E-005
9.996E-005 0.9995 9.996E-005 9.996E-005 9.996E-005 9.996E-005
0.9995 9.996E-005 9.996E-005 9.996E-005 9.996E-005 9.996E-005
0.984801 9.9964E-005 9.9964E-005 9.9964E-005 0.0147989 9.9964E-005
0.946002 0.00224628 0.00466311 0.000948924 0.0460398 9.9991E-005
0.979183 9.9973E-005 9.9973E-005 9.9973E-005 0.00903039 0.0114869
0.944232 9.9973E-005 0.00068382 9.9973E-005 0.054784 9.9973E-005
0.95695 0.00257059 0.00642208 0.00558056 0.0283767 9.9991E-005
0.995261 9.9973E-005 9.9973E-005 9.9973E-005 0.00339293 0.0010462
9.996E-005 9.996E-005 9.996E-005 9.996E-005 0.9995 9.996E-005
9.996E-005 9.996E-005 9.996E-005 9.996E-005 0.9995 9.996E-005
0.999319 9.9964E-005 0.000281052 9.9964E-005 9.9964E-005 9.9964E-005
0.00277773 0.0038723 0.99305 9.9973E-005 9.9973E-005 9.9973E-005
9.9991E-005 0.0601184 0.908186 0.01446 0.0126408 0.00449516
0.00445972 0.0771415 0.893357 0.00951085 0.0108231 0.00470759
0.0859537 0.0956714 0.596175 0.0758505 0.102593 0.0437569
9.9991E-005 0.0639852 0.917732 0.0104691 0.00591529 0.00179897
9.9973E-005 0.00441886 0.981713 9.9973E-005 0.0135685 9.9973E-005
9.996E-005 9.996E-005 0.9995 9.996E-005 9.996E-005 9.996E-005
9.996E-005 9.996E-005 0.9995 9.996E-005 9.996E-005 9.996E-005
0.00452041 0.0576148 0.918775 0.0135447 0.00476644 0.000778869
9.996E-005 9.996E-005 9.996E-005 9.996E-005 0.9995 9.996E-005
9.996E-005 0.9995 9.996E-005 9.996E-005 9.996E-005 9.996E-005
0.0685284 0.045197 0.0749442 0.0770157 0.662683 0.0716313
9.996E-005 9.996E-005 9.996E-005 9.996E-005 0.9995 9.996E-005
9.9973E-005 0.0015424 0.000778022 9.9973E-005 0.99738 9.9973E-005
9.9964E-005 0.996851 9.9964E-005 9.9964E-005 0.00274871 9.9964E-005
0.000866582 0.000116079 9.9973E-005 0.998717 9.9973E-005 9.9973E-005
0.650925 0.000895017 9.9991E-005 0.000363423 0.284112 0.0636037
9.996E-005 9.996E-005 9.996E-005 9.996E-005 0.9995 9.996E-005
9.996E-005 9.996E-005 9.996E-005 9.996E-005 0.9995 9.996E-005
9.996E-005 9.996E-005 9.996E-005 9.996E-005 0.9995 9.996E-005
9.9973E-005 9.9973E-005 0.00310207 0.000737366 0.995861 9.9973E-005
9.996E-005 9.996E-005 9.996E-005 9.996E-005 0.9995 9.996E-005
9.996E-005 9.996E-005 9.996E-005 9.996E-005 0.9995 9.996E-005
