0.0148667 9.9973E-005 9.9973E-005 9.9973E-005 0.0250776 0.0350585 0.90584 0.0188577
0.026034 0.00179355 0.000693163 0.000702393 0.0174319 0.0298563 0.902569 0.0209195
0.0231913 0.00399759 0.00602463 9.9991E-005 0.011691 0.890756 0.00722001 0.0570191
0.0276101 9.9973E-005 9.9973E-005 9.9973E-005 0.0149285 0.893268 0.0078629 0.0560308
0.0297018 0.0017521 0.00725395 0.000392248 0.00450378 0.922736 9.9991E-005 0.0335606
0.0013863 9.9955E-005 9.9955E-005 9.9955E-005 9.9955E-005 0.997311 0.000803029 9.9955E-005
9.994E-005 9.994E-005 9.994E-005 9.994E-005 9.994E-005 0.9993 9.994E-005 9.994E-005
9.994E-005 9.994E-005 9.994E-005 9.994E-005 9.994E-005 0.9993 9.994E-005 9.994E-005
9.9955E-005 0.00697733 0.988653 9.9955E-005 0.00386958 9.9955E-005 9.9955E-005 9.9955E-005
0.989816 0.0030543 0.00396066 9.9964E-005 9.9964E-005 9.9964E-005 0.00276868 9.9964E-005
0.993307 0.00395801 0.00145994 0.000874824 9.9964E-005 9.9964E-005 9.9964E-005 9.9964E-005
9.9982E-005 0.0515439 0.116807 0.791325 0.0136606 9.9982E-005 0.0165319 0.00993157
0.993282 0.00149811 0.00205897 0.00276085 9.9964E-005 9.9964E-005 9.9964E-005 9.9964E-005
0.991227 0.00207191 0.00102176 0.00316203 9.9973E-005 9.9973E-005 0.00221785 9.9973E-005
0.987555 0.000991096 9.9964E-005 0.00348787 9.9964E-005 9.9964E-005 0.00756607 9.9964E-005
0.995537 9.9955E-005 0.00035112 0.00361259 9.9955E-005 9.9955E-005 9.9955E-005 9.9955E-005
0.00519441 0.0489387 0.125366 0.778118 0.0141972 0.00521454 0.0132863 0.00968445
0.00366802 9.9973E-005 9.9973E-005 9.9973E-005 0.000884221 0.014374 0.00748393 0.97329
9.994E-005 9.994E-005 9.994E-005 9.994E-005 9.994E-005 9.994E-005 0.9993 9.994E-005
9.9946E-005 0.00401292 9.9946E-005 9.9946E-005 9.9946E-005 9.9946E-005 0.995387 9.9946E-005
9.994E-005 9.994E-005 9.994E-005 9.994E-005 9.994E-005 9.994E-005 0.9993 9.994E-005
9.994E-005 9.994E-005 9.994E-005 9.994E-005 9.994E-005 9.994E-005 0.9993 9.994E-005
9.9946E-005 9.9946E-005 0.0022346 9.9946E-005 9.9946E-005 9.9946E-005 0.997166 9.9946E-005
9.994E-005 9.994E-005 9.994E-005 9.994E-005 9.994E-005 9.994E-005 0.9993 9.994E-005
9.994E-005 9.994E-005 9.994E-005 9.994E-005 9.994E-005 9.994E-005 0.9993 9.994E-005
9.994E-005 9.994E-005 9.994E-005 9.994E-005 9.994E-005 9.994E-005 0.9993 9.994E-005
9.994E-005 9.994E-005 9.994E-005 9.994E-005 9.994E-005 9.994E-005 0.9993 9.994E-005
9.9955E-005 0.00295214 0.000437987 9.9955E-005 9.9955E-005 9.9955E-005 0.99611 9.9955E-005
0.00493021 0.000487062 9.9973E-005 0.00263386 0.97062 9.9973E-005 0.021029 9.9973E-005
0.00442743 9.9973E-005 0.000741573 0.00207578 0.976545 0.0159102 9.9973E-005 9.9973E-005
9.994E-005 9.994E-005 9.994E-005 9.994E-005 0.9993 9.994E-005 9.994E-005 9.994E-005
9.994E-005 9.994E-005 9.994E-005 9.994E-005 0.9993 9.994E-005 9.994E-005 9.994E-005
9.994E-005 9.994E-005 9.994E-005 9.994E-005 0.9993 9.994E-005 9.994E-005 9.994E-005
9.994E-005 9.994E-005 9.994E-005 9.994E-005 9.994E-005 9.994E-005 9.994E-005 0.9993
9.994E-005 9.994E-005 9.994E-005 9.994E-005 9.994E-005 9.994E-005 9.994E-005 0.9993
9.994E-005 9.994E-005 9.994E-005 9.994E-005 9.994E-005 9.994E-005 9.994E-005 0.9993
9.994E-005 9.994E-005 9.994E-005 9.994E-005 9.994E-005 9.994E-005 9.994E-005 0.9993
9.994E-005 9.994E-005 9.994E-005 0.9993 9.994E-005 9.994E-005 9.994E-005 9.994E-005
9.994E-005 9.994E-005 9.994E-005 9.994E-005 0.9993 9.994E-005 9.994E-005 9.994E-005
9.9946E-005 0.00164519 9.9946E-005 9.9946E-005 0.997755 9.9946E-005 9.9946E-005 9.9946E-005
9.994E-005 9.994E-005 9.994E-005 9.994E-005 0.9993 9.994E-005 9.994E-005 9.994E-005
9.9946E-005 0.000186121 9.9946E-005 9.9946E-005 0.999214 9.9946E-005 9.9946E-005 9.9946E-005
0.0034141 9.9955E-005 0.995023 9.9955E-005 9.9955E-005 9.9955E-005 0.00106288 9.9955E-005
0.00630023 0.0042458 0.977158 0.00773656 0.00138712 9.9991E-005 0.000839974 0.00223184
9.9946E-005 9.9946E-005 0.996167 9.9946E-005 9.9946E-005 9.9946E-005 0.00323306 9.9946E-005
0.000240826 9.9973E-005 0.99174 9.9973E-005 9.9973E-005 0.00145281 0.00308713 0.00317955
9.9955E-005 0.0019501 0.990834 9.9955E-005 9.9955E-005 9.9955E-005 9.9955E-005 0.00671578
9.9955E-005 9.9955E-005 0.995492 9.9955E-005 9.9955E-005 0.00350446 9.9955E-005 0.000503462
9.994E-005 9.994E-005 0.9993 9.994E-005 9.994E-005 9.994E-005 9.994E-005 9.994E-005
0.00136806 9.9955E-005 0.994604 0.00352771 9.9955E-005 9.9955E-005 9.9955E-005 9.9955E-005
0.99122 9.9955E-005 0.000718522 9.9955E-005 9.9955E-005 0.0075619 9.9955E-005 9.9955E-005
0.964094 0.000952037 0.00260355 9.9991E-005 0.00158993 0.0151305 0.0120276 0.00350211
0.970739 9.9964E-005 9.9964E-005 0.000644638 9.9964E-005 0.0136405 9.9964E-005 0.0145757
0.993923 9.9946E-005 9.9946E-005 9.9946E-005 9.9946E-005 0.00547703 9.9946E-005 9.9946E-005
0.988551 0.00629376 0.0036386 0.00111687 9.9964E-005 9.9964E-005 9.9964E-005 9.9964E-005
0.997885 9.9946E-005 9.9946E-005 9.9946E-005 9.9946E-005 9.9946E-005 9.9946E-005 0.00151581
9.994E-005 0.9993 9.994E-005 9.994E-005 9.994E-005 9.994E-005 9.994E-005 9.994E-005
9.994E-005 9.994E-005 0.9993 9.994E-005 9.994E-005 9.994E-005 9.994E-005 9.994E-005
0.000408768 0.993754 9.99655E-005 9.99655E-005 0.00169184 9.99655E-005 9.99655E-005 0.00374536
9.994E-005 9.994E-005 0.9993 9.994E-005 9.994E-005 9.994E-005 9.994E-005 9.994E-005
9.994E-005 9.994E-005 0.9993 9.994E-005 9.994E-005 9.994E-005 9.994E-005 9.994E-005
0.0177699 9.9973E-005 9.9973E-005 9.9973E-005 0.0154208 0.906926 0.0148728 0.0447108
9.994E-005 9.994E-005 9.994E-005 9.994E-005 9.994E-005 0.9993 9.994E-005 9.994E-005
9.994E-005 9.994E-005 9.994E-005 9.994E-005 9.994E-005 0.9993 9.994E-005 9.994E-005
0.0265672 0.0033429 0.00301157 9.9991E-005 0.007275 0.934727 0.000659489 0.0243172
0.0245905 0.0018512 0.00358262 0.00098076 0.00632882 0.941993 0.00107289 0.0196006
9.994E-005 9.994E-005 9.994E-005 9.994E-005 9.994E-005 0.9993 9.994E-005 9.994E-005
9.994E-005 9.994E-005 0.9993 9.994E-005 9.994E-005 9.994E-005 9.994E-005 9.994E-005
9.9973E-005 0.0108456 0.981136 0.000811276 0.00219727 9.9973E-005 0.00470963 9.9973E-005
9.994E-005 9.994E-005 0.9993 9.994E-005 9.994E-005 9.994E-005 9.994E-005 9.994E-005
9.9946E-005 9.9946E-005 0.996505 9.9946E-005 9.9946E-005 9.9946E-005 0.00289578 9.9946E-005
9.9955E-005 0.00117212 0.998079 9.9955E-005 9.9955E-005 9.9955E-005 0.000249544 9.9955E-005
9.9946E-005 9.9946E-005 0.995046 9.9946E-005 9.9946E-005 9.9946E-005 0.00435436 9.9946E-005
9.9955E-005 9.9955E-005 0.989293 0.00505682 9.9955E-005 9.9955E-005 0.00515073 9.9955E-005
9.9964E-005 0.00257262 0.980279 0.0132374 9.9964E-005 9.9964E-005 0.00351158 9.9964E-005
0.000867718 0.00305913 0.97855 0.0107429 0.00447924 0.00210101 9.9982E-005 9.9982E-005
9.9946E-005 9.9946E-005 0.995514 9.9946E-005 9.9946E-005 9.9946E-005 0.00388638 9.9946E-005
0.00140617 0.00218031 0.974903 0.0199424 9.9973E-005 9.9973E-005 0.0012681 9.9973E-005
0.00257209 9.9955E-005 0.985742 0.0111857 9.9955E-005 9.9955E-005 9.9955E-005 9.9955E-005
9.9973E-005 0.0136602 0.972978 0.00536227 0.00551157 9.9973E-005 0.00218821 9.9973E-005
0.00022464 0.000552819 0.992345 0.00584623 9.9973E-005 9.9973E-005 0.000731154 9.9973E-005
0.0288166 9.9982E-005 9.9982E-005 0.00120693 0.00742948 0.904154 0.0126347 0.0455587
0.0408853 9.9973E-005 9.9973E-005 9.9973E-005 0.0123007 0.0316027 0.00318207 0.911729
9.994E-005 9.994E-005 9.994E-005 9.994E-005 9.994E-005 9.994E-005 9.994E-005 0.9993
9.9946E-005 9.9946E-005 9.9946E-005 0.998565 9.9946E-005 9.9946E-005 9.9946E-005 0.000834896
9.994E-005 9.994E-005 9.994E-005 0.9993 9.994E-005 9.994E-005 9.994E-005 9.994E-005
0.0218859 9.9955E-005 9.9955E-005 9.9955E-005 9.9955E-005 0.00152755 9.9955E-005 0.976087
0.127594 0.00789325 0.00462498 0.00376358 0.0357273 0.318811 0.0442606 0.457326
0.164769 0.0667603 0.0738149 0.042622 0.0546864 0.226559 0.0407282 0.330061
0.0198943 0.00264646 0.00542892 9.9991E-005 0.744906 0.0714858 0.0911635 0.0643749
0.0205821 9.9982E-005 0.00437056 9.9982E-005 0.73884 0.0723442 0.0988348 0.0648279
9.994E-005 9.994E-005 9.994E-005 0.9993 9.994E-005 9.994E-005 9.994E-005 9.994E-005
9.994E-005 9.994E-005 9.994E-005 0.9993 9.994E-005 9.994E-005 9.994E-005 9.994E-005
0.0255721 9.9982E-005 0.00672525 9.9982E-005 0.748223 0.0592368 0.0992609 0.0607817
0.132996 0.00018727 9.9991E-005 0.00406631 0.0403615 0.326936 0.0383609 0.456991
9.994E-005 9.994E-005 9.994E-005 0.9993 9.994E-005 9.994E-005 9.994E-005 9.994E-005
0.0166696 0.00303243 0.00187197 9.9991E-005 0.747015 0.0711295 0.103359 0.0568229
0.043863 0.00301854 0.00712339 9.9991E-005 0.0168911 0.0241017 0.00357257 0.90133
0.00783588 9.9955E-005 9.9955E-005 9.9955E-005 9.9955E-005 0.00914435 9.9955E-005 0.98252
0.128656 0.0378131 0.0440147 0.0147353 0.0362967 0.256252 0.0479992 0.434233
0.109296 0.010142 0.00767691 0.00338819 0.268743 0.161865 0.28935 0.149539
0.0180883 9.9973E-005 0.000871994 9.9973E-005 0.00350942 0.0126595 9.9973E-005 0.964571
0.0301593 9.9955E-005 9.9955E-005 9.9955E-005 9.9955E-005 9.9955E-005 0.0120382 0.957303
0.0145407 9.9973E-005 0.00402888 0.00187944 0.0073499 9.9973E-005 9.9973E-005 0.971901
9.9955E-005 0.00727302 9.9955E-005 0.989281 0.0029462 9.9955E-005 9.9955E-005 9.9955E-005
0.00874307 9.9973E-005 9.9973E-005 9.9973E-005 0.0140886 0.0230241 0.00169066 0.952154
9.99444E-005 9.99444E-005 9.99444E-005 0.9993 9.99444E-005 9.99444E-005 9.99444E-005 9.99444E-005
9.994E-005 9.994E-005 9.994E-005 9.994E-005 9.994E-005 9.994E-005 9.994E-005 0.9993
9.994E-005 9.994E-005 9.994E-005 0.9993 9.994E-005 9.994E-005 9.994E-005 9.994E-005
9.994E-005 9.994E-005 9.994E-005 9.994E-005 0.9993 9.994E-005 9.994E-005 9.994E-005
9.994E-005 9.994E-005 9.994E-005 9.994E-005 9.994E-005 9.994E-005 9.994E-005 0.9993
0.0192262 9.9973E-005 9.9973E-005 9.9973E-005 0.937848 0.00757431 0.0298838 0.00516825
9.9955E-005 0.000111364 0.00282277 9.9955E-005 9.9955E-005 9.9955E-005 9.9955E-005 0.996566
9.994E-005 9.994E-005 9.994E-005 9.994E-005 9.994E-005 9.994E-005 9.994E-005 0.9993
9.994E-005 9.994E-005 9.994E-005 9.994E-005 9.994E-005 9.994E-005 9.994E-005 0.9993
9.994E-005 9.994E-005 9.994E-005 9.994E-005 9.994E-005 9.994E-005 9.994E-005 0.9993
9.994E-005 9.994E-005 9.994E-005 0.9993 9.994E-005 9.994E-005 9.994E-005 9.994E-005
0.0210084 9.9955E-005 9.9955E-005 9.9955E-005 9.9955E-005 0.971791 0.00670054 9.9955E-005
0.0233544 9.9955E-005 9.9955E-005 9.9955E-005 9.9955E-005 0.96534 0.0108057 9.9955E-005
0.0161569 9.9982E-005 9.9982E-005 0.00103716 0.00734248 0.921065 0.00881276 0.0453853
0.998612 9.9946E-005 9.9946E-005 9.9946E-005 9.9946E-005 9.9946E-005 0.000788072 9.9946E-005
9.9964E-005 0.00135557 0.0102241 0.975088 9.9964E-005 0.0129322 9.9964E-005 9.9964E-005
0.957621 9.9973E-005 9.9973E-005 9.9973E-005 0.000618915 0.0306518 0.000743413 0.010065
0.99374 9.9946E-005 9.9946E-005 9.9946E-005 0.00566028 9.9946E-005 9.9946E-005 9.9946E-005
0.958818 9.9987E-005 0.00361814 9.9987E-005 0.00161688 0.014292 0.00571668 0.0157381
0.9993 9.994E-005 9.994E-005 9.994E-005 9.994E-005 9.994E-005 9.994E-005 9.994E-005
0.9885 9.9955E-005 9.9955E-005 9.9955E-005 9.9955E-005 0.00602745 9.9955E-005 0.00497283
9.994E-005 9.994E-005 9.994E-005 9.994E-005 0.9993 9.994E-005 9.994E-005 9.994E-005
9.994E-005 9.994E-005 9.994E-005 9.994E-005 0.9993 9.994E-005 9.994E-005 9.994E-005
9.994E-005 9.994E-005 9.994E-005 9.994E-005 0.9993 9.994E-005 9.994E-005 9.994E-005
9.9964E-005 0.00577763 0.000382973 0.000488755 0.992951 9.9964E-005 9.9964E-005 9.9964E-005
0.950213 9.9973E-005 9.9973E-005 0.0312376 0.0151771 0.00205636 0.0010158 9.9973E-005
0.00580359 9.9955E-005 9.9955E-005 9.9955E-005 0.977415 0.0162815 9.9955E-005 9.9955E-005
0.9993 9.994E-005 9.994E-005 9.994E-005 9.994E-005 9.994E-005 9.994E-005 9.994E-005
0.961251 9.9964E-005 9.9964E-005 9.9964E-005 0.00315714 0.011121 9.9964E-005 0.0240711
0.980471 9.9955E-005 9.9955E-005 9.9955E-005 0.000689015 9.9955E-005 9.9955E-005 0.0183403
0.984535 9.9955E-005 9.9955E-005 9.9955E-005 0.000280179 9.9955E-005 9.9955E-005 0.0146849
0.977754 9.9955E-005 9.9955E-005 9.9955E-005 9.9955E-005 0.00839419 9.9955E-005 0.0133522
0.978595 0.00303189 0.00233973 9.9982E-005 0.00541674 0.0087662 0.00165055 9.9982E-005
0.969863 0.000563374 0.00187202 9.9991E-005 0.00090162 0.0135427 0.00446731 0.00869048
0.960209 9.9955E-005 9.9955E-005 9.9955E-005 9.9955E-005 0.0105039 9.9955E-005 0.0287877
0.966906 0.00260871 0.00103474 9.9991E-005 0.002185 0.00910625 0.00655526 0.0115042
0.958212 0.0019789 9.9973E-005 9.9973E-005 0.00612688 0.0318302 9.9973E-005 0.00155245
0.986983 0.00252767 0.000751431 0.000294931 0.00289201 9.9982E-005 0.00635139 9.9982E-005
0.986054 9.99727E-005 0.00196884 9.99727E-005 0.00504269 9.99727E-005 0.00653417 9.99727E-005
0.945128 9.9964E-005 9.9964E-005 9.9964E-005 0.0134486 0.0146283 9.9964E-005 0.0263949
0.952791 0.00120794 0.00401143 9.9991E-005 0.00225798 0.0282325 0.000768271 0.0106311
0.964484 9.9964E-005 9.9964E-005 9.9964E-005 9.9964E-005 0.0082837 0.000987831 0.0258447
0.949673 0.0131847 0.0114129 0.0011326 0.00649656 0.0179006 9.999E-005 9.999E-005
0.00305448 9.9964E-005 0.988822 0.00688353 9.9964E-005 0.000840119 9.9964E-005 9.9964E-005
0.000862354 9.9955E-005 0.997799 9.9955E-005 9.9955E-005 0.000839231 9.9955E-005 9.9955E-005
0.00037799 9.9955E-005 0.996724 9.9955E-005 9.9955E-005 9.9955E-005 9.9955E-005 0.00239823
0.955775 0.00447917 0.0057037 0.00275145 0.0137877 0.00999295 9.9991E-005 0.00740976
0.126484 0.0275814 0.0262162 0.0196251 0.263087 0.126283 0.280611 0.130113
9.9964E-005 0.994137 9.9964E-005 0.00320187 0.00191312 9.9964E-005 0.000348082 9.9964E-005
9.9955E-005 0.992791 9.9955E-005 0.00335499 0.00335383 9.9955E-005 9.9955E-005 9.9955E-005
9.9946E-005 0.999217 9.9946E-005 9.9946E-005 9.9946E-005 9.9946E-005 9.9946E-005 0.000183761
9.9955E-005 0.99298 0.00100007 0.00552015 9.9955E-005 9.9955E-005 9.9955E-005 9.9955E-005
9.994E-005 0.9993 9.994E-005 9.994E-005 9.994E-005 9.994E-005 9.994E-005 9.994E-005
9.994E-005 0.9993 9.994E-005 9.994E-005 9.994E-005 9.994E-005 9.994E-005 9.994E-005
9.9982E-005 0.0096394 0.918091 0.0623135 0.00154574 9.9982E-005 0.000807883 0.00740282
9.994E-005 0.9993 9.994E-005 9.994E-005 9.994E-005 9.994E-005 9.994E-005 9.994E-005
9.994E-005 9.994E-005 0.9993 9.994E-005 9.994E-005 9.994E-005 9.994E-005 9.994E-005
9.9982E-005 0.976945 0.00205867 0.00405243 0.00329229 0.0117942 0.00165742 9.9982E-005
9.9955E-005 0.99291 0.00393305 0.00265738 9.9955E-005 9.9955E-005 9.9955E-005 9.9955E-005
9.994E-005 0.9993 9.994E-005 9.994E-005 9.994E-005 9.994E-005 9.994E-005 9.994E-005
9.9964E-005 0.996725 0.000339073 9.9964E-005 0.00201505 9.9964E-005 0.000520548 9.9964E-005
0.964704 9.9973E-005 9.9973E-005 9.9973E-005 0.00113396 0.00879294 0.0167631 0.00830629
9.994E-005 0.9993 9.994E-005 9.994E-005 9.994E-005 9.994E-005 9.994E-005 9.994E-005
9.9946E-005 0.00345884 0.995941 9.9946E-005 9.9946E-005 9.9946E-005 9.9946E-005 9.9946E-005
0.98522 9.9982E-005 0.00352225 0.0044032 9.9982E-005 0.00162234 0.000411054 0.00462082
0.0206224 9.9973E-005 9.9973E-005 9.9973E-005 0.00571191 0.958653 0.00298563 0.011727
9.9946E-005 0.998703 0.000697128 9.9946E-005 9.9946E-005 9.9946E-005 9.9946E-005 9.9946E-005
9.994E-005 9.994E-005 9.994E-005 0.9993 9.994E-005 9.994E-005 9.994E-005 9.994E-005
9.9955E-005 0.00148775 9.9955E-005 0.99747 9.9955E-005 0.000542788 9.9955E-005 9.9955E-005
9.9946E-005 9.9946E-005 9.9946E-005 9.9946E-005 9.9946E-005 0.988832 9.9946E-005 0.0105685
9.994E-005 9.994E-005 9.994E-005 0.9993 9.994E-005 9.994E-005 9.994E-005 9.994E-005
0.993718 9.9946E-005 9.9946E-005 9.9946E-005 9.9946E-005 9.9946E-005 9.9946E-005 0.0056819
0.982773 9.9955E-005 9.9955E-005 9.9955E-005 9.9955E-005 0.0100231 9.9955E-005 0.00670376
0.934007 0.000168585 9.9982E-005 0.00674869 0.001569 0.0187857 9.9982E-005 0.0385208
0.994305 9.9946E-005 9.9946E-005 9.9946E-005 9.9946E-005 9.9946E-005 9.9946E-005 0.00509573
0.960635 9.9955E-005 9.9955E-005 9.9955E-005 9.9955E-005 0.0204854 9.9955E-005 0.0183797
0.959637 0.00308027 0.00410113 0.00270154 0.000834198 0.0196499 0.00145308 0.00854272
0.991399 9.9955E-005 0.000462317 9.9955E-005 0.00763898 9.9955E-005 9.9955E-005 9.9955E-005
9.994E-005 9.994E-005 9.994E-005 9.994E-005 9.994E-005 0.9993 9.994E-005 9.994E-005
9.994E-005 9.994E-005 9.994E-005 9.994E-005 9.994E-005 0.9993 9.994E-005 9.994E-005
0.9993 9.994E-005 9.994E-005 9.994E-005 9.994E-005 9.994E-005 9.994E-005 9.994E-005
0.00626499 9.9964E-005 0.988604 0.0021774 9.9964E-005 0.00255368 9.9964E-005 9.9964E-005
0.000533981 0.0164711 0.910233 0.0608246 0.000863546 0.00980165 0.00117222 9.9991E-005
0.00590355 0.0127129 0.900289 0.0675864 9.9973E-005 0.0132079 9.9973E-005 9.9973E-005
0.100477 0.0696393 0.601278 0.0948637 0.024279 0.0515555 0.0356553 0.0222515
9.9973E-005 0.0138473 0.91867 0.0596694 0.00650493 9.9973E-005 0.00100879 9.9973E-005
9.9973E-005 0.00682745 0.979779 0.00103296 9.9973E-005 0.00367176 9.9973E-005 0.00838881
0.00236398 9.9946E-005 0.997036 9.9946E-005 9.9946E-005 9.9946E-005 9.9946E-005 9.9946E-005
9.994E-005 9.994E-005 0.9993 9.994E-005 9.994E-005 9.994E-005 9.994E-005 9.994E-005
9.9973E-005 0.0147082 0.917552 0.0570929 9.9973E-005 9.9973E-005 0.009993 0.00035399
0.00102874 9.9946E-005 9.9946E-005 9.9946E-005 9.9946E-005 0.998372 9.9946E-005 9.9946E-005
9.994E-005 9.994E-005 9.994E-005 0.9993 9.994E-005 9.994E-005 9.994E-005 9.994E-005
0.113737 0.0762899 0.0860517 0.0365495 0.032078 0.57822 0.0442785 0.0327953
0.000677485 9.9964E-005 9.9964E-005 0.0014068 0.00277449 0.994741 9.9964E-005 9.9964E-005
0.00666475 9.9946E-005 9.9946E-005 9.9946E-005 9.9946E-005 0.992736 9.9946E-005 9.9946E-005
9.9955E-005 9.9955E-005 0.000163957 0.995607 9.9955E-005 0.00372956 9.9955E-005 9.9955E-005
9.9946E-005 0.99901 9.9946E-005 0.000390177 9.9946E-005 9.9946E-005 9.9946E-005 9.9946E-005
0.636817 9.9982E-005 9.9982E-005 0.000728486 0.0290016 0.143651 0.0360461 0.153556
9.994E-005 9.994E-005 9.994E-005 9.994E-005 9.994E-005 0.9993 9.994E-005 9.994E-005
9.994E-005 9.994E-005 9.994E-005 9.994E-005 9.994E-005 0.9993 9.994E-005 9.994E-005
9.994E-005 9.994E-005 9.994E-005 9.994E-005 9.994E-005 0.9993 9.994E-005 9.994E-005
9.99506E-005 9.99506E-005 0.00375794 9.99506E-005 9.99506E-005 0.995642 9.99506E-005 9.99506E-005
9.994E-005 9.994E-005 9.994E-005 9.994E-005 9.994E-005 0.9993 9.994E-005 9.994E-005
9.994E-005 9.994E-005 9.994E-005 9.994E-005 9.994E-005 0.9993 9.994E-005 9.994E-005
