0.0253551 0.0185023 0.0287605 0.000411271 9.9982E-005 0.0239465 0.902824 9.9982E-005
0.0350851 0.0227568 0.0221729 0.000984188 9.9991E-005 0.00614642 0.911081 0.00167359
0.902869 0.0285524 0.011477 0.00170086 0.00101924 0.0459184 0.00590249 0.00256022
0.910256 0.0181862 0.0121094 9.9973E-005 9.9973E-005 0.0500223 0.00912648 9.9973E-005
0.923091 0.0258574 0.00901785 0.00346456 0.00295186 0.0288079 0.00475242 0.00205694
0.9993 9.994E-005 9.994E-005 9.994E-005 9.994E-005 9.994E-005 9.994E-005 9.994E-005
0.990263 9.9946E-005 9.9946E-005 9.9946E-005 9.9946E-005 0.00913698 9.9946E-005 9.9946E-005
0.9993 9.994E-005 9.994E-005 9.994E-005 9.994E-005 9.994E-005 9.994E-005 9.994E-005
9.9955E-005 9.9955E-005 9.9955E-005 0.991129 9.9955E-005 0.00246976 9.9955E-005 0.00590189
9.9964E-005 0.99253 9.9964E-005 0.00435449 9.9964E-005 9.9964E-005 0.00179713 0.00091885
9.9964E-005 0.991118 9.9964E-005 0.00147143 0.00303812 9.9964E-005 9.9964E-005 0.0039729
9.9982E-005 9.9982E-005 0.0167863 0.114752 0.788445 0.0033214 0.0188888 0.0576063
9.9955E-005 0.992791 9.9955E-005 9.9955E-005 0.00411569 9.9955E-005 9.9955E-005 0.00259382
9.9973E-005 0.988725 9.9973E-005 9.9973E-005 0.00306697 0.00118186 0.00335284 0.00337309
9.9946E-005 0.995917 9.9946E-005 9.9946E-005 0.00348347 9.9946E-005 9.9946E-005 9.9946E-005
9.9955E-005 0.993896 9.9955E-005 9.9955E-005 0.00264816 9.9955E-005 9.9955E-005 0.00295566
9.9982E-005 9.9982E-005 0.0155744 0.122011 0.784872 0.0165579 0.00856027 0.0522243
0.0118905 0.00275352 0.00350734 9.9973E-005 9.9973E-005 0.970519 0.0110297 9.9973E-005
9.994E-005 9.994E-005 9.994E-005 9.994E-005 9.994E-005 9.994E-005 0.9993 9.994E-005
9.9946E-005 9.9946E-005 9.9946E-005 9.9946E-005 0.00296247 9.9946E-005 0.996438 9.9946E-005
9.994E-005 9.994E-005 9.994E-005 9.994E-005 9.994E-005 9.994E-005 0.9993 9.994E-005
9.994E-005 9.994E-005 9.994E-005 9.994E-005 9.994E-005 9.994E-005 0.9993 9.994E-005
9.994E-005 9.994E-005 9.994E-005 9.994E-005 9.994E-005 9.994E-005 0.9993 9.994E-005
9.994E-005 9.994E-005 9.994E-005 9.994E-005 9.994E-005 9.994E-005 0.9993 9.994E-005
9.994E-005 9.994E-005 9.994E-005 9.994E-005 9.994E-005 9.994E-005 0.9993 9.994E-005
9.994E-005 9.994E-005 9.994E-005 9.994E-005 9.994E-005 9.994E-005 0.9993 9.994E-005
0.00271349 9.9955E-005 9.9955E-005 9.9955E-005 9.9955E-005 0.00370422 0.993083 9.9955E-005
9.994E-005 9.994E-005 9.994E-005 9.994E-005 9.994E-005 9.994E-005 0.9993 9.994E-005
0.00346114 0.0072904 0.964761 9.9964E-005 9.9964E-005 9.9964E-005 0.024088 9.9964E-005
0.00926201 9.9946E-005 0.990138 9.9946E-005 9.9946E-005 9.9946E-005 9.9946E-005 9.9946E-005
9.994E-005 9.994E-005 0.9993 9.994E-005 9.994E-005 9.994E-005 9.994E-005 9.994E-005
9.994E-005 9.994E-005 0.9993 9.994E-005 9.994E-005 9.994E-005 9.994E-005 9.994E-005
9.994E-005 9.994E-005 0.9993 9.994E-005 9.994E-005 9.994E-005 9.994E-005 9.994E-005
9.994E-005 9.994E-005 9.994E-005 9.994E-005 9.994E-005 0.9993 9.994E-005 9.994E-005
9.994E-005 9.994E-005 9.994E-005 9.994E-005 9.994E-005 0.9993 9.994E-005 9.994E-005
9.994E-005 9.994E-005 9.994E-005 9.994E-005 9.994E-005 0.9993 9.994E-005 9.994E-005
9.9946E-005 9.9946E-005 9.9946E-005 9.9946E-005 0.00053334 0.998867 9.9946E-005 9.9946E-005
9.994E-005 9.994E-005 9.994E-005 9.994E-005 0.9993 9.994E-005 9.994E-005 9.994E-005
9.994E-005 9.994E-005 0.9993 9.994E-005 9.994E-005 9.994E-005 9.994E-005 9.994E-005
9.9946E-005 9.9946E-005 0.997367 0.00203288 9.9946E-005 9.9946E-005 9.9946E-005 9.9946E-005
9.994E-005 9.994E-005 0.9993 9.994E-005 9.994E-005 9.994E-005 9.994E-005 9.994E-005
9.994E-005 9.994E-005 0.9993 9.994E-005 9.994E-005 9.994E-005 9.994E-005 9.994E-005
9.9955E-005 9.9955E-005 9.9955E-005 0.994012 9.9955E-005 9.9955E-005 0.000783262 0.00470473
9.9973E-005 9.9973E-005 0.00272593 0.982892 0.00789822 9.9973E-005 0.00378668 0.00239686
9.9946E-005 9.9946E-005 9.9946E-005 0.99627 9.9946E-005 9.9946E-005 0.00313019 9.9946E-005
9.9964E-005 0.00202953 0.00276344 0.994415 9.9964E-005 0.00039263 9.9964E-005 9.9964E-005
9.9946E-005 9.9946E-005 9.9946E-005 0.995612 9.9946E-005 9.9946E-005 0.00378837 9.9946E-005
0.000646413 9.9955E-005 0.000544389 0.998309 9.9955E-005 9.9955E-005 9.9955E-005 9.9955E-005
9.9955E-005 0.00149526 9.9955E-005 0.995383 0.0026217 9.9955E-005 9.9955E-005 9.9955E-005
9.9946E-005 9.9946E-005 9.9946E-005 0.993427 0.00597374 9.9946E-005 9.9946E-005 9.9946E-005
0.00183089 0.986042 0.00309401 0.0017951 9.9973E-005 0.00693791 9.9973E-005 9.9973E-005
0.00869087 0.967103 0.00692408 0.00275028 9.9991E-005 0.00762985 0.00597026 0.000831817
0.0238487 0.965972 9.9955E-005 9.9955E-005 9.9955E-005 0.00967991 9.9955E-005 9.9955E-005
9.9946E-005 0.986163 9.9946E-005 9.9946E-005 9.9946E-005 0.0132371 9.9946E-005 9.9946E-005
9.9964E-005 0.987775 9.9964E-005 0.00170357 0.00472435 9.9964E-005 9.9964E-005 0.00539718
9.994E-005 0.9993 9.994E-005 9.994E-005 9.994E-005 9.994E-005 9.994E-005 9.994E-005
9.994E-005 9.994E-005 9.994E-005 9.994E-005 9.994E-005 9.994E-005 9.994E-005 0.9993
9.994E-005 9.994E-005 9.994E-005 0.9993 9.994E-005 9.994E-005 9.994E-005 9.994E-005
9.9955E-005 9.9955E-005 9.9955E-005 0.00146525 9.9955E-005 9.9955E-005 0.00441883 0.993616
9.994E-005 9.994E-005 9.994E-005 0.9993 9.994E-005 9.994E-005 9.994E-005 9.994E-005
9.9955E-005 9.9955E-005 0.00177807 0.997528 9.9955E-005 9.9955E-005 0.000194168 9.9955E-005
0.915892 0.0212937 0.0158298 0.0022437 9.9982E-005 0.0304601 0.0140803 9.9982E-005
0.9993 9.994E-005 9.994E-005 9.994E-005 9.994E-005 9.994E-005 9.994E-005 9.994E-005
0.999042 9.9946E-005 9.9946E-005 9.9946E-005 9.9946E-005 9.9946E-005 9.9946E-005 0.000358147
0.935233 0.0374365 0.00728348 0.0042734 9.9991E-005 0.0110115 0.00211603 0.00254638
0.937359 0.0175427 0.00836312 0.00110559 0.00264422 0.0269459 0.00276001 0.00327959
0.9993 9.994E-005 9.994E-005 9.994E-005 9.994E-005 9.994E-005 9.994E-005 9.994E-005
9.9946E-005 9.9946E-005 9.9946E-005 0.997411 9.9946E-005 0.00198903 9.9946E-005 9.9946E-005
9.9973E-005 9.9973E-005 0.00524122 0.984803 0.00105004 9.9973E-005 0.00394692 0.00465894
9.994E-005 9.994E-005 9.994E-005 0.9993 9.994E-005 9.994E-005 9.994E-005 9.994E-005
9.9946E-005 9.9946E-005 9.9946E-005 0.998238 9.9946E-005 9.9946E-005 9.9946E-005 0.00116193
9.9955E-005 9.9955E-005 9.9955E-005 0.997015 9.9955E-005 9.9955E-005 0.00150339 0.00098148
9.994E-005 9.994E-005 9.994E-005 0.9993 9.994E-005 9.994E-005 9.994E-005 9.994E-005
9.9955E-005 9.9955E-005 9.9955E-005 0.992159 0.00686902 9.9955E-005 0.000472406 9.9955E-005
9.9964E-005 9.9964E-005 9.9964E-005 0.976226 0.0191427 0.000917741 0.00331353 9.9964E-005
9.9973E-005 9.9973E-005 0.0036426 0.978349 0.0111965 9.9973E-005 0.00128424 0.00522795
9.9946E-005 9.9946E-005 9.9946E-005 0.996467 9.9946E-005 9.9946E-005 0.00293334 9.9946E-005
9.9955E-005 9.9955E-005 9.9955E-005 0.978461 0.0190065 9.9955E-005 9.9955E-005 0.00203309
0.00464626 9.9955E-005 9.9955E-005 0.976766 0.0180884 9.9955E-005 9.9955E-005 9.9955E-005
9.9973E-005 9.9973E-005 0.00412356 0.974548 0.0049743 9.9973E-005 0.00234414 0.01371
9.9964E-005 9.9964E-005 9.9964E-005 0.992075 0.00334014 0.00145607 0.0027285 9.9964E-005
0.900587 0.0280423 0.00853471 9.9973E-005 9.9973E-005 0.0528421 0.00969363 9.9973E-005
0.0419497 0.026836 0.00872423 9.9973E-005 9.9973E-005 0.921997 0.00019333 9.9973E-005
9.99519E-005 9.99519E-005 9.99519E-005 9.99519E-005 0.000203853 0.999196 9.99519E-005 9.99519E-005
0.00245545 9.9955E-005 9.9955E-005 9.9955E-005 0.996401 0.000643651 9.9955E-005 9.9955E-005
9.994E-005 9.994E-005 9.994E-005 9.994E-005 0.9993 9.994E-005 9.994E-005 9.994E-005
9.9955E-005 0.00617774 9.9955E-005 0.000797449 9.9955E-005 0.992525 9.9955E-005 9.9955E-005
0.316801 0.143694 0.0451576 0.00458963 0.00251414 0.436482 0.0464897 0.00427222
0.225131 0.147993 0.0696483 0.0701365 0.0370683 0.320087 0.0598633 0.0700716
0.0627112 0.0267276 0.749262 0.00452524 9.9991E-005 0.0618067 0.0913802 0.00348743
0.0587122 0.0226995 0.745359 0.00400051 0.00210315 0.0729793 0.0936018 0.000544469
9.994E-005 9.994E-005 9.994E-005 9.994E-005 0.9993 9.994E-005 9.994E-005 9.994E-005
9.994E-005 9.994E-005 9.994E-005 9.994E-005 0.9993 9.994E-005 9.994E-005 9.994E-005
0.0648578 0.0268013 0.745168 0.00381481 0.00435911 0.0606165 0.093552 0.000830256
0.327443 0.131009 0.044683 9.9982E-005 0.00232717 0.453422 0.0409158 9.9982E-005
9.994E-005 9.994E-005 9.994E-005 9.994E-005 0.9993 9.994E-005 9.994E-005 9.994E-005
0.0583412 0.0174914 0.755795 0.00146644 0.000124355 0.0663339 0.0984654 0.00198245
0.0244087 0.036304 0.00751117 0.0084896 9.9982E-005 0.911997 0.0110895 9.9982E-005
0.000834874 0.022125 0.000656765 9.9964E-005 9.9964E-005 0.975983 9.9964E-005 9.9964E-005
0.245522 0.147762 0.0414448 0.0448926 0.0132621 0.42013 0.04764 0.0393462
0.147812 0.112464 0.281923 0.0111666 9.9991E-005 0.145275 0.292214 0.00904441
0.000259394 0.00961059 0.00410519 9.9973E-005 9.9973E-005 0.978657 0.0070682 9.9973E-005
0.0059153 0.0185293 0.00714815 9.9973E-005 9.9973E-005 0.959737 0.00837051 9.9973E-005
0.00789229 0.0199708 0.0091656 0.00354387 9.9973E-005 0.959128 9.9973E-005 9.9973E-005
9.9964E-005 9.9964E-005 0.00133629 9.9964E-005 0.989342 0.00509614 9.9964E-005 0.00382602
0.0195822 0.0068491 0.00695095 0.000282537 0.00118823 0.964947 9.9982E-005 9.9982E-005
9.9955E-005 9.9955E-005 9.9955E-005 0.00575742 0.992898 9.9955E-005 0.000844559 9.9955E-005
9.994E-005 9.994E-005 9.994E-005 9.994E-005 9.994E-005 0.9993 9.994E-005 9.994E-005
9.994E-005 9.994E-005 9.994E-005 9.994E-005 0.9993 9.994E-005 9.994E-005 9.994E-005
9.9946E-005 9.9946E-005 0.998292 9.9946E-005 9.9946E-005 9.9946E-005 9.9946E-005 0.00110813
9.994E-005 9.994E-005 9.994E-005 9.994E-005 9.994E-005 0.9993 9.994E-005 9.994E-005
0.0139457 0.0156777 0.942093 9.9973E-005 0.000158724 9.9973E-005 0.0278245 9.9973E-005
9.9946E-005 9.9946E-005 9.9946E-005 0.00026704 9.9946E-005 0.999133 9.9946E-005 9.9946E-005
9.9955E-005 9.9955E-005 9.9955E-005 9.9955E-005 9.9955E-005 0.991392 0.00655829 0.00155014
9.994E-005 9.994E-005 9.994E-005 9.994E-005 9.994E-005 0.9993 9.994E-005 9.994E-005
9.994E-005 9.994E-005 9.994E-005 9.994E-005 9.994E-005 0.9993 9.994E-005 9.994E-005
9.994E-005 9.994E-005 9.994E-005 9.994E-005 0.9993 9.994E-005 9.994E-005 9.994E-005
0.960559 0.0320437 9.9955E-005 9.9955E-005 9.9955E-005 9.9955E-005 0.00689753 9.9955E-005
0.961757 0.0174704 9.9964E-005 9.9964E-005 9.9964E-005 9.9964E-005 0.0196174 0.00075567
0.927925 0.0186231 0.0132996 9.9973E-005 9.9973E-005 0.0359228 0.00392969 9.9973E-005
9.99539E-005 0.992197 9.99539E-005 9.99539E-005 9.99539E-005 9.99539E-005 0.00720365 9.99539E-005
0.0049059 0.00322944 0.00852293 9.9964E-005 0.982942 9.9964E-005 9.9964E-005 9.9964E-005
0.00675521 0.963204 0.0086539 9.9964E-005 9.9964E-005 0.0209871 9.9964E-005 9.9964E-005
9.9946E-005 0.998125 0.00127572 9.9946E-005 9.9946E-005 9.9946E-005 9.9946E-005 9.9946E-005
0.0170643 0.971735 0.00251967 9.9964E-005 9.9964E-005 0.00828083 9.9964E-005 9.9964E-005
9.994E-005 0.9993 9.994E-005 9.994E-005 9.994E-005 9.994E-005 9.994E-005 9.994E-005
9.994E-005 0.9993 9.994E-005 9.994E-005 9.994E-005 9.994E-005 9.994E-005 9.994E-005
9.994E-005 9.994E-005 0.9993 9.994E-005 9.994E-005 9.994E-005 9.994E-005 9.994E-005
9.994E-005 9.994E-005 0.9993 9.994E-005 9.994E-005 9.994E-005 9.994E-005 9.994E-005
9.994E-005 9.994E-005 0.9993 9.994E-005 9.994E-005 9.994E-005 9.994E-005 9.994E-005
9.9946E-005 9.9946E-005 0.996014 0.00338672 9.9946E-005 9.9946E-005 9.9946E-005 9.9946E-005
0.00310775 0.945599 0.0155519 9.9973E-005 0.0306916 0.00475019 9.9973E-005 9.9973E-005
0.0114564 0.000103368 0.97478 9.9964E-005 9.9964E-005 0.0132608 9.9964E-005 9.9964E-005
0.000985633 0.998415 9.9946E-005 9.9946E-005 9.9946E-005 9.9946E-005 9.9946E-005 9.9946E-005
0.0199847 0.957703 0.00661456 9.9964E-005 9.9964E-005 0.0152983 9.9964E-005 9.9964E-005
9.99462E-005 0.977144 9.99462E-005 9.99462E-005 9.99462E-005 0.0222565 9.99462E-005 9.99462E-005
0.00412961 0.975247 9.9955E-005 9.9955E-005 9.9955E-005 0.0201236 9.9955E-005 9.9955E-005
0.0243394 0.964567 9.9964E-005 9.9964E-005 9.9964E-005 0.00608606 0.0046079 9.9964E-005
9.9973E-005 0.991347 0.00526378 0.00241256 9.9973E-005 9.9973E-005 0.000265921 0.000411214
0.00393616 0.973944 0.000839776 0.0023448 9.9982E-005 0.0172861 0.00144954 9.9982E-005
0.0171285 0.95925 9.9964E-005 0.000586568 9.9964E-005 0.0226355 9.9964E-005 9.9964E-005
0.0353042 0.944024 0.00342183 0.00285806 9.9982E-005 9.9982E-005 0.0139749 0.000217498
0.0266555 0.96018 0.00811448 0.00168279 0.00273059 9.9982E-005 0.00043672 9.9982E-005
9.9964E-005 0.980408 9.9964E-005 0.000707528 9.9964E-005 9.9964E-005 0.0154724 0.0030124
9.99705E-005 0.980798 9.99705E-005 0.000416159 9.99705E-005 9.99705E-005 0.0171991 0.00118665
0.00937437 0.976442 0.000796124 9.9964E-005 9.9964E-005 0.0129876 9.9964E-005 9.9964E-005
0.0185066 0.979965 9.9964E-005 9.9964E-005 0.000732248 9.9964E-005 9.9964E-005 0.000395837
0.00672484 0.984868 0.00188535 9.9973E-005 0.000375243 9.9973E-005 0.00584707 9.9973E-005
0.0132276 0.955103 0.000104779 0.00929115 0.00254639 0.004404 0.001255 0.0140678
9.9946E-005 9.9946E-005 9.9946E-005 0.993935 0.00546494 9.9946E-005 9.9946E-005 9.9946E-005
9.994E-005 9.994E-005 9.994E-005 0.9993 9.994E-005 9.994E-005 9.994E-005 9.994E-005
9.9946E-005 0.00311775 9.9946E-005 0.996283 9.9946E-005 9.9946E-005 9.9946E-005 9.9946E-005
0.0122139 0.962965 0.0106719 0.00144545 0.00294737 0.00141483 0.000115884 0.00822597
0.142287 0.124351 0.252791 0.0319799 0.0183808 0.126764 0.281252 0.0221935
0.000524428 0.00289926 0.00234806 9.999E-005 0.00170561 0.000149449 9.999E-005 0.992173
9.9964E-005 9.9964E-005 9.9964E-005 0.00262049 0.00161243 9.9964E-005 0.00237508 0.992992
9.994E-005 9.994E-005 9.994E-005 9.994E-005 9.994E-005 9.994E-005 9.994E-005 0.9993
9.9955E-005 9.9955E-005 9.9955E-005 0.000648501 0.00947648 9.9955E-005 9.9955E-005 0.989375
9.994E-005 9.994E-005 9.994E-005 9.994E-005 9.994E-005 9.994E-005 9.994E-005 0.9993
9.994E-005 9.994E-005 9.994E-005 9.994E-005 9.994E-005 9.994E-005 9.994E-005 0.9993
9.9964E-005 9.9964E-005 9.9964E-005 0.919252 0.0631198 0.0049925 9.9964E-005 0.0122362
9.994E-005 9.994E-005 9.994E-005 9.994E-005 9.994E-005 9.994E-005 9.994E-005 0.9993
9.994E-005 9.994E-005 9.994E-005 0.9993 9.994E-005 9.994E-005 9.994E-005 9.994E-005
9.9973E-005 0.0076621 0.00832637 0.00137247 0.00772647 9.9973E-005 9.9973E-005 0.974613
9.9955E-005 9.9955E-005 9.9955E-005 0.00297939 0.00269241 9.9955E-005 9.9955E-005 0.993828
9.994E-005 9.994E-005 9.994E-005 9.994E-005 9.994E-005 9.994E-005 9.994E-005 0.9993
9.9946E-005 9.9946E-005 9.9946E-005 9.9946E-005 0.00080678 9.9946E-005 9.9946E-005 0.998594
0.020102 0.962129 0.00637463 9.9973E-005 9.9973E-005 0.00841453 0.00267961 9.9973E-005
9.9955E-005 9.9955E-005 9.9955E-005 0.000450048 9.9955E-005 0.00207147 9.9955E-005 0.996979
9.994E-005 9.994E-005 9.994E-005 0.9993 9.994E-005 9.994E-005 9.994E-005 9.994E-005
9.9973E-005 0.982487 0.000980098 0.000422964 0.00431289 0.0114967 9.9973E-005 9.9973E-005
0.983127 0.0123308 9.9955E-005 9.9955E-005 9.9955E-005 9.9955E-005 0.00404247 9.9955E-005
0.000550126 9.9946E-005 9.9946E-005 9.9946E-005 9.9946E-005 9.9946E-005 9.9946E-005 0.99885
9.994E-005 9.994E-005 9.994E-005 9.994E-005 0.9993 9.994E-005 9.994E-005 9.994E-005
9.9946E-005 9.9946E-005 9.9946E-005 9.9946E-005 0.998119 9.9946E-005 9.9946E-005 0.00128144
0.985124 0.00205304 0.00126667 9.9964E-005 9.9964E-005 0.0111561 9.9964E-005 9.9964E-005
9.994E-005 9.994E-005 9.994E-005 9.994E-005 0.9993 9.994E-005 9.994E-005 9.994E-005
0.00607413 0.982806 0.00176719 9.9964E-005 9.9964E-005 0.00895251 9.9964E-005 9.9964E-005
9.9955E-005 0.986832 0.00968165 9.9955E-005 9.9955E-005 0.00298642 9.9955E-005 9.9955E-005
0.0195862 0.934008 9.9973E-005 0.00418676 9.9973E-005 0.0392282 9.9973E-005 0.00269041
9.9946E-005 0.998916 9.9946E-005 0.00048448 9.9946E-005 9.9946E-005 9.9946E-005 9.9946E-005
0.0235717 0.95123 0.00823901 9.9964E-005 9.9964E-005 0.0165596 9.9964E-005 9.9964E-005
0.0138172 0.962296 9.9982E-005 0.00606441 0.00261844 0.00991006 9.9982E-005 0.00509359
9.9955E-005 0.995073 0.00344305 9.9955E-005 9.9955E-005 9.9955E-005 0.000984208 9.9955E-005
0.993531 0.000759959 9.9955E-005 9.9955E-005 9.9955E-005 0.00520915 9.9955E-005 9.9955E-005
0.995607 0.00379366 9.9946E-005 9.9946E-005 9.9946E-005 9.9946E-005 9.9946E-005 9.9946E-005
0.00451487 0.994885 9.9946E-005 9.9946E-005 9.9946E-005 9.9946E-005 9.9946E-005 9.9946E-005
0.00064836 0.00721549 9.9955E-005 0.991636 9.9955E-005 9.9955E-005 9.9955E-005 9.9955E-005
0.0100312 9.9973E-005 9.9973E-005 0.911952 0.0557305 9.9973E-005 0.00404618 0.0179397
0.00915922 0.0105718 0.00235469 0.899752 0.066694 9.9982E-005 9.9982E-005 0.0112686
0.0597419 0.0871258 0.0437383 0.599794 0.0877675 0.0212722 0.0246581 0.0759017
0.00379307 9.9982E-005 0.00312801 0.91569 0.0632082 9.9982E-005 0.00104558 0.0129349
0.0145469 9.9946E-005 9.9946E-005 0.984853 9.9946E-005 9.9946E-005 9.9946E-005 9.9946E-005
9.9946E-005 0.00330945 9.9946E-005 0.996091 9.9946E-005 9.9946E-005 9.9946E-005 9.9946E-005
9.994E-005 9.994E-005 9.994E-005 0.9993 9.994E-005 9.994E-005 9.994E-005 9.994E-005
0.000477028 9.9973E-005 9.9973E-005 0.916588 0.0618656 9.9973E-005 0.00646775 0.0143017
0.9993 9.994E-005 9.994E-005 9.994E-005 9.994E-005 9.994E-005 9.994E-005 9.994E-005
9.994E-005 9.994E-005 9.994E-005 9.994E-005 0.9993 9.994E-005 9.994E-005 9.994E-005
0.572348 0.1073 0.0676932 0.079984 0.0361968 0.00948768 0.0453166 0.081674
0.992004 9.9946E-005 0.00739619 9.9946E-005 9.9946E-005 9.9946E-005 9.9946E-005 9.9946E-005
0.987372 0.0083538 0.00306072 0.000813178 9.9964E-005 9.9964E-005 9.9964E-005 9.9964E-005
9.9955E-005 0.00522379 9.9955E-005 0.00222814 0.992048 9.9955E-005 9.9955E-005 9.9955E-005
9.9946E-005 0.00387655 9.9946E-005 9.9946E-005 9.9946E-005 9.9946E-005 9.9946E-005 0.995524
0.133827 0.650601 0.0313831 0.002933 9.9982E-005 0.150291 0.030764 9.9982E-005
0.9993 9.994E-005 9.994E-005 9.994E-005 9.994E-005 9.994E-005 9.994E-005 9.994E-005
0.9993 9.994E-005 9.994E-005 9.994E-005 9.994E-005 9.994E-005 9.994E-005 9.994E-005
0.9993 9.994E-005 9.994E-005 9.994E-005 9.994E-005 9.994E-005 9.994E-005 9.994E-005
0.99784 9.9946E-005 9.9946E-005 9.9946E-005 0.00156022 9.9946E-005 9.9946E-005 9.9946E-005
0.9993 9.994E-005 9.994E-005 9.994E-005 9.994E-005 9.994E-005 9.994E-005 9.994E-005
0.9993 9.994E-005 9.994E-005 9.994E-005 9.994E-005 9.994E-005 9.994E-005 9.994E-005
