0.0436761 0.0182479 0.0140247 0.0260381 9.9955E-005 9.9955E-005 0.897514 9.9955E-005 9.9955E-005 9.9955E-005
0.0456024 0.0145903 9.9982E-005 0.0177852 0.00286515 0.000197482 0.915036 0.00201199 9.9982E-005 0.00171132
0.897971 0.023473 0.0509602 0.0126236 9.9964E-005 0.0051365 0.00943607 9.9964E-005 9.9964E-005 9.9964E-005
0.907544 0.0221292 0.0534507 0.00751476 9.9955E-005 9.9955E-005 0.00886134 9.9955E-005 9.9955E-005 9.9955E-005
0.922395 0.0338111 0.031637 0.00835035 0.000526353 0.000265271 0.000132335 0.00152576 9.9991E-005 0.00125681
0.999101 9.99201E-005 9.99201E-005 9.99201E-005 9.99201E-005 9.99201E-005 9.99201E-005 9.99201E-005 9.99201E-005 9.99201E-005
0.992481 9.9928E-005 0.00672002 9.9928E-005 9.9928E-005 9.9928E-005 9.9928E-005 9.9928E-005 9.9928E-005 9.9928E-005
0.999101 9.99201E-005 9.99201E-005 9.99201E-005 9.99201E-005 9.99201E-005 9.99201E-005 9.99201E-005 9.99201E-005 9.99201E-005
9.9946E-005 0.00190411 9.9946E-005 9.9946E-005 0.00495033 0.980263 9.9946E-005 9.9946E-005 9.9946E-005 0.0122833
9.9964E-005 0.993054 9.9964E-005 9.9964E-005 0.00117879 0.000547915 0.0023678 0.00117938 9.9964E-005 0.00127196
9.9937E-005 0.99108 9.9937E-005 9.9937E-005 0.00334005 9.9937E-005 9.9937E-005 9.9937E-005 0.00488 9.9937E-005
9.9928E-005 9.9928E-005 9.9928E-005 9.9928E-005 0.000443023 9.9928E-005 9.9928E-005 9.9928E-005 9.9928E-005 0.998758
9.9937E-005 0.994936 9.9937E-005 9.9937E-005 0.00361704 0.000747051 9.9937E-005 9.9937E-005 9.9937E-005 9.9937E-005
9.9946E-005 0.986888 9.9946E-005 9.9946E-005 0.00162233 9.9946E-005 0.00781316 9.9946E-005 0.00307653 9.9946E-005
9.9937E-005 0.991548 9.9937E-005 9.9937E-005 0.00350279 9.9937E-005 9.9937E-005 9.9937E-005 0.00424918 9.9937E-005
9.9937E-005 0.994856 9.9937E-005 9.9937E-005 0.00236677 9.9937E-005 9.9937E-005 9.9937E-005 0.00207803 9.9937E-005
9.99201E-005 9.99201E-005 9.99201E-005 9.99201E-005 9.99201E-005 9.99201E-005 9.99201E-005 9.99201E-005 9.99201E-005 0.999101
0.0171128 0.0091542 0.971462 9.9946E-005 9.9946E-005 9.9946E-005 0.00167165 9.9946E-005 9.9946E-005 9.9946E-005
9.9928E-005 9.9928E-005 9.9928E-005 9.9928E-005 9.9928E-005 9.9928E-005 0.998873 9.9928E-005 0.000327954 9.9928E-005
9.9928E-005 0.0038591 9.9928E-005 9.9928E-005 9.9928E-005 9.9928E-005 0.995341 9.9928E-005 9.9928E-005 9.9928E-005
9.99201E-005 9.99201E-005 9.99201E-005 9.99201E-005 9.99201E-005 9.99201E-005 0.999101 9.99201E-005 9.99201E-005 9.99201E-005
9.99201E-005 9.99201E-005 9.99201E-005 9.99201E-005 9.99201E-005 9.99201E-005 0.999101 9.99201E-005 9.99201E-005 9.99201E-005
9.99338E-005 9.99338E-005 9.99338E-005 9.99338E-005 9.99338E-005 0.000765627 0.998435 9.99338E-005 9.99338E-005 9.99338E-005
9.99201E-005 9.99201E-005 9.99201E-005 9.99201E-005 9.99201E-005 9.99201E-005 0.999101 9.99201E-005 9.99201E-005 9.99201E-005
9.99201E-005 9.99201E-005 9.99201E-005 9.99201E-005 9.99201E-005 9.99201E-005 0.999101 9.99201E-005 9.99201E-005 9.99201E-005
9.99201E-005 9.99201E-005 9.99201E-005 9.99201E-005 9.99201E-005 9.99201E-005 0.999101 9.99201E-005 9.99201E-005 9.99201E-005
9.9937E-005 0.00489023 0.00623425 9.9937E-005 9.9937E-005 9.9937E-005 0.988176 9.9937E-005 9.9937E-005 9.9937E-005
9.9928E-005 9.9928E-005 9.9928E-005 9.9928E-005 0.00302244 9.9928E-005 0.996178 9.9928E-005 9.9928E-005 9.9928E-005
9.9937E-005 0.00498158 9.9937E-005 0.968779 9.9937E-005 9.9937E-005 0.02554 9.9937E-005 9.9937E-005 9.9937E-005
0.00748397 0.00133973 9.9946E-005 0.989998 0.000578563 9.9946E-005 9.9946E-005 9.9946E-005 9.9946E-005 9.9946E-005
9.99201E-005 9.99201E-005 9.99201E-005 0.999101 9.99201E-005 9.99201E-005 9.99201E-005 9.99201E-005 9.99201E-005 9.99201E-005
9.99201E-005 9.99201E-005 9.99201E-005 0.999101 9.99201E-005 9.99201E-005 9.99201E-005 9.99201E-005 9.99201E-005 9.99201E-005
9.99201E-005 9.99201E-005 9.99201E-005 0.999101 9.99201E-005 9.99201E-005 9.99201E-005 9.99201E-005 9.99201E-005 9.99201E-005
9.99201E-005 9.99201E-005 0.999101 9.99201E-005 9.99201E-005 9.99201E-005 9.99201E-005 9.99201E-005 9.99201E-005 9.99201E-005
9.99201E-005 9.99201E-005 0.999101 9.99201E-005 9.99201E-005 9.99201E-005 9.99201E-005 9.99201E-005 9.99201E-005 9.99201E-005
9.99201E-005 9.99201E-005 0.999101 9.99201E-005 9.99201E-005 9.99201E-005 9.99201E-005 9.99201E-005 9.99201E-005 9.99201E-005
9.99201E-005 9.99201E-005 0.999101 9.99201E-005 9.99201E-005 9.99201E-005 9.99201E-005 9.99201E-005 9.99201E-005 9.99201E-005
9.9928E-005 9.9928E-005 9.9928E-005 9.9928E-005 9.9928E-005 9.9928E-005 9.9928E-005 9.9928E-005 0.987366 0.0118349
9.99201E-005 9.99201E-005 9.99201E-005 0.999101 9.99201E-005 9.99201E-005 9.99201E-005 9.99201E-005 9.99201E-005 9.99201E-005
9.99201E-005 9.99201E-005 9.99201E-005 0.999101 9.99201E-005 9.99201E-005 9.99201E-005 9.99201E-005 9.99201E-005 9.99201E-005
9.9928E-005 9.9928E-005 9.9928E-005 0.998132 0.00106897 9.9928E-005 9.9928E-005 9.9928E-005 9.9928E-005 9.9928E-005
9.9937E-005 9.9937E-005 9.9937E-005 0.996212 0.00164295 0.00144513 9.9937E-005 9.9937E-005 9.9937E-005 9.9937E-005
9.9937E-005 9.9937E-005 9.9937E-005 9.9937E-005 9.9937E-005 0.983908 0.00260921 9.9937E-005 9.9937E-005 0.0127828
9.9964E-005 9.9964E-005 9.9964E-005 0.00260763 9.9964E-005 0.920418 0.00409247 0.0550101 0.0101678 0.00730434
9.9946E-005 9.9946E-005 9.9946E-005 9.9946E-005 0.00128259 0.990764 0.00408012 9.9946E-005 9.9946E-005 0.0032737
0.00040664 9.9955E-005 0.00479957 0.0017342 9.9955E-005 0.989828 9.9955E-005 9.9955E-005 0.00273186 9.9955E-005
0.00257409 0.0022032 9.9946E-005 9.9946E-005 0.00318714 0.991436 9.9946E-005 9.9946E-005 9.9946E-005 9.9946E-005
9.9937E-005 9.9937E-005 9.9937E-005 0.00282649 9.9937E-005 0.987316 9.9937E-005 0.00915787 9.9937E-005 9.9937E-005
9.9946E-005 9.9946E-005 9.9946E-005 9.9946E-005 0.00315943 0.984658 9.9946E-005 9.9946E-005 0.00622733 0.00535515
9.9937E-005 9.9937E-005 9.9937E-005 9.9937E-005 9.9937E-005 0.974771 9.9937E-005 0.00871989 0.0158099 9.9937E-005
0.00823831 0.98697 9.99371E-005 9.99371E-005 9.99371E-005 0.00409185 9.99371E-005 9.99371E-005 9.99371E-005 9.99371E-005
0.00792624 0.964259 0.0141668 0.00784915 0.0021367 0.0017637 0.00159863 9.9973E-005 9.9973E-005 9.9973E-005
0.017693 0.964825 0.00848093 0.00277555 9.9955E-005 9.9955E-005 0.00572611 9.9955E-005 9.9955E-005 9.9955E-005
0.00897448 0.988233 0.00111897 9.9946E-005 0.00107416 9.9946E-005 9.9946E-005 9.9946E-005 9.9946E-005 9.9946E-005
9.9955E-005 0.983632 9.9955E-005 9.9955E-005 0.00696804 0.00211834 0.00454885 9.9955E-005 0.00223324 9.9955E-005
9.99201E-005 0.999101 9.99201E-005 9.99201E-005 9.99201E-005 9.99201E-005 9.99201E-005 9.99201E-005 9.99201E-005 9.99201E-005
9.99201E-005 9.99201E-005 9.99201E-005 9.99201E-005 0.999101 9.99201E-005 9.99201E-005 9.99201E-005 9.99201E-005 9.99201E-005
9.9928E-005 9.9928E-005 9.9928E-005 9.9928E-005 0.000263721 0.998937 9.9928E-005 9.9928E-005 9.9928E-005 9.9928E-005
9.99332E-005 9.99332E-005 9.99332E-005 9.99332E-005 0.994516 9.99332E-005 0.00468469 9.99332E-005 9.99332E-005 9.99332E-005
9.99201E-005 9.99201E-005 9.99201E-005 9.99201E-005 9.99201E-005 0.999101 9.99201E-005 9.99201E-005 9.99201E-005 9.99201E-005
9.9928E-005 9.9928E-005 9.9928E-005 9.9928E-005 9.9928E-005 0.99854 0.000660917 9.9928E-005 9.9928E-005 9.9928E-005
0.917558 0.0117662 0.038577 0.0192354 0.00185599 9.9964E-005 0.0106076 9.9964E-005 9.9964E-005 9.9964E-005
0.999101 9.99247E-005 9.99247E-005 9.99247E-005 9.99247E-005 9.99247E-005 9.99247E-005 9.99247E-005 9.99247E-005 9.99247E-005
0.999101 9.99201E-005 9.99201E-005 9.99201E-005 9.99201E-005 9.99201E-005 9.99201E-005 9.99201E-005 9.99201E-005 9.99201E-005
0.936385 0.0353729 0.011666 0.00239514 0.00187777 0.00243566 0.00956728 9.9973E-005 9.9973E-005 9.9973E-005
0.927708 0.0175313 0.0393875 0.00906374 0.000560483 9.9982E-005 0.00326571 0.000662026 0.00162149 9.9982E-005
0.998045 9.9928E-005 9.9928E-005 9.9928E-005 9.9928E-005 0.00115534 9.9928E-005 9.9928E-005 9.9928E-005 9.9928E-005
9.9937E-005 9.9937E-005 0.00143808 9.9937E-005 9.9937E-005 0.996864 9.9937E-005 9.9937E-005 9.9937E-005 0.000997979
9.9955E-005 9.9955E-005 9.9955E-005 0.0043355 0.00689536 0.919996 9.9955E-005 0.0479756 9.9955E-005 0.0202982
9.9946E-005 9.9946E-005 9.9946E-005 9.9946E-005 0.000894652 0.995968 0.000603543 9.9946E-005 9.9946E-005 0.00193393
9.9928E-005 9.9928E-005 9.9928E-005 9.9928E-005 9.9928E-005 0.991768 9.9928E-005 9.9928E-005 9.9928E-005 0.00743285
9.9946E-005 9.9946E-005 9.9946E-005 9.9946E-005 0.00493406 0.988516 0.00106192 9.9946E-005 9.9946E-005 0.00488865
9.9937E-005 9.9937E-005 9.9937E-005 9.9937E-005 9.9937E-005 0.99437 9.9937E-005 0.00436746 0.000563134 9.9937E-005
9.9946E-005 9.9946E-005 9.9946E-005 9.9946E-005 9.9946E-005 0.933332 0.00163383 0.0572714 0.00716335 9.9946E-005
9.9955E-005 9.9955E-005 9.9955E-005 9.9955E-005 9.9955E-005 0.911099 0.00285845 0.0653178 0.0177248 0.00249983
9.9964E-005 9.9964E-005 0.00532489 9.9964E-005 0.00267611 0.900748 9.9964E-005 0.0745921 0.00395828 0.012301
9.9928E-005 9.9928E-005 9.9928E-005 9.9928E-005 9.9928E-005 0.994614 0.0045861 9.9928E-005 9.9928E-005 9.9928E-005
9.9964E-005 9.9964E-005 0.000326058 9.9964E-005 0.000338924 0.914056 0.000970234 0.0645072 0.0194022 9.9964E-005
0.000972953 9.9946E-005 9.9946E-005 9.9946E-005 9.9946E-005 0.880187 9.9946E-005 0.0999011 0.0183389 9.9946E-005
9.9955E-005 9.9955E-005 9.9955E-005 9.9955E-005 0.0100378 0.906854 0.00598169 0.0489932 9.9955E-005 0.0276333
9.9964E-005 9.9964E-005 9.9964E-005 9.9964E-005 0.000480246 0.923158 0.00476478 0.0586233 0.00136373 0.0112099
0.90041 0.0356672 0.0482761 0.0111566 9.9955E-005 9.9955E-005 0.00399076 9.9955E-005 9.9955E-005 9.9955E-005
0.0425184 0.0345632 0.915657 0.00666162 9.9952E-005 9.9952E-005 9.9952E-005 9.9952E-005 9.9952E-005 9.9952E-005
9.99201E-005 9.99201E-005 0.999101 9.99201E-005 9.99201E-005 9.99201E-005 9.99201E-005 9.99201E-005 9.99201E-005 9.99201E-005
9.9946E-005 0.00309024 0.000862014 9.9946E-005 9.9946E-005 9.9946E-005 9.9946E-005 0.00541588 0.990032 9.9946E-005
9.99449E-005 9.99449E-005 9.99449E-005 9.99449E-005 9.99449E-005 9.99449E-005 9.99449E-005 0.00476168 0.990811 0.00372721
9.9928E-005 0.00268746 0.996513 9.9928E-005 9.9928E-005 9.9928E-005 9.9928E-005 9.9928E-005 9.9928E-005 9.9928E-005
0.310088 0.152109 0.440028 0.04159 0.00615752 9.9982E-005 0.0462358 0.00212764 0.00146508 9.9982E-005
0.239525 0.13614 0.335412 0.0644605 0.0676292 0.0754773 0.053249 9.9991E-005 0.011309 0.0166977
0.0713427 0.0313503 0.0530267 0.740713 9.9973E-005 9.9973E-005 0.0951273 0.00332386 9.9973E-005 0.00481646
0.0605679 0.0307346 0.063362 0.741184 9.9973E-005 9.9973E-005 0.0995968 0.00237805 9.9973E-005 0.00187681
9.99201E-005 9.99201E-005 9.99201E-005 9.99201E-005 9.99201E-005 9.99201E-005 9.99201E-005 9.99201E-005 0.999101 9.99201E-005
9.99201E-005 9.99201E-005 9.99201E-005 9.99201E-005 9.99201E-005 9.99201E-005 9.99201E-005 9.99201E-005 0.999101 9.99201E-005
0.0573183 0.028016 0.0594175 0.748358 0.000919121 9.9982E-005 0.0995477 0.00171491 9.9982E-005 0.00450891
0.342691 0.126905 0.445587 0.0436461 9.9955E-005 9.9955E-005 0.0406715 9.9955E-005 9.9955E-005 9.9955E-005
9.99201E-005 9.99201E-005 9.99201E-005 9.99201E-005 9.99201E-005 9.99201E-005 9.99201E-005 9.99201E-005 0.999101 9.99201E-005
0.0627126 0.0379149 0.0527619 0.746128 0.00220706 0.000333533 0.0942029 0.00168766 9.9991E-005 0.00195117
0.021239 0.0383577 0.908416 0.0118742 0.00693424 0.000663756 0.0107559 0.00155908 9.9982E-005 9.9982E-005
0.00943398 0.00995081 0.979916 9.9937E-005 9.9937E-005 9.9937E-005 9.9937E-005 9.9937E-005 9.9937E-005 9.9937E-005
0.228836 0.137886 0.448179 0.0403976 0.0449689 0.0244909 0.0483652 0.00513426 0.00400143 0.0177399
0.149691 0.113197 0.141032 0.274565 0.00895585 0.00625759 0.296515 9.9982E-005 9.9982E-005 0.00958736
0.0176562 0.00659708 0.969893 0.00331077 0.00047403 9.9964E-005 9.9964E-005 9.9964E-005 0.00166915 9.9964E-005
0.00469707 0.0168944 0.96027 0.00859945 9.9955E-005 9.9955E-005 0.00903943 9.9955E-005 9.9955E-005 9.9955E-005
0.00904659 0.0134807 0.964009 0.00869223 9.99714E-005 0.00398279 9.99714E-005 0.000389167 9.99714E-005 9.99714E-005
9.9955E-005 0.00177145 0.00397561 9.9955E-005 0.00493752 9.9955E-005 9.9955E-005 9.9955E-005 0.948391 0.0404245
0.0125734 0.00786813 0.977294 0.000695658 9.9955E-005 9.9955E-005 9.9955E-005 9.9955E-005 0.0010694 9.9955E-005
9.9964E-005 0.00242666 9.9964E-005 0.000385145 0.00105896 9.9964E-005 9.9964E-005 0.00925445 0.976228 0.0102471
9.99201E-005 9.99201E-005 0.999101 9.99201E-005 9.99201E-005 9.99201E-005 9.99201E-005 9.99201E-005 9.99201E-005 9.99201E-005
9.9928E-005 9.9928E-005 9.9928E-005 9.9928E-005 9.9928E-005 9.9928E-005 9.9928E-005 0.0142632 0.984937 9.9928E-005
9.99201E-005 9.99201E-005 9.99201E-005 0.999101 9.99201E-005 9.99201E-005 9.99201E-005 9.99201E-005 9.99201E-005 9.99201E-005
9.99201E-005 9.99201E-005 0.999101 9.99201E-005 9.99201E-005 9.99201E-005 9.99201E-005 9.99201E-005 9.99201E-005 9.99201E-005
0.0245395 0.0127803 9.9946E-005 0.931426 9.9946E-005 9.9946E-005 0.0306543 9.9946E-005 9.9946E-005 9.9946E-005
9.9946E-005 9.9946E-005 0.996541 9.9946E-005 0.000295098 0.000851582 9.9946E-005 0.00171253 9.9946E-005 9.9946E-005
9.9928E-005 9.9928E-005 0.997189 9.9928E-005 9.9928E-005 9.9928E-005 0.00201195 9.9928E-005 9.9928E-005 9.9928E-005
9.99201E-005 9.99201E-005 0.999101 9.99201E-005 9.99201E-005 9.99201E-005 9.99201E-005 9.99201E-005 9.99201E-005 9.99201E-005
9.99201E-005 9.99201E-005 0.999101 9.99201E-005 9.99201E-005 9.99201E-005 9.99201E-005 9.99201E-005 9.99201E-005 9.99201E-005
9.9928E-005 9.9928E-005 9.9928E-005 9.9928E-005 9.9928E-005 9.9928E-005 0.00273609 9.9928E-005 0.996464 9.9928E-005
0.952213 0.0392445 9.9937E-005 9.9937E-005 9.9937E-005 9.9937E-005 0.00784322 9.9937E-005 9.9937E-005 9.9937E-005
0.969681 0.0191102 9.9946E-005 9.9946E-005 0.00122039 9.9946E-005 0.0093884 9.9946E-005 9.9946E-005 9.9946E-005
0.922068 0.0202812 0.0353403 0.0146725 9.9955E-005 9.9955E-005 0.00713782 9.9955E-005 9.9955E-005 9.9955E-005
9.99508E-005 0.993241 9.99508E-005 9.99508E-005 0.00329775 9.99508E-005 0.0017192 9.99508E-005 0.0011422 9.99508E-005
0.00870636 0.0017802 0.00260672 9.9964E-005 0.010023 9.9964E-005 9.9964E-005 0.0102085 0.966275 9.9964E-005
0.0197336 0.960873 0.0173732 0.00142103 9.9946E-005 9.9946E-005 9.9946E-005 9.9946E-005 9.9946E-005 9.9946E-005
9.9928E-005 0.997653 9.9928E-005 0.0015474 9.9928E-005 9.9928E-005 9.9928E-005 9.9928E-005 9.9928E-005 9.9928E-005
0.00905248 0.971394 0.0076769 0.00281114 9.9964E-005 9.9964E-005 0.00784509 9.9964E-005 9.9964E-005 0.00082093
9.99201E-005 0.999101 9.99201E-005 9.99201E-005 9.99201E-005 9.99201E-005 9.99201E-005 9.99201E-005 9.99201E-005 9.99201E-005
9.99201E-005 0.999101 9.99201E-005 9.99201E-005 9.99201E-005 9.99201E-005 9.99201E-005 9.99201E-005 9.99201E-005 9.99201E-005
9.99201E-005 9.99201E-005 9.99201E-005 0.999101 9.99201E-005 9.99201E-005 9.99201E-005 9.99201E-005 9.99201E-005 9.99201E-005
9.99201E-005 9.99201E-005 9.99201E-005 0.999101 9.99201E-005 9.99201E-005 9.99201E-005 9.99201E-005 9.99201E-005 9.99201E-005
9.99201E-005 9.99201E-005 9.99201E-005 0.999101 9.99201E-005 9.99201E-005 9.99201E-005 9.99201E-005 9.99201E-005 9.99201E-005
9.9955E-005 9.9955E-005 9.9955E-005 0.996632 0.00128304 0.000114509 9.9955E-005 0.000391807 0.00107868 9.9955E-005
0.0105042 0.948537 9.9946E-005 0.0109919 9.9946E-005 9.9946E-005 9.9946E-005 9.9946E-005 0.029367 9.9946E-005
0.00658569 0.00576423 0.0107101 0.97634 9.9946E-005 9.9946E-005 9.9946E-005 9.9946E-005 9.9946E-005 9.9946E-005
9.99201E-005 0.999101 9.99201E-005 9.99201E-005 9.99201E-005 9.99201E-005 9.99201E-005 9.99201E-005 9.99201E-005 9.99201E-005
0.00962576 0.967869 0.0198538 0.00205168 9.9946E-005 9.9946E-005 9.9946E-005 9.9946E-005 9.9946E-005 9.9946E-005
0.0104172 0.964795 0.0240882 9.9937E-005 9.9937E-005 9.9937E-005 9.9937E-005 9.9937E-005 9.9937E-005 9.9937E-005
0.00446928 0.975652 0.0156296 0.00341225 9.9955E-005 9.9955E-005 9.9955E-005 0.000337491 9.9955E-005 9.9955E-005
0.0202786 0.957911 0.0155792 9.9946E-005 9.9946E-005 9.9946E-005 0.00563157 9.9946E-005 9.9946E-005 9.9946E-005
9.9955E-005 0.987763 9.9955E-005 0.00360948 0.00179514 9.9955E-005 0.00511367 0.00121899 9.9955E-005 9.9955E-005
0.00396937 0.972711 0.0120384 0.00309593 9.9964E-005 9.9964E-005 0.00362747 9.9964E-005 9.9964E-005 0.00415766
0.0127613 0.968666 0.0178733 9.9937E-005 9.9937E-005 9.9937E-005 9.9937E-005 9.9937E-005 9.9937E-005 9.9937E-005
0.0245158 0.953565 0.00719154 0.00660979 9.9964E-005 0.000511479 0.00720695 9.9964E-005 9.9964E-005 9.9964E-005
0.0210041 0.961271 9.9964E-005 0.0122253 0.00167719 9.9964E-005 9.9964E-005 0.00285698 0.000565867 9.9964E-005
9.9955E-005 0.982035 9.9955E-005 0.00726125 0.00115659 0.00340399 0.00564382 9.9955E-005 9.9955E-005 9.9955E-005
9.9955E-005 0.976468 9.9955E-005 0.00383383 0.00154282 9.9955E-005 0.0172472 9.9955E-005 9.9955E-005 0.00040815
0.0120538 0.96678 0.00959739 0.010969 9.9946E-005 9.9946E-005 9.9946E-005 9.9946E-005 9.9946E-005 9.9946E-005
0.0286545 0.963748 0.00305521 9.9973E-005 0.00125553 0.00143507 0.000717601 9.9973E-005 9.9973E-005 0.000833731
9.9955E-005 0.982564 0.00472963 9.9955E-005 9.9955E-005 9.9955E-005 0.00879702 0.000396413 9.9955E-005 0.00301329
0.00761038 0.947687 0.0036816 0.0162478 0.012367 0.00805822 9.9982E-005 9.9982E-005 0.0010642 0.00308411
9.9937E-005 9.9937E-005 9.9937E-005 9.9937E-005 9.9937E-005 0.964499 9.9937E-005 0.0193416 0.0154603 9.9937E-005
9.9937E-005 9.9937E-005 9.9937E-005 9.9937E-005 9.9937E-005 0.973009 9.9937E-005 0.0226171 0.00367434 9.9937E-005
9.9937E-005 0.00410889 9.9937E-005 9.9937E-005 0.00159849 0.993593 9.9937E-005 9.9937E-005 9.9937E-005 9.9937E-005
0.00609188 0.969722 0.00388306 0.00310549 0.0106084 0.00531703 0.000348686 9.9982E-005 0.000723724 9.9982E-005
0.127393 0.141872 0.125846 0.256429 0.0219402 0.0149523 0.274005 0.00629379 9.9991E-005 0.0311685
0.00434391 9.9946E-005 9.9946E-005 0.00326869 0.990582 9.9946E-005 9.9946E-005 9.9946E-005 0.00120575 9.9946E-005
9.9946E-005 9.9946E-005 9.9946E-005 0.00243991 0.993779 0.000888606 9.9946E-005 9.9946E-005 0.0022929 9.9946E-005
9.99201E-005 9.99201E-005 9.99201E-005 9.99201E-005 0.999101 9.99201E-005 9.99201E-005 9.99201E-005 9.99201E-005 9.99201E-005
9.9946E-005 9.9946E-005 9.9946E-005 9.9946E-005 0.989492 9.9946E-005 9.9946E-005 0.00413423 0.00151781 0.00425584
9.99201E-005 9.99201E-005 9.99201E-005 9.99201E-005 0.999101 9.99201E-005 9.99201E-005 9.99201E-005 9.99201E-005 9.99201E-005
9.99201E-005 9.99201E-005 9.99201E-005 9.99201E-005 0.999101 9.99201E-005 9.99201E-005 9.99201E-005 9.99201E-005 9.99201E-005
9.9928E-005 9.9928E-005 9.9928E-005 9.9928E-005 9.9928E-005 0.0277253 9.9928E-005 0.971475 9.9928E-005 9.9928E-005
9.99201E-005 9.99201E-005 9.99201E-005 9.99201E-005 0.999101 9.99201E-005 9.99201E-005 9.99201E-005 9.99201E-005 9.99201E-005
9.99201E-005 9.99201E-005 9.99201E-005 9.99201E-005 9.99201E-005 0.999101 9.99201E-005 9.99201E-005 9.99201E-005 9.99201E-005
0.00783921 9.9964E-005 9.9964E-005 0.0028951 0.973744 9.9964E-005 0.0063786 0.00574143 0.00300145 9.9964E-005
9.9946E-005 9.9946E-005 9.9946E-005 9.9946E-005 0.993011 0.00187698 9.9946E-005 0.0024634 9.9946E-005 0.00204939
9.99201E-005 9.99201E-005 9.99201E-005 9.99201E-005 0.999101 9.99201E-005 9.99201E-005 9.99201E-005 9.99201E-005 9.99201E-005
9.9946E-005 9.9946E-005 9.9946E-005 9.9946E-005 0.996313 0.000931547 9.9946E-005 9.9946E-005 0.00182871 0.00032696
0.0177955 0.955499 0.0139793 0.000643555 9.9973E-005 9.9973E-005 0.0103185 0.000602939 9.9973E-005 0.000861595
9.9937E-005 0.00137978 9.9937E-005 9.9937E-005 0.996908 9.9937E-005 9.9937E-005 0.00101291 9.9937E-005 9.9937E-005
9.9937E-005 9.9937E-005 9.9937E-005 9.9937E-005 0.00258724 0.991693 9.9937E-005 9.9937E-005 9.9937E-005 0.00502023
9.9955E-005 0.985274 0.00614363 9.9955E-005 0.00244118 0.00110715 9.9955E-005 9.9955E-005 9.9955E-005 0.00453468
0.985411 0.00590922 9.9937E-005 9.9937E-005 9.9937E-005 9.9937E-005 0.00798062 9.9937E-005 9.9937E-005 9.9937E-005
9.9928E-005 0.00313682 9.9928E-005 9.9928E-005 0.996064 9.9928E-005 9.9928E-005 9.9928E-005 9.9928E-005 9.9928E-005
9.9928E-005 9.9928E-005 9.9928E-005 9.9928E-005 9.9928E-005 9.9928E-005 9.9928E-005 9.9928E-005 0.992984 0.00621705
9.9937E-005 9.9937E-005 9.9937E-005 9.9937E-005 0.00679297 9.9937E-005 9.9937E-005 9.9937E-005 0.962719 0.0297885
0.9883 9.9928E-005 0.0109008 9.9928E-005 9.9928E-005 9.9928E-005 9.9928E-005 9.9928E-005 9.9928E-005 9.9928E-005
9.9928E-005 9.9928E-005 9.9928E-005 9.9928E-005 9.9928E-005 9.9928E-005 9.9928E-005 9.9928E-005 0.977272 0.0219282
9.9928E-005 0.990878 0.00832234 9.9928E-005 9.9928E-005 9.9928E-005 9.9928E-005 9.9928E-005 9.9928E-005 9.9928E-005
0.00303148 0.985823 0.0103161 0.000229971 9.99467E-005 9.99467E-005 9.99467E-005 9.99467E-005 9.99467E-005 9.99467E-005
0.0161518 0.935737 0.039577 0.000851846 9.9973E-005 0.00297529 9.9973E-005 9.9973E-005 0.000395165 0.00401224
9.99201E-005 0.999101 9.99201E-005 9.99201E-005 9.99201E-005 9.99201E-005 9.99201E-005 9.99201E-005 9.99201E-005 9.99201E-005
0.0373405 0.941198 0.0131145 0.00613611 9.9955E-005 9.9955E-005 0.0017116 9.9955E-005 9.9955E-005 9.9955E-005
0.00695394 0.958801 0.0135501 9.9964E-005 0.00265149 9.9964E-005 0.00716594 0.0104779 9.9964E-005 9.9964E-005
9.9937E-005 0.99271 9.9937E-005 0.00365172 9.9937E-005 9.9937E-005 0.00293828 9.9937E-005 9.9937E-005 9.9937E-005
0.993943 9.9928E-005 9.9928E-005 9.9928E-005 9.9928E-005 9.9928E-005 0.00525721 9.9928E-005 9.9928E-005 9.9928E-005
0.992003 0.00719796 9.9928E-005 9.9928E-005 9.9928E-005 9.9928E-005 9.9928E-005 9.9928E-005 9.9928E-005 9.9928E-005
0.0125305 0.98667 9.9928E-005 9.9928E-005 9.9928E-005 9.9928E-005 9.9928E-005 9.9928E-005 9.9928E-005 9.9928E-005
0.00292949 0.00742238 9.9955E-005 9.9955E-005 9.9955E-005 0.96228 9.9955E-005 0.0178758 0.008993 9.9955E-005
9.99201E-005 9.99201E-005 9.99201E-005 9.99201E-005 9.99201E-005 9.99201E-005 9.99201E-005 0.999101 9.99201E-005 9.99201E-005
9.99201E-005 9.99201E-005 9.99201E-005 9.99201E-005 9.99201E-005 9.99201E-005 9.99201E-005 0.999101 9.99201E-005 9.99201E-005
0.056975 0.0940315 0.0113049 0.0290073 0.0514982 9.9982E-005 0.0124112 0.737965 0.00660655 9.9982E-005
9.9928E-005 9.9928E-005 9.9928E-005 9.9928E-005 9.9928E-005 0.0272081 9.9928E-005 0.971992 9.9928E-005 9.9928E-005
0.00413065 0.00891289 9.9955E-005 9.9955E-005 0.00348307 0.974708 9.9955E-005 9.9955E-005 0.00826515 9.9955E-005
0.000439161 0.00224201 9.9946E-005 9.9946E-005 9.9946E-005 0.993647 9.9946E-005 9.9946E-005 0.00307175 9.9946E-005
9.99201E-005 9.99201E-005 9.99201E-005 9.99201E-005 9.99201E-005 0.999101 9.99201E-005 9.99201E-005 9.99201E-005 9.99201E-005
9.9928E-005 9.9928E-005 9.9928E-005 9.9928E-005 9.9928E-005 0.0374303 9.9928E-005 0.96177 9.9928E-005 9.9928E-005
0.997132 0.00206825 9.9928E-005 9.9928E-005 9.9928E-005 9.9928E-005 9.9928E-005 9.9928E-005 9.9928E-005 9.9928E-005
9.9928E-005 9.9928E-005 9.9928E-005 9.9928E-005 9.9928E-005 9.9928E-005 9.9928E-005 9.9928E-005 0.998762 0.000438265
0.59162 0.120026 9.9982E-005 0.0327923 0.0838347 0.0768503 0.0404611 9.9982E-005 0.027683 0.0265319
0.995088 9.9937E-005 9.9937E-005 0.00379784 9.9937E-005 9.9937E-005 9.9937E-005 0.000414505 9.9937E-005 9.9937E-005
0.985193 0.00824838 9.9937E-005 0.00585879 9.9937E-005 9.9937E-005 9.9937E-005 9.9937E-005 9.9937E-005 9.9937E-005
0.00161646 0.0062138 9.9946E-005 9.9946E-005 9.9946E-005 9.9946E-005 9.9946E-005 0.010403 0.981167 9.9946E-005
9.9937E-005 0.00136282 9.9937E-005 9.9937E-005 0.996601 9.9937E-005 9.9937E-005 9.9937E-005 0.00133642 9.9937E-005
0.140728 0.657224 0.134269 0.0354361 9.9973E-005 9.9973E-005 0.0301512 0.00035239 9.9973E-005 0.0015393
0.999101 9.99201E-005 9.99201E-005 9.99201E-005 9.99201E-005 9.99201E-005 9.99201E-005 9.99201E-005 9.99201E-005 9.99201E-005
0.999101 9.99201E-005 9.99201E-005 9.99201E-005 9.99201E-005 9.99201E-005 9.99201E-005 9.99201E-005 9.99201E-005 9.99201E-005
0.999101 9.99201E-005 9.99201E-005 9.99201E-005 9.99201E-005 9.99201E-005 9.99201E-005 9.99201E-005 9.99201E-005 9.99201E-005
0.999101 9.99201E-005 9.99201E-005 9.99201E-005 9.99201E-005 9.99201E-005 9.99201E-005 9.99201E-005 9.99201E-005 9.99201E-005
0.999101 9.99201E-005 9.99201E-005 9.99201E-005 9.99201E-005 9.99201E-005 9.99201E-005 9.99201E-005 9.99201E-005 9.99201E-005
0.999101 9.99201E-005 9.99201E-005 9.99201E-005 9.99201E-005 9.99201E-005 9.99201E-005 9.99201E-005 9.99201E-005 9.99201E-005
