0.0338881 9.9955E-005 0.0218291 9.9955E-005 9.9955E-005 0.0351386 9.9955E-005 0.901216 0.00742809 9.9955E-005
0.0305065 0.00245016 0.0187234 9.9973E-005 9.9973E-005 0.027039 9.9973E-005 0.895077 0.025235 0.000669111
0.893008 0.00126737 0.0536694 0.000545839 0.0008855 0.016069 0.00181797 0.00176333 0.0292605 0.00171323
0.89039 9.9955E-005 0.0677799 9.9955E-005 9.9955E-005 0.0104388 9.9955E-005 0.00455353 0.026338 9.9955E-005
0.930392 0.00138153 0.025729 9.9982E-005 0.00458631 0.00988014 0.000572618 0.00444795 0.022811 9.9982E-005
0.993267 9.9946E-005 0.00118131 9.9946E-005 9.9946E-005 9.9946E-005 9.9946E-005 0.00366973 0.00128251 9.9946E-005
0.999101 9.99201E-005 9.99201E-005 9.99201E-005 9.99201E-005 9.99201E-005 9.99201E-005 9.99201E-005 9.99201E-005 9.99201E-005
0.999101 9.99201E-005 9.99201E-005 9.99201E-005 9.99201E-005 9.99201E-005 9.99201E-005 9.99201E-005 9.99201E-005 9.99201E-005
9.9937E-005 0.0105711 9.9937E-005 9.9937E-005 0.986325 9.9937E-005 9.9937E-005 9.9937E-005 0.00240478 9.9937E-005
9.9946E-005 0.00367646 9.9946E-005 9.9946E-005 0.00316201 9.9946E-005 9.9946E-005 9.9946E-005 0.990351 0.00221084
9.994E-005 0.00137124 9.994E-005 0.00417916 0.0017064 9.994E-005 9.994E-005 9.994E-005 0.992144 9.994E-005
9.9973E-005 0.0508032 0.00611896 0.783803 0.0573481 0.00988004 0.0676377 0.0241086 9.9973E-005 9.9973E-005
9.9946E-005 0.0032483 9.9946E-005 0.000896548 0.000450467 9.9946E-005 9.9946E-005 9.9946E-005 0.994805 9.9946E-005
9.9955E-005 0.000134931 9.9955E-005 0.00286424 0.00104453 9.9955E-005 0.000716489 9.9955E-005 0.99474 9.9955E-005
9.9937E-005 0.00253723 9.9937E-005 9.9937E-005 0.00145511 9.9937E-005 9.9937E-005 9.9937E-005 0.995308 9.9937E-005
9.9946E-005 0.00290186 9.9946E-005 0.00405928 9.9946E-005 9.9946E-005 9.9946E-005 0.00269826 0.989741 9.9946E-005
0.00409089 0.0489465 0.0186171 0.783602 0.0531922 0.00667837 0.0755627 0.00911053 9.9982E-005 9.9982E-005
0.00510331 9.9946E-005 0.980243 9.9946E-005 9.9946E-005 9.9946E-005 9.9946E-005 0.00114743 0.0129064 9.9946E-005
9.99201E-005 9.99201E-005 9.99201E-005 9.99201E-005 9.99201E-005 9.99201E-005 9.99201E-005 0.999101 9.99201E-005 9.99201E-005
9.99292E-005 9.99292E-005 9.99292E-005 9.99292E-005 9.99292E-005 9.99292E-005 9.99292E-005 0.990533 0.00866787 9.99292E-005
9.99201E-005 9.99201E-005 9.99201E-005 9.99201E-005 9.99201E-005 9.99201E-005 9.99201E-005 0.999101 9.99201E-005 9.99201E-005
9.99201E-005 9.99201E-005 9.99201E-005 9.99201E-005 9.99201E-005 9.99201E-005 9.99201E-005 0.999101 9.99201E-005 9.99201E-005
9.9946E-005 9.9946E-005 0.00089617 9.9946E-005 0.000457105 9.9946E-005 9.9946E-005 0.996084 0.00196275 9.9946E-005
9.99201E-005 9.99201E-005 9.99201E-005 9.99201E-005 9.99201E-005 9.99201E-005 9.99201E-005 0.999101 9.99201E-005 9.99201E-005
9.99201E-005 9.99201E-005 9.99201E-005 9.99201E-005 9.99201E-005 9.99201E-005 9.99201E-005 0.999101 9.99201E-005 9.99201E-005
9.99201E-005 9.99201E-005 9.99201E-005 9.99201E-005 9.99201E-005 9.99201E-005 9.99201E-005 0.999101 9.99201E-005 9.99201E-005
9.99201E-005 9.99201E-005 9.99201E-005 9.99201E-005 9.99201E-005 9.99201E-005 9.99201E-005 0.999101 9.99201E-005 9.99201E-005
9.9937E-005 0.00235662 9.9937E-005 9.9937E-005 9.9937E-005 9.9937E-005 0.00540525 0.991539 9.9937E-005 9.9937E-005
9.9946E-005 9.9946E-005 9.9946E-005 9.9946E-005 9.9946E-005 0.980736 9.9946E-005 0.01355 0.00423613 0.000878263
0.0152108 9.9928E-005 9.9928E-005 9.9928E-005 9.9928E-005 0.98399 9.9928E-005 9.9928E-005 9.9928E-005 9.9928E-005
9.99201E-005 9.99201E-005 9.99201E-005 9.99201E-005 9.99201E-005 0.999101 9.99201E-005 9.99201E-005 9.99201E-005 9.99201E-005
9.99201E-005 9.99201E-005 9.99201E-005 9.99201E-005 9.99201E-005 0.999101 9.99201E-005 9.99201E-005 9.99201E-005 9.99201E-005
9.99201E-005 9.99201E-005 9.99201E-005 9.99201E-005 9.99201E-005 0.999101 9.99201E-005 9.99201E-005 9.99201E-005 9.99201E-005
9.99201E-005 9.99201E-005 0.999101 9.99201E-005 9.99201E-005 9.99201E-005 9.99201E-005 9.99201E-005 9.99201E-005 9.99201E-005
9.99201E-005 9.99201E-005 0.999101 9.99201E-005 9.99201E-005 9.99201E-005 9.99201E-005 9.99201E-005 9.99201E-005 9.99201E-005
9.99201E-005 9.99201E-005 0.999101 9.99201E-005 9.99201E-005 9.99201E-005 9.99201E-005 9.99201E-005 9.99201E-005 9.99201E-005
9.99201E-005 9.99201E-005 0.999101 9.99201E-005 9.99201E-005 9.99201E-005 9.99201E-005 9.99201E-005 9.99201E-005 9.99201E-005
9.99201E-005 9.99201E-005 9.99201E-005 0.999101 9.99201E-005 9.99201E-005 9.99201E-005 9.99201E-005 9.99201E-005 9.99201E-005
9.99201E-005 9.99201E-005 9.99201E-005 9.99201E-005 9.99201E-005 0.999101 9.99201E-005 9.99201E-005 9.99201E-005 9.99201E-005
9.9928E-005 0.0013569 9.9928E-005 9.9928E-005 9.9928E-005 0.997844 9.9928E-005 9.9928E-005 9.9928E-005 9.9928E-005
9.99201E-005 9.99201E-005 9.99201E-005 9.99201E-005 9.99201E-005 0.999101 9.99201E-005 9.99201E-005 9.99201E-005 9.99201E-005
9.99383E-005 0.000140989 9.99383E-005 9.99383E-005 9.99383E-005 0.996169 0.00299091 9.99383E-005 9.99383E-005 9.99383E-005
9.9937E-005 0.00516199 9.9937E-005 9.9937E-005 0.992071 9.9937E-005 9.9937E-005 0.00206722 9.9937E-005 9.9937E-005
0.00577318 9.9964E-005 9.9964E-005 0.00897967 0.917963 9.9964E-005 0.0484687 0.000620076 9.9964E-005 0.0177953
9.9937E-005 0.00164082 9.9937E-005 9.9937E-005 0.991253 9.9937E-005 9.9937E-005 0.00640621 9.9937E-005 9.9937E-005
9.9946E-005 9.9946E-005 9.9946E-005 0.00345258 0.967989 9.9946E-005 0.00490139 9.9946E-005 9.9946E-005 0.0230572
0.0058481 9.99532E-005 9.99532E-005 0.00226562 0.982502 9.99532E-005 9.99532E-005 9.99532E-005 9.99532E-005 0.0087848
9.9946E-005 9.9946E-005 9.9946E-005 9.9946E-005 0.98511 0.00350545 0.00566706 9.9946E-005 9.9946E-005 0.00511821
9.9928E-005 0.000904848 9.9928E-005 9.9928E-005 0.998296 9.9928E-005 9.9928E-005 9.9928E-005 9.9928E-005 9.9928E-005
0.000330827 9.9946E-005 9.9946E-005 0.00930304 0.979715 9.9946E-005 9.9946E-005 9.9946E-005 9.9946E-005 0.0100515
9.99281E-005 9.99281E-005 9.99281E-005 9.99281E-005 9.99281E-005 9.99281E-005 0.00644452 9.99281E-005 0.992756 9.99281E-005
0.0240788 0.00069487 0.00372413 9.9982E-005 0.000898549 0.00416835 9.9982E-005 0.0123378 0.953159 0.000738658
0.028665 9.9946E-005 0.0134459 9.9946E-005 9.9946E-005 9.9946E-005 9.9946E-005 0.00155972 0.95573 9.9946E-005
9.9928E-005 9.9928E-005 0.000146151 9.9928E-005 9.9928E-005 9.9928E-005 9.9928E-005 9.9928E-005 0.999054 9.9928E-005
9.9964E-005 0.00439466 9.9964E-005 0.00314006 0.00211783 9.9964E-005 0.000975035 9.9964E-005 0.987168 0.00180426
9.9928E-005 9.9928E-005 9.9928E-005 9.9928E-005 9.9928E-005 0.00142837 9.9928E-005 9.9928E-005 0.997772 9.9928E-005
9.9928E-005 0.998578 9.9928E-005 9.9928E-005 9.9928E-005 9.9928E-005 0.000622232 9.9928E-005 9.9928E-005 9.9928E-005
9.99201E-005 9.99201E-005 9.99201E-005 9.99201E-005 0.999101 9.99201E-005 9.99201E-005 9.99201E-005 9.99201E-005 9.99201E-005
9.9937E-005 0.995431 0.001002 9.9937E-005 9.9937E-005 9.9937E-005 9.9937E-005 9.9937E-005 9.9937E-005 0.0028678
9.9928E-005 9.9928E-005 9.9928E-005 9.9928E-005 0.999101 9.9928E-005 9.9928E-005 9.9928E-005 9.9928E-005 9.9928E-005
9.99201E-005 9.99201E-005 9.99201E-005 9.99201E-005 0.999101 9.99201E-005 9.99201E-005 9.99201E-005 9.99201E-005 9.99201E-005
0.905212 0.00322647 0.0408731 9.9982E-005 0.00278195 0.0170981 0.000105224 0.0147688 0.0157347 9.9982E-005
0.999101 9.99201E-005 9.99201E-005 9.99201E-005 9.99201E-005 9.99201E-005 9.99201E-005 9.99201E-005 9.99201E-005 9.99201E-005
0.990193 9.9937E-005 0.00848121 9.9937E-005 9.9937E-005 0.000626426 9.9937E-005 9.9937E-005 9.9937E-005 9.9937E-005
0.935671 0.00105133 0.0177637 9.9982E-005 0.00460391 0.00154697 9.9982E-005 0.00255871 0.0348906 0.00171343
0.949903 0.00125666 0.0229622 0.000979572 9.9982E-005 0.0027411 9.9982E-005 0.000851454 0.0183189 0.00278748
0.999101 9.99201E-005 9.99201E-005 9.99201E-005 9.99201E-005 9.99201E-005 9.99201E-005 9.99201E-005 9.99201E-005 9.99201E-005
0.00167715 9.9946E-005 9.9946E-005 9.9946E-005 0.995276 0.00207778 9.9946E-005 9.9946E-005 9.9946E-005 0.000369554
9.9973E-005 0.00877468 0.00169307 0.0046296 0.925445 0.00201526 0.0555931 9.9973E-005 0.00154889 9.9973E-005
9.9928E-005 9.9928E-005 9.9928E-005 9.9928E-005 0.996752 9.9928E-005 9.9928E-005 9.9928E-005 9.9928E-005 0.00244875
9.9955E-005 0.00211149 0.000433999 9.9955E-005 0.994358 0.001245 9.9955E-005 0.00135212 9.9955E-005 9.9955E-005
9.9937E-005 0.00125395 9.9937E-005 9.9937E-005 0.997678 9.9937E-005 9.9937E-005 0.000368082 9.9937E-005 9.9937E-005
9.9955E-005 9.9955E-005 9.9955E-005 0.00175564 0.983274 9.9955E-005 0.010159 0.00170666 9.9955E-005 0.0026053
9.9955E-005 9.9955E-005 9.9955E-005 0.00233551 0.946637 9.9955E-005 0.0433812 0.000249816 9.9955E-005 0.00689681
9.9955E-005 9.9955E-005 0.00522834 0.0214284 0.907674 9.9955E-005 0.0612814 0.00388831 9.9955E-005 9.9955E-005
9.9973E-005 0.00225007 9.9973E-005 0.00718665 0.913255 0.000700603 0.0733294 0.00223388 0.000744264 9.9973E-005
9.9937E-005 9.9937E-005 9.9937E-005 9.9937E-005 0.991498 9.9937E-005 9.9937E-005 0.00732112 0.000481171 9.9937E-005
9.9946E-005 9.9946E-005 9.9946E-005 0.0135599 0.924957 9.9946E-005 0.0580831 9.9946E-005 9.9946E-005 0.00280032
9.9946E-005 9.9946E-005 9.9946E-005 0.0114357 0.910806 9.9946E-005 0.0601074 9.9946E-005 9.9946E-005 0.0170514
9.9973E-005 0.0104795 9.9973E-005 0.00958164 0.917466 0.00607931 0.050144 0.00530754 9.9973E-005 0.000642571
9.9973E-005 0.000144039 0.00189665 0.00551457 0.924072 9.9973E-005 0.0667778 0.000546786 9.9973E-005 0.000748328
0.910771 0.000347315 0.0430541 0.000215611 9.9973E-005 0.0137335 9.9973E-005 0.00944962 0.0221286 9.9973E-005
0.0314026 9.9946E-005 0.936693 9.9946E-005 9.9946E-005 0.00358081 9.9946E-005 9.9946E-005 0.0277244 9.9946E-005
9.9937E-005 9.9937E-005 0.984454 9.9937E-005 9.9937E-005 9.9937E-005 9.9937E-005 0.00292887 0.0119173 9.9937E-005
9.9937E-005 9.9937E-005 0.00118412 0.993073 9.9937E-005 9.9937E-005 9.9937E-005 9.9937E-005 9.9937E-005 0.00504334
9.99201E-005 9.99201E-005 9.99201E-005 0.999101 9.99201E-005 9.99201E-005 9.99201E-005 9.99201E-005 9.99201E-005 9.99201E-005
9.9937E-005 9.9937E-005 0.989352 9.9937E-005 9.9937E-005 9.9937E-005 9.9937E-005 0.00357922 0.00636949 9.9937E-005
0.31909 0.00685956 0.443463 0.00265582 0.00618052 0.0438086 9.9991E-005 0.0470245 0.129239 0.00157811
0.222579 0.0665665 0.35109 0.0302348 0.0687241 0.0528841 9.9991E-005 0.048341 0.146071 0.0134101
0.0639476 0.00132063 0.0548384 9.9982E-005 0.0077411 0.755263 9.9982E-005 0.0916192 0.0245436 0.00052671
0.0502244 0.000939505 0.0703997 9.9973E-005 0.00282218 0.749035 9.9973E-005 0.0948653 0.0314144 9.9973E-005
9.99201E-005 9.99201E-005 9.99201E-005 0.999101 9.99201E-005 9.99201E-005 9.99201E-005 9.99201E-005 9.99201E-005 9.99201E-005
9.99201E-005 9.99201E-005 9.99201E-005 0.999101 9.99201E-005 9.99201E-005 9.99201E-005 9.99201E-005 9.99201E-005 9.99201E-005
0.0521284 0.00336437 0.0638504 9.9982E-005 0.00426724 0.755942 9.9982E-005 0.10076 0.017608 0.00187939
0.328751 0.00132005 0.442755 0.000956353 9.9973E-005 0.0451447 9.9973E-005 0.0443738 0.136398 9.9973E-005
9.99201E-005 9.99201E-005 9.99201E-005 0.999101 9.99201E-005 9.99201E-005 9.99201E-005 9.99201E-005 9.99201E-005 9.99201E-005
0.0587461 9.9973E-005 0.0524295 9.9973E-005 0.00366555 0.761654 9.9973E-005 0.0908069 0.0285174 0.00388092
0.021189 0.00414031 0.921527 0.000852442 9.9982E-005 0.00776712 0.00651344 0.00578429 0.0320265 9.9982E-005
0.00927188 9.9937E-005 0.973179 9.9937E-005 9.9937E-005 9.9937E-005 9.9937E-005 9.9937E-005 0.0168494 9.9937E-005
0.226825 0.0394213 0.440703 0.0173794 0.0339144 0.0467897 9.9991E-005 0.0477238 0.140162 0.00698167
0.138334 0.00899216 0.162158 9.99969E-005 0.0136616 0.271453 0.00100644 0.291185 0.111993 0.00111671
0.0246735 9.9946E-005 0.961353 9.9946E-005 9.9946E-005 0.00107375 9.9946E-005 9.9946E-005 0.0122999 9.9946E-005
9.9955E-005 9.9955E-005 0.96414 9.9955E-005 9.9955E-005 0.00470045 9.9955E-005 0.00650803 0.0210567 0.00309541
0.00720133 9.9964E-005 0.969904 9.9964E-005 9.9964E-005 0.0100954 0.00356735 9.9964E-005 0.00847878 0.000353474
9.9946E-005 0.00401896 0.00661643 0.985175 9.9946E-005 9.9946E-005 9.9946E-005 0.00358956 9.9946E-005 9.9946E-005
0.00136374 9.9955E-005 0.985163 9.9955E-005 0.000314278 0.00706495 9.9955E-005 9.9955E-005 0.00559421 9.9955E-005
9.9937E-005 9.9937E-005 9.9937E-005 0.993461 9.9937E-005 9.9937E-005 0.00385572 9.9937E-005 0.00198387 9.9937E-005
9.99201E-005 9.99201E-005 0.999101 9.99201E-005 9.99201E-005 9.99201E-005 9.99201E-005 9.99201E-005 9.99201E-005 9.99201E-005
9.9928E-005 9.9928E-005 9.9928E-005 0.9932 9.9928E-005 9.9928E-005 9.9928E-005 9.9928E-005 9.9928E-005 0.00600046
9.99201E-005 9.99201E-005 9.99201E-005 9.99201E-005 9.99201E-005 0.999101 9.99201E-005 9.99201E-005 9.99201E-005 9.99201E-005
9.99201E-005 9.99201E-005 0.999101 9.99201E-005 9.99201E-005 9.99201E-005 9.99201E-005 9.99201E-005 9.99201E-005 9.99201E-005
0.0169423 9.9955E-005 9.9955E-005 0.000490359 9.9955E-005 0.942091 9.9955E-005 0.0319142 0.00806216 9.9955E-005
9.9928E-005 0.000124711 0.999076 9.9928E-005 9.9928E-005 9.9928E-005 9.9928E-005 9.9928E-005 9.9928E-005 9.9928E-005
9.9937E-005 0.000559616 0.99273 9.9937E-005 9.9937E-005 9.9937E-005 9.9937E-005 0.0060113 9.9937E-005 9.9937E-005
9.99201E-005 9.99201E-005 0.999101 9.99201E-005 9.99201E-005 9.99201E-005 9.99201E-005 9.99201E-005 9.99201E-005 9.99201E-005
9.99201E-005 9.99201E-005 0.999101 9.99201E-005 9.99201E-005 9.99201E-005 9.99201E-005 9.99201E-005 9.99201E-005 9.99201E-005
9.99201E-005 9.99201E-005 9.99201E-005 0.999101 9.99201E-005 9.99201E-005 9.99201E-005 9.99201E-005 9.99201E-005 9.99201E-005
0.958828 9.9946E-005 0.00567921 9.9946E-005 9.9946E-005 9.9946E-005 9.9946E-005 0.0142908 0.0206018 9.9946E-005
0.968647 9.9937E-005 9.9937E-005 9.9937E-005 9.9937E-005 9.9937E-005 9.9937E-005 0.0159258 0.0147272 9.9937E-005
0.930533 9.9964E-005 0.0426439 0.000161591 9.9964E-005 0.00954535 9.9964E-005 0.00572629 0.0109902 9.9964E-005
9.9937E-005 9.9937E-005 9.9937E-005 0.00181479 9.9937E-005 9.9937E-005 9.9937E-005 9.9937E-005 0.994774 0.00271201
0.0081788 0.000611937 9.9955E-005 0.979932 9.9955E-005 9.9955E-005 9.9955E-005 0.00127792 9.9955E-005 0.00949932
0.0122848 9.9946E-005 0.0250388 9.9946E-005 9.9946E-005 0.00529881 9.9946E-005 9.9946E-005 0.956778 9.9946E-005
9.99201E-005 9.99201E-005 9.99201E-005 9.99201E-005 9.99201E-005 9.99201E-005 9.99201E-005 9.99201E-005 0.999101 9.99201E-005
0.0187029 9.9955E-005 0.0135697 9.9955E-005 9.9955E-005 0.000729089 9.9955E-005 9.9955E-005 0.963042 0.00345666
9.99201E-005 9.99201E-005 9.99201E-005 9.99201E-005 9.99201E-005 9.99201E-005 9.99201E-005 9.99201E-005 0.999101 9.99201E-005
0.000583248 9.9946E-005 0.013284 9.9946E-005 9.9946E-005 0.00108203 9.9946E-005 9.9946E-005 0.984451 9.9946E-005
9.99201E-005 9.99201E-005 9.99201E-005 9.99201E-005 9.99201E-005 0.999101 9.99201E-005 9.99201E-005 9.99201E-005 9.99201E-005
9.99201E-005 9.99201E-005 9.99201E-005 9.99201E-005 9.99201E-005 0.999101 9.99201E-005 9.99201E-005 9.99201E-005 9.99201E-005
9.9928E-005 9.9928E-005 9.9928E-005 9.9928E-005 9.9928E-005 0.996877 9.9928E-005 9.9928E-005 0.00232332 9.9928E-005
9.9928E-005 9.9928E-005 9.9928E-005 9.9928E-005 9.9928E-005 0.994967 9.9928E-005 9.9928E-005 9.9928E-005 0.00423308
9.9955E-005 9.9955E-005 0.00303013 0.0257119 9.9955E-005 0.0168448 9.9955E-005 9.9955E-005 0.950422 0.00349141
0.0191793 9.9937E-005 9.9937E-005 9.9937E-005 9.9937E-005 0.978416 9.9937E-005 9.9937E-005 0.00170533 9.9937E-005
9.99201E-005 9.99201E-005 9.99201E-005 9.99201E-005 9.99201E-005 9.99201E-005 9.99201E-005 9.99201E-005 0.999101 9.99201E-005
0.00945355 9.9946E-005 0.01563 9.9946E-005 9.9946E-005 0.00359958 9.9946E-005 9.9946E-005 0.970717 9.9946E-005
9.9928E-005 9.9928E-005 0.0222329 9.9928E-005 9.9928E-005 9.9928E-005 9.9928E-005 9.9928E-005 0.976968 9.9928E-005
0.00919913 9.9955E-005 0.0113257 9.9955E-005 9.9955E-005 0.0016613 0.000396368 9.9955E-005 0.976918 9.9955E-005
0.0221834 9.9937E-005 0.00574303 9.9937E-005 9.9937E-005 9.9937E-005 9.9937E-005 9.9937E-005 0.971374 9.9937E-005
9.9946E-005 0.0025733 9.9946E-005 9.9946E-005 9.9946E-005 9.9946E-005 9.9946E-005 0.00851733 0.987857 0.000453101
9.9955E-005 9.9955E-005 0.020931 0.000128179 0.00246854 9.9955E-005 9.9955E-005 0.000882341 0.97509 9.9955E-005
0.0105434 9.9937E-005 0.0320319 9.9937E-005 9.9937E-005 9.9937E-005 9.9937E-005 9.9937E-005 0.956725 9.9937E-005
0.0252415 0.000872982 0.0150654 9.9973E-005 9.9973E-005 0.00748992 9.9973E-005 0.0101652 0.935064 0.00580124
0.0227863 9.9955E-005 0.00867538 9.9955E-005 9.9955E-005 0.00806169 9.9955E-005 9.9955E-005 0.956364 0.00361253
9.9955E-005 0.00246304 9.9955E-005 9.9955E-005 0.000799142 0.0109734 9.9955E-005 0.0117727 0.973492 9.9955E-005
9.9955E-005 0.000602059 0.000882206 9.9955E-005 9.9955E-005 0.00202039 9.9955E-005 0.0158902 0.980105 9.9955E-005
0.0071596 9.9946E-005 0.0199916 9.9946E-005 9.9946E-005 0.015249 9.9946E-005 9.9946E-005 0.957 9.9946E-005
0.015127 9.9946E-005 0.0103225 9.9946E-005 0.00181878 9.9946E-005 9.9946E-005 9.9946E-005 0.972132 9.9946E-005
0.0100394 9.9946E-005 0.0131028 9.9946E-005 9.9946E-005 9.9946E-005 9.9946E-005 0.00383634 0.972422 9.9946E-005
0.0132214 0.0117328 0.00269628 9.9973E-005 9.9973E-005 0.00514126 0.0123909 9.9973E-005 0.953633 0.000884598
9.9937E-005 9.9937E-005 9.9937E-005 0.00628202 0.974348 9.9937E-005 9.9937E-005 9.9937E-005 9.9937E-005 0.0186708
9.9946E-005 0.00012401 9.9946E-005 9.9946E-005 0.98843 9.9946E-005 0.0032053 9.9946E-005 9.9946E-005 0.00764054
9.9937E-005 0.000751728 9.9937E-005 9.9937E-005 0.993825 9.9937E-005 9.9937E-005 9.9937E-005 0.00472332 9.9937E-005
0.00556201 0.00558309 9.9964E-005 0.00122423 9.9964E-005 0.00555038 0.00784721 9.9964E-005 0.973833 9.9964E-005
0.128362 0.0231719 0.116541 0.0208855 0.0186251 0.262702 9.9991E-005 0.280481 0.136538 0.0125934
9.9946E-005 0.994154 9.9946E-005 9.9946E-005 9.9946E-005 0.000159504 9.9946E-005 0.000400483 0.00468645 9.9946E-005
0.00584464 0.992596 9.9937E-005 0.000859873 9.9937E-005 9.9937E-005 9.9937E-005 9.9937E-005 9.9937E-005 9.9937E-005
9.99201E-005 0.999101 9.99201E-005 9.99201E-005 9.99201E-005 9.99201E-005 9.99201E-005 9.99201E-005 9.99201E-005 9.99201E-005
9.9937E-005 0.988032 9.9937E-005 0.00467126 9.9937E-005 9.9937E-005 0.00659719 9.9937E-005 9.9937E-005 9.9937E-005
0.000420889 0.997798 9.9937E-005 9.9937E-005 9.9937E-005 9.9937E-005 9.9937E-005 9.9937E-005 9.9937E-005 0.00108135
9.99201E-005 0.999101 9.99201E-005 9.99201E-005 9.99201E-005 9.99201E-005 9.99201E-005 9.99201E-005 9.99201E-005 9.99201E-005
9.9928E-005 9.9928E-005 9.9928E-005 9.9928E-005 0.00241464 9.9928E-005 0.996786 9.9928E-005 9.9928E-005 9.9928E-005
9.99201E-005 0.999101 9.99201E-005 9.99201E-005 9.99201E-005 9.99201E-005 9.99201E-005 9.99201E-005 9.99201E-005 9.99201E-005
9.9928E-005 9.9928E-005 9.9928E-005 9.9928E-005 0.997753 9.9928E-005 9.9928E-005 9.9928E-005 0.00144709 9.9928E-005
9.9937E-005 0.978063 9.9937E-005 9.9937E-005 9.9937E-005 9.9937E-005 9.9937E-005 0.00874871 9.9937E-005 0.012489
9.9937E-005 0.98959 9.9937E-005 9.9937E-005 0.000502299 9.9937E-005 0.00920861 9.9937E-005 9.9937E-005 9.9937E-005
9.99201E-005 0.999101 9.99201E-005 9.99201E-005 9.99201E-005 9.99201E-005 9.99201E-005 9.99201E-005 9.99201E-005 9.99201E-005
9.9937E-005 0.996009 0.00266871 9.9937E-005 9.9937E-005 9.9937E-005 9.9937E-005 9.9937E-005 9.9937E-005 0.000622377
0.0187687 9.9973E-005 0.00836201 0.000730648 0.00171544 0.00488479 9.9973E-005 0.017853 0.947386 9.9973E-005
9.99201E-005 0.999101 9.99201E-005 9.99201E-005 9.99201E-005 9.99201E-005 9.99201E-005 9.99201E-005 9.99201E-005 9.99201E-005
9.9928E-005 0.00497601 9.9928E-005 9.9928E-005 0.994225 9.9928E-005 9.9928E-005 9.9928E-005 9.9928E-005 9.9928E-005
9.9955E-005 9.9955E-005 0.00752352 9.9955E-005 0.00223004 9.9955E-005 0.00425733 9.9955E-005 0.983933 0.00155673
0.973863 9.9946E-005 9.9946E-005 9.9946E-005 9.9946E-005 0.00598408 9.9946E-005 0.00713937 0.0124138 9.9946E-005
9.9937E-005 0.9968 9.9937E-005 9.9937E-005 0.000414652 9.9937E-005 9.9937E-005 9.9937E-005 0.0020856 9.9937E-005
9.99201E-005 9.99201E-005 9.99201E-005 0.999101 9.99201E-005 9.99201E-005 9.99201E-005 9.99201E-005 9.99201E-005 9.99201E-005
9.9928E-005 0.00293185 9.9928E-005 0.996269 9.9928E-005 9.9928E-005 9.9928E-005 9.9928E-005 9.9928E-005 9.9928E-005
0.999101 9.99201E-005 9.99201E-005 9.99201E-005 9.99201E-005 9.99201E-005 9.99201E-005 9.99201E-005 9.99201E-005 9.99201E-005
9.99201E-005 9.99201E-005 9.99201E-005 0.999101 9.99201E-005 9.99201E-005 9.99201E-005 9.99201E-005 9.99201E-005 9.99201E-005
9.9937E-005 9.9937E-005 0.0159827 9.9937E-005 9.9937E-005 0.00344976 9.9937E-005 9.9937E-005 0.979868 9.9937E-005
0.00189582 9.9946E-005 0.00205499 9.9946E-005 9.9946E-005 0.00384068 9.9946E-005 9.9946E-005 0.991609 9.9946E-005
0.0209321 9.9964E-005 0.0427043 0.000682938 0.0026666 0.00190866 9.9964E-005 9.9964E-005 0.930706 9.9964E-005
0.00477414 9.9955E-005 0.00174693 9.9955E-005 9.9955E-005 0.00360611 9.9955E-005 0.00056441 0.988809 9.9955E-005
0.0195709 9.9937E-005 0.0138732 9.9937E-005 9.9937E-005 9.9937E-005 9.9937E-005 9.9937E-005 0.965856 9.9937E-005
0.0271052 0.00710336 0.0016461 0.00128647 0.0017112 0.000182628 9.9991E-005 0.00178992 0.957245 0.00183004
9.9937E-005 9.9937E-005 9.9937E-005 9.9937E-005 9.9937E-005 0.00502169 9.9937E-005 0.000569638 0.993709 9.9937E-005
0.999101 9.99201E-005 9.99201E-005 9.99201E-005 9.99201E-005 9.99201E-005 9.99201E-005 9.99201E-005 9.99201E-005 9.99201E-005
0.996922 9.9928E-005 9.9928E-005 9.9928E-005 9.9928E-005 9.9928E-005 9.9928E-005 9.9928E-005 9.9928E-005 0.00227818
9.99201E-005 9.99201E-005 9.99201E-005 9.99201E-005 9.99201E-005 9.99201E-005 9.99201E-005 9.99201E-005 0.999101 9.99201E-005
0.00253514 9.9946E-005 9.9946E-005 0.00297988 0.974323 9.9946E-005 9.9946E-005 9.9946E-005 9.9946E-005 0.0195619
9.9946E-005 0.0023837 0.000710849 9.9946E-005 9.9946E-005 0.000140896 0.996165 9.9946E-005 9.9946E-005 9.9946E-005
9.9937E-005 9.9937E-005 9.9937E-005 9.9937E-005 9.9937E-005 9.9937E-005 0.973056 9.9937E-005 0.00656513 0.0196793
9.99201E-005 9.99201E-005 9.99201E-005 9.99201E-005 9.99201E-005 9.99201E-005 9.99201E-005 9.99201E-005 9.99201E-005 0.999101
9.9928E-005 9.9928E-005 9.9928E-005 9.9928E-005 0.0171274 9.9928E-005 0.982073 9.9928E-005 9.9928E-005 9.9928E-005
0.00222791 0.00215545 9.996E-005 0.0114586 0.965124 9.996E-005 9.996E-005 9.996E-005 0.000123429 0.0185106
9.99281E-005 9.99281E-005 9.99281E-005 9.99281E-005 0.984841 9.99281E-005 9.99281E-005 9.99281E-005 9.99281E-005 0.0143595
9.99201E-005 9.99201E-005 9.99201E-005 9.99201E-005 0.999101 9.99201E-005 9.99201E-005 9.99201E-005 9.99201E-005 9.99201E-005
9.9928E-005 9.9928E-005 9.9928E-005 9.9928E-005 0.0126246 9.9928E-005 0.986576 9.9928E-005 9.9928E-005 9.9928E-005
0.999101 9.99201E-005 9.99201E-005 9.99201E-005 9.99201E-005 9.99201E-005 9.99201E-005 9.99201E-005 9.99201E-005 9.99201E-005
9.99201E-005 9.99201E-005 9.99201E-005 0.999101 9.99201E-005 9.99201E-005 9.99201E-005 9.99201E-005 9.99201E-005 9.99201E-005
0.582157 0.0773549 0.0180214 0.0471127 0.0544156 0.0428339 0.0218229 0.0456742 0.100811 0.00979674
0.997055 9.9928E-005 9.9928E-005 9.9928E-005 9.9928E-005 9.9928E-005 9.9928E-005 9.9928E-005 9.9928E-005 0.00214518
0.980998 9.9937E-005 9.9937E-005 9.9937E-005 9.9937E-005 0.00724706 9.9937E-005 9.9937E-005 0.0110557 9.9937E-005
0.000119762 9.9937E-005 9.9937E-005 0.991595 9.9937E-005 9.9937E-005 9.9937E-005 9.9937E-005 9.9937E-005 0.0075857
9.99201E-005 0.999101 9.99201E-005 9.99201E-005 9.99201E-005 9.99201E-005 9.99201E-005 9.99201E-005 9.99201E-005 9.99201E-005
0.134178 9.9964E-005 0.149763 0.0016544 9.9964E-005 0.037568 9.9964E-005 0.0369224 0.639514 9.9964E-005
0.999101 9.99201E-005 9.99201E-005 9.99201E-005 9.99201E-005 9.99201E-005 9.99201E-005 9.99201E-005 9.99201E-005 9.99201E-005
0.999101 9.99201E-005 9.99201E-005 9.99201E-005 9.99201E-005 9.99201E-005 9.99201E-005 9.99201E-005 9.99201E-005 9.99201E-005
0.999101 9.99201E-005 9.99201E-005 9.99201E-005 9.99201E-005 9.99201E-005 9.99201E-005 9.99201E-005 9.99201E-005 9.99201E-005
0.998245 9.99281E-005 9.99281E-005 9.99281E-005 9.99281E-005 9.99281E-005 9.99281E-005 9.99281E-005 9.99281E-005 0.000955282
0.999101 9.99201E-005 9.99201E-005 9.99201E-005 9.99201E-005 9.99201E-005 9.99201E-005 9.99201E-005 9.99201E-005 9.99201E-005
0.999101 9.99201E-005 9.99201E-005 9.99201E-005 9.99201E-005 9.99201E-005 9.99201E-005 9.99201E-005 9.99201E-005 9.99201E-005
