0.00903887 0.00736429 0.976422 9.9991E-005 0.00707454
0.0106705 0.00475622 0.973676 9.9991E-005 0.0107975
9.9973E-005 9.9973E-005 0.796881 0.202819 9.9973E-005
9.9973E-005 9.9973E-005 0.783991 0.21571 9.9973E-005
9.9973E-005 9.9973E-005 0.77701 0.22269 9.9973E-005
9.9973E-005 9.9973E-005 0.81196 0.18774 9.9973E-005
9.9973E-005 9.9973E-005 0.808769 0.190931 9.9973E-005
9.9973E-005 9.9973E-005 0.814063 0.185637 9.9973E-005
0.991847 9.9973E-005 9.9973E-005 9.9973E-005 0.00785269
0.00373465 9.9982E-005 9.9982E-005 0.992817 0.00324887
9.9982E-005 0.00330361 9.9982E-005 0.994564 0.00193226
0.11902 0.789175 0.0363431 9.9991E-005 0.0553621
9.9982E-005 0.00278321 9.9982E-005 0.995044 0.00197301
9.9982E-005 0.00153643 9.9982E-005 0.997922 0.00034157
9.9982E-005 0.001327 9.9982E-005 0.995837 0.00263619
0.00146643 0.000799803 9.9991E-005 0.993555 0.00407897
0.127782 0.783056 0.0387513 0.00167572 0.048735
9.9973E-005 9.9973E-005 0.721701 0.277999 9.9973E-005
0.0128913 0.00262015 0.97986 9.9991E-005 0.0045282
0.0132452 0.00359886 0.970322 9.9991E-005 0.0127336
0.00870279 0.00611099 0.977953 9.9991E-005 0.00713368
0.0129421 0.0020388 0.975746 9.9991E-005 0.00917268
0.0161792 0.00329347 0.974797 9.9991E-005 0.00563038
0.0115325 0.00275347 0.977332 9.9991E-005 0.00828242
0.0141119 0.0027675 0.97739 9.9991E-005 0.0056307
0.0124358 9.9982E-005 0.975084 9.9982E-005 0.0122803
0.0154025 0.000112706 0.975283 9.9991E-005 0.00910157
0.0175284 0.00424606 0.968729 9.9991E-005 0.00939627
0.00813842 0.000328492 0.989028 9.9991E-005 0.00240512
0.00817977 9.9982E-005 0.989697 9.9982E-005 0.00192305
0.00727602 9.9973E-005 0.992424 9.9973E-005 9.9973E-005
0.00900833 0.000675392 0.986967 9.9991E-005 0.00324946
0.00696133 9.9982E-005 0.992093 9.9982E-005 0.000745653
9.9973E-005 9.9973E-005 0.74042 0.25928 9.9973E-005
9.9982E-005 0.0019439 0.728255 0.269601 9.9982E-005
9.9973E-005 9.9973E-005 0.739955 0.259745 9.9973E-005
9.9982E-005 0.00428728 0.724526 0.270987 9.9982E-005
9.997E-005 0.9996 9.997E-005 9.997E-005 9.997E-005
0.00947304 0.000208887 0.986779 9.9991E-005 0.00343903
0.00936906 9.9982E-005 0.986131 9.9982E-005 0.00430031
0.00977803 9.9982E-005 0.98835 9.9982E-005 0.00167231
0.0120829 9.9982E-005 0.983005 9.9982E-005 0.00471239
0.995146 9.9982E-005 0.000853637 9.9982E-005 0.00380019
0.979284 0.0107968 9.9991E-005 0.00768364 0.00213532
0.994461 9.9982E-005 0.00216135 0.00317736 9.9982E-005
0.992084 9.9982E-005 0.00694986 0.000766524 9.9982E-005
0.995184 9.9973E-005 9.9973E-005 0.00451626 9.9973E-005
0.996055 9.9973E-005 0.00364474 9.9973E-005 9.9973E-005
0.9996 9.997E-005 9.997E-005 9.997E-005 9.997E-005
0.992602 0.00676088 9.9982E-005 0.000437563 9.9982E-005
0.00322127 0.0022993 9.9991E-005 0.99371 0.000669045
0.00345856 9.9982E-005 9.9982E-005 0.994651 0.0016905
9.9973E-005 0.000594497 9.9973E-005 0.999106 9.9973E-005
9.997E-005 9.997E-005 9.997E-005 0.9996 9.997E-005
0.00506266 9.9982E-005 9.9982E-005 0.989056 0.00568125
9.997E-005 9.997E-005 9.997E-005 0.9996 9.997E-005
9.997E-005 9.997E-005 9.997E-005 9.997E-005 0.9996
0.9996 9.997E-005 9.997E-005 9.997E-005 9.997E-005
0.0012832 0.00148696 9.9982E-005 9.9982E-005 0.99703
0.9996 9.997E-005 9.997E-005 9.997E-005 9.997E-005
0.9996 9.997E-005 9.997E-005 9.997E-005 9.997E-005
9.99813E-005 9.99813E-005 0.803183 0.196517 9.99813E-005
9.9973E-005 9.9973E-005 0.808118 0.191583 9.9973E-005
9.9973E-005 9.9973E-005 0.806659 0.193041 9.9973E-005
0.000728904 0.00139007 0.779233 0.218548 9.9991E-005
9.9982E-005 0.00165268 0.786591 0.211556 9.9982E-005
9.9973E-005 9.9973E-005 0.807764 0.191936 9.9973E-005
0.9996 9.997E-005 9.997E-005 9.997E-005 9.997E-005
0.984474 9.9982E-005 9.9982E-005 0.00394699 0.011379
0.9996 9.997E-005 9.997E-005 9.997E-005 9.997E-005
0.997874 9.9973E-005 0.00182559 9.9973E-005 9.9973E-005
0.998459 9.9973E-005 9.9973E-005 9.9973E-005 0.00124109
0.9996 9.997E-005 9.997E-005 9.997E-005 9.997E-005
0.996907 0.00279309 9.9973E-005 9.9973E-005 9.9973E-005
0.974252 0.0187303 9.9982E-005 0.00681788 9.9982E-005
0.984395 0.00953577 0.00419799 9.9991E-005 0.00177098
0.993903 9.9973E-005 0.00579751 9.9973E-005 9.9973E-005
0.984953 0.014747 9.9973E-005 9.9973E-005 9.9973E-005
0.98535 0.0143502 9.9973E-005 9.9973E-005 9.9973E-005
0.977918 9.9982E-005 0.00920638 9.9982E-005 0.0126761
0.994859 9.9982E-005 0.002837 9.9982E-005 0.00210407
9.9973E-005 9.9973E-005 0.789254 0.210446 9.9973E-005
9.9973E-005 9.9973E-005 0.707052 0.292648 9.9973E-005
9.9973E-005 9.9973E-005 0.706891 0.292809 9.9973E-005
9.9973E-005 0.997886 9.9973E-005 0.00181383 9.9973E-005
9.997E-005 0.9996 9.997E-005 9.997E-005 9.997E-005
0.00187359 9.9982E-005 0.715563 0.282364 9.9982E-005
0.00742916 0.0044424 0.669919 0.312974 0.00523488
0.0730975 0.0384862 0.541697 0.277689 0.0690308
0.0114471 9.9982E-005 0.980031 9.9982E-005 0.0083219
0.00972037 9.9982E-005 0.987253 9.9982E-005 0.00282677
9.997E-005 0.9996 9.997E-005 9.997E-005 9.997E-005
9.997E-005 0.9996 9.997E-005 9.997E-005 9.997E-005
0.0127302 0.000273389 0.982993 9.9991E-005 0.0039038
9.9991E-005 0.00216425 0.680985 0.316347 0.000403668
9.997E-005 0.9996 9.997E-005 9.997E-005 9.997E-005
0.0127254 9.9982E-005 0.985214 9.9982E-005 0.00186089
0.00796697 9.9991E-005 0.69591 0.294503 0.00152014
9.9975E-005 9.9975E-005 0.724383 0.275317 9.9975E-005
0.0473271 0.0125843 0.625463 0.274907 0.0397185
0.0169133 0.00309848 0.865361 0.100073 0.0145544
9.9982E-005 0.0030925 0.714035 0.282673 9.9982E-005
9.9982E-005 0.000315712 0.720529 0.278955 9.9982E-005
9.9991E-005 0.00509998 0.712625 0.28175 0.000425266
9.9982E-005 0.986324 0.00467014 9.9982E-005 0.00880563
9.9973E-005 9.9973E-005 0.726939 0.272761 9.9973E-005
0.00162995 0.99807 9.9973E-005 9.9973E-005 9.9973E-005
9.9973E-005 9.9973E-005 0.724615 0.275086 9.9973E-005
9.997E-005 0.9996 9.997E-005 9.997E-005 9.997E-005
0.00650622 0.00169112 0.989185 9.9991E-005 0.00251791
9.9973E-005 9.9973E-005 0.73603 0.26367 9.9973E-005
0.00572997 0.00546045 0.98452 9.9991E-005 0.00418936
0.00458775 9.9991E-005 0.72328 0.271793 0.0002392
0.00367341 9.9982E-005 0.739461 0.256665 9.9982E-005
9.9982E-005 0.000782534 0.739254 0.259764 9.9982E-005
9.9973E-005 9.9973E-005 0.728871 0.270829 9.9973E-005
9.997E-005 0.9996 9.997E-005 9.997E-005 9.997E-005
9.9973E-005 9.9973E-005 0.785617 0.214083 9.9973E-005
9.9973E-005 9.9973E-005 0.796344 0.203357 9.9973E-005
9.9973E-005 9.9973E-005 0.795464 0.204236 9.9973E-005
9.9973E-005 0.00156751 9.9973E-005 0.998133 9.9973E-005
0.00315544 0.979874 0.00663654 0.00867739 0.00165706
9.997E-005 9.997E-005 9.997E-005 0.9996 9.997E-005
9.997E-005 9.997E-005 9.997E-005 0.9996 9.997E-005
0.00420124 0.00164782 9.9991E-005 0.991643 0.00240768
9.997E-005 9.997E-005 9.997E-005 0.9996 9.997E-005
9.9973E-005 0.000591927 9.9973E-005 0.999108 9.9973E-005
0.00907304 9.9973E-005 0.990627 9.9973E-005 9.9973E-005
0.00571833 9.9973E-005 0.993982 9.9973E-005 9.9973E-005
0.00878623 9.9982E-005 0.988326 9.9982E-005 0.00268786
0.00932716 9.9982E-005 0.983426 9.9982E-005 0.00704706
9.9973E-005 0.0297858 9.9973E-005 0.969914 9.9973E-005
0.00567826 9.9982E-005 0.992872 9.9982E-005 0.0012496
9.997E-005 9.997E-005 9.997E-005 0.9996 9.997E-005
9.997E-005 9.997E-005 9.997E-005 0.9996 9.997E-005
9.997E-005 9.997E-005 9.997E-005 0.9996 9.997E-005
0.000165604 9.9973E-005 9.9973E-005 0.999534 9.9973E-005
9.997E-005 9.997E-005 9.997E-005 0.9996 9.997E-005
0.00312547 9.9982E-005 9.9982E-005 0.995912 0.000762246
9.9982E-005 0.00115151 9.9982E-005 0.996142 0.00250645
9.99716E-005 9.99716E-005 9.99716E-005 0.9996 9.99716E-005
0.00506216 9.9991E-005 0.0192585 0.973645 0.00193482
0.0024657 0.000709065 9.9991E-005 0.995935 0.000789908
0.000174725 9.9982E-005 9.9982E-005 0.994456 0.00516896
0.0047889 9.9973E-005 9.9973E-005 0.994911 9.9973E-005
9.99769E-005 9.99769E-005 0.0014414 0.998259 9.99769E-005
0.00226233 9.9973E-005 9.9973E-005 0.997438 9.9973E-005
9.997E-005 9.997E-005 9.997E-005 0.9996 9.997E-005
0.0119489 0.00248157 9.9991E-005 0.972917 0.0125526
0.989567 0.00636838 9.9982E-005 0.00386507 9.9982E-005
0.9996 9.997E-005 9.997E-005 9.997E-005 9.997E-005
0.994816 9.9991E-005 0.000337106 0.00360524 0.00114181
0.00163995 0.00340319 9.9991E-005 0.989902 0.00495482
0.0356619 0.0215382 0.818472 0.0998528 0.0244753
9.9982E-005 0.00160822 0.00101373 9.9982E-005 0.997178
9.9973E-005 9.9973E-005 0.00752686 9.9973E-005 0.992173
9.997E-005 9.997E-005 9.997E-005 9.997E-005 0.9996
0.00881585 0.00299566 9.9982E-005 9.9982E-005 0.987989
9.997E-005 9.997E-005 9.997E-005 9.997E-005 0.9996
9.997E-005 9.997E-005 9.997E-005 9.997E-005 0.9996
0.919737 0.0639415 0.00090049 0.00619638 0.0092244
9.997E-005 9.997E-005 9.997E-005 9.997E-005 0.9996
0.997779 9.9973E-005 9.9973E-005 0.0019209 9.9973E-005
0.000632471 0.00243981 0.0138762 0.00306399 0.979987
0.00625987 0.0032185 9.9982E-005 9.9982E-005 0.990322
9.997E-005 9.997E-005 9.997E-005 9.997E-005 0.9996
9.9982E-005 0.00270832 9.9982E-005 0.00311248 0.993979
0.000446907 9.9982E-005 0.0112387 0.988114 9.9982E-005
9.997E-005 9.997E-005 9.997E-005 9.997E-005 0.9996
0.998794 9.99768E-005 9.99768E-005 9.99768E-005 0.000906511
0.00693285 0.00247756 9.9991E-005 0.990256 0.000233524
9.9973E-005 9.9973E-005 0.804119 0.195581 9.9973E-005
0.00117906 9.9982E-005 9.9982E-005 0.00149306 0.997128
9.997E-005 0.9996 9.997E-005 9.997E-005 9.997E-005
9.9973E-005 0.995821 9.9973E-005 9.9973E-005 0.00387887
9.9973E-005 9.9973E-005 0.817348 0.182352 9.9973E-005
9.9973E-005 0.99874 9.9973E-005 9.9973E-005 0.000960032
9.997E-005 9.997E-005 9.997E-005 0.9996 9.997E-005
9.997E-005 9.997E-005 9.997E-005 0.9996 9.997E-005
0.00509415 9.9991E-005 0.00877589 0.981586 0.00444388
9.997E-005 9.997E-005 9.997E-005 0.9996 9.997E-005
9.997E-005 9.997E-005 9.997E-005 0.9996 9.997E-005
0.00253224 0.00224408 9.9991E-005 0.990972 0.00415187
9.997E-005 9.997E-005 9.997E-005 0.9996 9.997E-005
9.9973E-005 9.9973E-005 0.804334 0.195367 9.9973E-005
9.9973E-005 9.9973E-005 0.802916 0.196784 9.9973E-005
9.997E-005 9.997E-005 9.997E-005 0.9996 9.997E-005
0.994792 9.9973E-005 9.9973E-005 0.00490783 9.9973E-005
0.909042 0.0625523 0.0128945 9.9991E-005 0.0154114
0.902275 0.062453 0.00694625 0.0140134 0.014312
0.602541 0.0936161 0.149196 0.0800339 0.0746129
0.91792 0.0637104 0.00939395 9.9991E-005 0.0088756
0.986773 0.00490323 0.00600728 9.9991E-005 0.00221617
0.9996 9.997E-005 9.997E-005 9.997E-005 9.997E-005
0.9996 9.997E-005 9.997E-005 9.997E-005 9.997E-005
0.924851 0.0518641 0.00629425 9.9991E-005 0.0168902
9.9973E-005 9.9973E-005 0.813993 0.185707 9.9973E-005
9.997E-005 0.9996 9.997E-005 9.997E-005 9.997E-005
0.0862348 0.0340766 0.59798 0.20139 0.0803191
9.9973E-005 9.9973E-005 0.804696 0.195004 9.9973E-005
9.9973E-005 9.9973E-005 0.796707 0.202993 9.9973E-005
9.9973E-005 0.999151 9.9973E-005 0.000549467 9.9973E-005
9.997E-005 9.997E-005 9.997E-005 9.997E-005 0.9996
0.000599727 0.00452766 0.28061 0.713248 0.00101501
9.9973E-005 9.9973E-005 0.830651 0.169049 9.9973E-005
9.9973E-005 9.9973E-005 0.826708 0.172992 9.9973E-005
9.9973E-005 9.9973E-005 0.823921 0.175779 9.9973E-005
9.9973E-005 9.9973E-005 0.801615 0.198085 9.9973E-005
9.9973E-005 9.9973E-005 0.814212 0.185488 9.9973E-005
9.9973E-005 9.9973E-005 0.805866 0.193834 9.9973E-005
