9.9991E-005 0.00873576 0.0171973 0.973967
9.999E-005 0.00724426 0.0175094 0.975146
0.215657 0.0010405 0.00285466 0.780448
0.206979 9.9982E-005 9.9982E-005 0.792821
0.217621 9.9982E-005 9.9982E-005 0.782179
0.189702 9.9982E-005 9.9982E-005 0.810098
0.195896 9.9982E-005 9.9982E-005 0.803904
0.182157 9.9982E-005 9.9982E-005 0.817643
9.998E-005 9.998E-005 0.9997 9.998E-005
0.992597 0.00494031 0.002363 9.9991E-005
0.996283 0.00161903 0.00199838 9.9991E-005
9.999E-005 0.0967834 0.811432 0.0916847
0.997222 0.000934843 0.00174332 9.9991E-005
0.996033 0.00376694 9.9982E-005 9.9982E-005
0.997367 0.00223527 0.000297731 9.9991E-005
0.995895 0.00230994 0.00169553 9.9991E-005
0.00152301 0.0959325 0.809564 0.0929801
0.270323 9.9982E-005 9.9982E-005 0.729477
9.9991E-005 0.00590903 0.0189765 0.975014
9.9991E-005 0.00762696 0.0150308 0.977242
9.9991E-005 0.004479 0.0184976 0.976923
9.9991E-005 0.00531865 0.0175839 0.976997
9.9991E-005 0.0078341 0.0168616 0.975204
9.9991E-005 0.00643076 0.0159868 0.977482
9.9991E-005 0.00658915 0.0161068 0.977204
9.9991E-005 0.00663073 0.0148691 0.9784
9.9991E-005 0.00671068 0.0150242 0.978165
9.9991E-005 0.0100387 0.0209286 0.968933
9.9991E-005 0.00318615 0.00729153 0.989422
9.9991E-005 0.00297016 0.0069643 0.989966
9.9991E-005 0.00119114 0.00692997 0.991779
9.9991E-005 0.00187335 0.00652916 0.991497
9.9982E-005 9.9982E-005 0.00940003 0.9904
0.248477 9.9982E-005 9.9982E-005 0.751323
0.257323 9.9982E-005 9.9982E-005 0.742477
0.24944 0.000852926 9.9991E-005 0.749608
0.271088 9.9982E-005 9.9982E-005 0.728712
9.9991E-005 0.0600251 0.875855 0.06402
9.9991E-005 0.000847299 0.00782089 0.991232
9.9991E-005 0.00249434 0.0112176 0.986188
9.9991E-005 0.00142616 0.0086834 0.98979
9.9991E-005 0.00541308 0.00849237 0.985995
9.998E-005 9.998E-005 0.9997 9.998E-005
0.0027428 9.9982E-005 0.997057 9.9982E-005
9.998E-005 9.998E-005 0.9997 9.998E-005
0.00151787 9.9982E-005 0.998282 9.9982E-005
9.998E-005 9.998E-005 0.9997 9.998E-005
9.998E-005 9.998E-005 0.9997 9.998E-005
9.998E-005 9.998E-005 0.9997 9.998E-005
9.998E-005 9.998E-005 0.9997 9.998E-005
0.996322 9.9982E-005 0.0034778 9.9982E-005
0.994244 0.00169779 0.00395833 9.9991E-005
0.9997 9.998E-005 9.998E-005 9.998E-005
0.9997 9.998E-005 9.998E-005 9.998E-005
0.988937 0.00588443 0.00507831 9.9991E-005
0.9997 9.998E-005 9.998E-005 9.998E-005
9.998E-005 0.9997 9.998E-005 9.998E-005
9.998E-005 9.998E-005 0.9997 9.998E-005
9.9982E-005 0.997514 9.9982E-005 0.00228573
9.998E-005 9.998E-005 0.9997 9.998E-005
9.998E-005 9.998E-005 0.9997 9.998E-005
0.202998 9.9982E-005 9.9982E-005 0.796802
0.184202 9.9982E-005 9.9982E-005 0.815598
0.185214 9.9982E-005 9.9982E-005 0.814586
0.220218 0.00264179 0.00263814 0.774502
0.208706 9.9982E-005 9.9982E-005 0.791094
0.193922 9.9982E-005 9.9982E-005 0.805878
9.998E-005 9.998E-005 0.9997 9.998E-005
0.00135145 9.9982E-005 0.998449 9.9982E-005
9.998E-005 9.998E-005 0.9997 9.998E-005
9.998E-005 9.998E-005 0.9997 9.998E-005
9.998E-005 9.998E-005 0.9997 9.998E-005
9.998E-005 9.998E-005 0.9997 9.998E-005
9.998E-005 9.998E-005 0.9997 9.998E-005
0.00291932 9.9982E-005 0.996881 9.9982E-005
9.998E-005 9.998E-005 0.9997 9.998E-005
9.998E-005 9.998E-005 0.9997 9.998E-005
9.998E-005 9.998E-005 0.9997 9.998E-005
9.998E-005 9.998E-005 0.9997 9.998E-005
0.000223767 9.9982E-005 0.999576 9.9982E-005
9.998E-005 9.998E-005 0.9997 9.998E-005
0.209293 9.9982E-005 9.9982E-005 0.790507
0.284344 9.9991E-005 0.000830886 0.714725
0.269903 9.9991E-005 0.00398764 0.72601
9.9991E-005 0.0488484 0.883193 0.0678585
9.9991E-005 0.0560503 0.877883 0.0659671
0.277901 9.9991E-005 0.00239263 0.719607
0.307655 0.00632131 0.00657571 0.679448
0.281573 0.076084 0.0988558 0.543487
9.9991E-005 0.00573002 0.013663 0.980507
9.9991E-005 0.00368323 0.00915334 0.987063
9.9991E-005 0.0509911 0.882645 0.0662636
9.9991E-005 0.0469584 0.883064 0.0698777
9.9991E-005 0.0027348 0.0127905 0.984375
0.309976 0.00184652 0.00210187 0.686076
9.9991E-005 0.0535183 0.883045 0.0633363
9.9991E-005 0.00301139 0.0136235 0.983265
0.285718 0.00552949 0.00863925 0.700113
0.281726 9.9982E-005 9.9982E-005 0.718074
0.296356 0.0385798 0.0589068 0.606158
0.0951754 0.0138707 0.0182519 0.872702
0.280197 9.9991E-005 0.001952 0.717751
0.281102 9.9991E-005 0.0011221 0.717676
0.275927 9.9991E-005 0.00819214 0.715781
9.9991E-005 0.0640429 0.865418 0.0704389
0.268251 9.9991E-005 0.00194059 0.729708
9.9991E-005 0.0548618 0.871797 0.0732412
0.264197 9.9982E-005 9.9982E-005 0.735603
9.9991E-005 0.0466554 0.888772 0.0644728
9.99835E-005 9.99835E-005 0.0108364 0.988964
0.258568 9.9982E-005 9.9982E-005 0.741232
9.9991E-005 0.00430147 0.00226341 0.993335
0.265407 0.000162089 0.00231392 0.732117
0.266443 0.00117964 9.9991E-005 0.732277
0.26096 9.9982E-005 9.9982E-005 0.73884
0.271032 0.000494887 9.9991E-005 0.728373
9.9991E-005 0.05468 0.880687 0.0645335
0.22259 9.9982E-005 9.9982E-005 0.77721
0.203342 9.9982E-005 9.9982E-005 0.796458
0.210053 9.9982E-005 9.9982E-005 0.789747
0.997124 9.9982E-005 0.00267619 9.9982E-005
9.9991E-005 0.0565663 0.862349 0.0809846
0.998453 9.9982E-005 9.9982E-005 0.0013468
0.9997 9.998E-005 9.998E-005 9.998E-005
0.9997 9.998E-005 9.998E-005 9.998E-005
0.9997 9.998E-005 9.998E-005 9.998E-005
0.9997 9.998E-005 9.998E-005 9.998E-005
9.9991E-005 0.00485183 0.00699701 0.988051
9.9982E-005 9.9982E-005 0.00824962 0.99155
9.9991E-005 0.000648282 0.00468153 0.99457
9.9991E-005 0.00607714 0.00908615 0.984737
0.972469 9.9982E-005 0.0273306 9.9982E-005
9.9982E-005 9.9982E-005 0.00531609 0.994484
0.9997 9.998E-005 9.998E-005 9.998E-005
0.9997 9.998E-005 9.998E-005 9.998E-005
0.9997 9.998E-005 9.998E-005 9.998E-005
0.9997 9.998E-005 9.998E-005 9.998E-005
0.999296 9.9982E-005 0.000504048 9.9982E-005
0.998095 0.00170514 9.9982E-005 9.9982E-005
0.997986 9.9982E-005 0.0018141 9.9982E-005
0.9997 9.998E-005 9.998E-005 9.998E-005
0.993107 0.00199074 9.9991E-005 0.00480189
0.994242 0.00331236 0.00234528 9.9991E-005
0.995425 0.00346761 0.00100782 9.9991E-005
0.997725 0.00207491 9.9982E-005 9.9982E-005
0.997083 9.9991E-005 0.000681948 0.00213534
0.996578 0.00034056 0.00298163 9.9991E-005
0.9997 9.998E-005 9.998E-005 9.998E-005
0.974568 0.0118908 0.0134416 9.9991E-005
9.998E-005 9.998E-005 0.9997 9.998E-005
9.998E-005 9.998E-005 0.9997 9.998E-005
9.998E-005 9.998E-005 0.9997 9.998E-005
0.985838 0.00808618 0.00597613 9.9991E-005
0.107397 0.0296588 0.0521549 0.81079
9.9982E-005 0.998526 9.9982E-005 0.00127388
0.000426795 0.996665 9.9991E-005 0.00280814
9.998E-005 0.9997 9.998E-005 9.998E-005
9.9982E-005 0.99434 0.00545975 9.9982E-005
9.998E-005 0.9997 9.998E-005 9.998E-005
9.998E-005 0.9997 9.998E-005 9.998E-005
9.9991E-005 0.00406918 0.988709 0.00712149
9.998E-005 0.9997 9.998E-005 9.998E-005
9.998E-005 9.998E-005 0.9997 9.998E-005
0.00345813 0.977042 0.00288561 0.0166143
9.999E-005 0.990342 0.00572707 0.00383114
9.998E-005 0.9997 9.998E-005 9.998E-005
9.9982E-005 0.997321 9.9982E-005 0.00247922
0.985608 0.00274878 0.000283619 0.0113594
9.998E-005 0.9997 9.998E-005 9.998E-005
9.998E-005 9.998E-005 0.9997 9.998E-005
0.994467 0.00163406 0.00379875 9.9991E-005
0.212553 9.9982E-005 9.9982E-005 0.787247
0.000173235 0.999627 9.9982E-005 9.9982E-005
9.9991E-005 0.0531034 0.878573 0.0682231
9.9991E-005 0.06098 0.863615 0.0753045
0.186389 9.9982E-005 9.9982E-005 0.813411
0.00549586 0.0597906 0.87333 0.0613841
0.9997 9.998E-005 9.998E-005 9.998E-005
0.9997 9.998E-005 9.998E-005 9.998E-005
0.985545 0.00215443 0.00647066 0.00583024
0.9997 9.998E-005 9.998E-005 9.998E-005
0.9997 9.998E-005 9.998E-005 9.998E-005
0.986447 0.00284391 0.0106096 9.9991E-005
0.9997 9.998E-005 9.998E-005 9.998E-005
0.195674 9.9982E-005 9.9982E-005 0.804126
0.195446 9.9982E-005 9.9982E-005 0.804354
0.9997 9.998E-005 9.998E-005 9.998E-005
0.00196379 9.9982E-005 0.997836 9.9982E-005
0.00354488 0.00761109 0.97917 0.00967422
0.0222376 0.00232814 0.975334 9.9991E-005
0.110224 0.0730179 0.684166 0.132592
0.0060781 0.00307747 0.989803 0.00104144
0.00471138 9.9982E-005 0.995089 9.9982E-005
9.998E-005 9.998E-005 0.9997 9.998E-005
9.998E-005 9.998E-005 0.9997 9.998E-005
9.9991E-005 0.00864176 0.978721 0.012537
0.19657 9.9982E-005 9.9982E-005 0.80323
0.00697883 0.0560088 0.879214 0.0577988
0.221409 0.0818867 0.117494 0.57921
0.1933 9.9982E-005 9.9982E-005 0.8065
0.217563 9.9982E-005 9.9982E-005 0.782237
0.0105733 0.0518097 0.872133 0.0654839
0.000563837 0.999236 9.9982E-005 9.9982E-005
0.731375 9.9991E-005 0.00495104 0.263574
0.184942 9.9982E-005 9.9982E-005 0.814858
0.177755 9.9982E-005 9.9982E-005 0.822045
0.181064 9.9982E-005 9.9982E-005 0.818736
0.190368 9.9982E-005 9.9982E-005 0.809432
0.189051 9.9982E-005 9.9982E-005 0.810749
0.188332 9.9982E-005 9.9982E-005 0.811468
