0.0974159 0.212409 9.9991E-005 0.0043791 0.669864 0.00609304 0.00973956
0.105046 0.210384 9.9991E-005 0.00877687 0.662037 0.00510059 0.00855513
0.000608786 0.992007 0.00315964 0.00126407 9.9991E-005 0.00178368 0.00107699
9.9964E-005 0.998896 0.00036207 9.9964E-005 9.9964E-005 0.000341638 9.9964E-005
0.000301524 0.992158 0.00037336 0.00179564 9.9991E-005 0.00342367 0.00184784
9.995E-005 0.9994 9.995E-005 9.995E-005 9.995E-005 9.995E-005 9.995E-005
9.995E-005 0.9994 9.995E-005 9.995E-005 9.995E-005 9.995E-005 9.995E-005
9.995E-005 0.9994 9.995E-005 9.995E-005 9.995E-005 9.995E-005 9.995E-005
9.9964E-005 0.00294339 0.989634 9.9964E-005 9.9964E-005 0.00702289 9.9964E-005
0.992318 9.9964E-005 0.00151121 9.9964E-005 9.9964E-005 0.00577124 9.9964E-005
0.992252 9.9973E-005 0.00255275 0.00459746 9.9973E-005 0.000297854 9.9973E-005
9.999E-005 0.00642721 0.0901018 0.791526 0.0326634 0.0513768 0.0278048
0.991891 9.9982E-005 0.000843043 0.00228333 9.9982E-005 0.00314027 0.0016426
0.995791 9.9973E-005 9.9973E-005 0.00111321 9.9973E-005 0.00115414 0.0016415
0.994489 9.9982E-005 0.000155108 0.00185921 9.9982E-005 0.00108637 0.00221041
0.992779 9.9973E-005 9.9973E-005 0.00322449 9.9973E-005 0.00321453 0.000482198
0.00401152 0.00789081 0.0921099 0.786698 0.0260874 0.0516816 0.0315208
0.0953565 0.852861 0.00264573 0.00154321 0.0473937 9.9982E-005 9.9982E-005
0.0883904 0.159483 9.9991E-005 0.00435319 0.731292 0.00404346 0.0123376
0.10851 0.166235 9.9982E-005 9.9982E-005 0.703452 0.00879194 0.0128113
0.0938824 0.177733 9.9982E-005 9.9982E-005 0.710927 0.00662228 0.0106356
0.0729118 0.186075 0.000512162 0.00373086 0.72086 0.00941779 0.0064925
0.0979412 0.158586 9.9991E-005 0.00635392 0.718053 0.00597228 0.0129932
0.0870022 0.177866 0.00265724 0.00395502 0.718367 0.00792766 0.00222438
0.114655 0.143406 9.9991E-005 0.000784528 0.722937 0.00370187 0.0144149
0.0956369 0.169222 9.9991E-005 0.00322182 0.714312 0.00450304 0.0130039
0.0875236 0.193855 9.9982E-005 9.9982E-005 0.700977 0.00597977 0.011465
0.0926535 0.162916 9.9991E-005 0.00239765 0.717218 0.011854 0.0128606
9.995E-005 9.995E-005 9.995E-005 9.995E-005 0.9994 9.995E-005 9.995E-005
9.995E-005 9.995E-005 9.995E-005 9.995E-005 0.9994 9.995E-005 9.995E-005
9.995E-005 9.995E-005 9.995E-005 9.995E-005 0.9994 9.995E-005 9.995E-005
9.995E-005 9.995E-005 9.995E-005 9.995E-005 0.9994 9.995E-005 9.995E-005
9.995E-005 9.995E-005 9.995E-005 9.995E-005 0.9994 9.995E-005 9.995E-005
0.0716271 0.890324 9.9973E-005 0.00339789 0.0343512 9.9973E-005 9.9973E-005
0.0792442 0.889283 9.9982E-005 0.00357419 0.0273381 0.000360014 9.9982E-005
0.0633135 0.899164 9.9982E-005 0.00232652 0.0309524 9.9982E-005 0.0040437
0.0818116 0.869385 9.9982E-005 0.00653153 0.0415724 0.000499074 9.9982E-005
9.995E-005 9.995E-005 9.995E-005 0.9994 9.995E-005 9.995E-005 9.995E-005
9.995E-005 9.995E-005 9.995E-005 9.995E-005 0.9994 9.995E-005 9.995E-005
9.995E-005 9.995E-005 9.995E-005 9.995E-005 0.9994 9.995E-005 9.995E-005
9.995E-005 9.995E-005 9.995E-005 9.995E-005 0.9994 9.995E-005 9.995E-005
9.995E-005 9.995E-005 9.995E-005 9.995E-005 0.9994 9.995E-005 9.995E-005
9.9973E-005 9.9973E-005 0.987743 0.000781715 0.00265552 0.0085196 9.9973E-005
9.9982E-005 9.9982E-005 0.917555 0.0105157 0.00575507 0.00169182 0.0642829
9.9964E-005 9.9964E-005 0.996023 9.9964E-005 0.00264367 0.000933963 9.9964E-005
9.9964E-005 0.00884048 0.976828 9.9964E-005 9.9964E-005 9.9964E-005 0.0139321
0.00552862 9.9964E-005 0.98936 0.00471182 9.9964E-005 9.9964E-005 9.9964E-005
9.9955E-005 9.9955E-005 0.990796 9.9955E-005 9.9955E-005 9.9955E-005 0.00870423
9.9955E-005 9.9955E-005 0.996584 9.9955E-005 9.9955E-005 0.00291655 9.9955E-005
9.9964E-005 9.9964E-005 0.993122 0.00549659 9.9964E-005 9.9964E-005 0.000981068
0.990034 0.00946651 9.9955E-005 9.9955E-005 9.9955E-005 9.9955E-005 9.9955E-005
0.9783 0.00893917 0.00112016 9.9982E-005 0.0111553 0.000285632 9.9982E-005
0.97544 0.0240607 9.9955E-005 9.9955E-005 9.9955E-005 9.9955E-005 9.9955E-005
0.996008 9.9955E-005 9.9955E-005 0.00349184 9.9955E-005 9.9955E-005 9.9955E-005
0.98591 9.9982E-005 0.000322553 0.0054585 9.9982E-005 0.00283619 0.00527294
0.9994 9.995E-005 9.995E-005 9.995E-005 9.995E-005 9.995E-005 9.995E-005
9.995E-005 9.995E-005 9.995E-005 9.995E-005 9.995E-005 0.9994 9.995E-005
9.9955E-005 9.9955E-005 0.998089 9.9955E-005 9.9955E-005 0.00141141 9.9955E-005
0.00200488 9.9982E-005 9.9982E-005 0.000193627 0.000654595 0.993275 0.00367233
9.995E-005 9.995E-005 0.9994 9.995E-005 9.995E-005 9.995E-005 9.995E-005
9.9955E-005 9.9955E-005 0.998809 9.9955E-005 0.000690806 9.9955E-005 9.9955E-005
9.9973E-005 0.982557 9.9973E-005 9.9973E-005 0.0122815 0.00276492 0.00209669
9.995E-005 0.9994 9.995E-005 9.995E-005 9.995E-005 9.995E-005 9.995E-005
9.995E-005 0.9994 9.995E-005 9.995E-005 9.995E-005 9.995E-005 9.995E-005
0.00950328 0.982837 0.0056439 9.9973E-005 9.9973E-005 0.00171628 9.9973E-005
9.9973E-005 0.99476 9.9973E-005 0.00275506 9.9973E-005 0.000222642 0.00196232
9.995E-005 0.9994 9.995E-005 9.995E-005 9.995E-005 9.995E-005 9.995E-005
9.995E-005 9.995E-005 0.9994 9.995E-005 9.995E-005 9.995E-005 9.995E-005
9.9973E-005 9.9973E-005 0.931871 9.9973E-005 0.00643347 0.0100131 0.0513825
9.995E-005 9.995E-005 0.9994 9.995E-005 9.995E-005 9.995E-005 9.995E-005
9.9955E-005 9.9955E-005 0.996395 9.9955E-005 9.9955E-005 0.00310474 9.9955E-005
9.9964E-005 9.9964E-005 0.995655 9.9964E-005 0.00339865 0.000546783 9.9964E-005
9.9973E-005 9.9973E-005 0.990816 9.9973E-005 0.000144601 0.000870858 0.00786902
9.9964E-005 9.9964E-005 0.926959 0.0104385 9.9964E-005 9.9964E-005 0.0622024
0.000467822 0.00224377 0.913048 0.0155522 9.9982E-005 9.9982E-005 0.0684878
0.00373757 9.9982E-005 0.911606 0.0105543 9.9982E-005 0.0048502 0.0690522
9.9955E-005 0.00485074 0.994649 9.9955E-005 9.9955E-005 9.9955E-005 9.9955E-005
9.9964E-005 9.9964E-005 0.90881 0.01967 9.9964E-005 9.9964E-005 0.0711197
9.9964E-005 9.9964E-005 0.902599 0.0118087 9.9964E-005 9.9964E-005 0.0851926
9.9982E-005 9.9982E-005 0.938525 0.00389114 0.000758617 0.0138954 0.0427303
9.9973E-005 9.9973E-005 0.927148 0.00824594 9.9973E-005 0.000328838 0.0639774
0.00642446 0.990366 9.9973E-005 0.0020159 9.9973E-005 0.000893232 9.9973E-005
0.101155 0.851465 0.0036703 9.9973E-005 0.0434093 9.9973E-005 9.9973E-005
0.0877036 0.870736 0.00171189 0.00314155 0.0365071 9.9982E-005 9.9982E-005
0.0024273 9.9964E-005 9.9964E-005 0.996951 0.00022196 9.9964E-005 9.9964E-005
9.995E-005 9.995E-005 9.995E-005 0.9994 9.995E-005 9.995E-005 9.995E-005
0.0925331 0.867745 0.0053118 0.00289292 0.0313168 9.9982E-005 9.9982E-005
0.155719 0.738707 0.0102162 0.00285524 0.0857748 0.00662853 9.9991E-005
0.170275 0.558234 0.0567862 0.0439698 0.0866268 0.0720738 0.0120343
0.0236375 0.0969775 0.00549307 9.9991E-005 0.871092 0.00188602 0.000813607
0.0312005 0.0982365 0.00225775 9.9982E-005 0.865969 0.00213614 9.9982E-005
9.995E-005 9.995E-005 9.995E-005 0.9994 9.995E-005 9.995E-005 9.995E-005
9.995E-005 9.995E-005 9.995E-005 0.9994 9.995E-005 9.995E-005 9.995E-005
0.0292094 0.104718 0.00361649 0.000892367 0.859988 0.0014761 9.9991E-005
0.164731 0.749463 0.00148217 0.00684714 0.0765042 0.000872574 9.9991E-005
9.995E-005 9.995E-005 9.995E-005 0.9994 9.995E-005 9.995E-005 9.995E-005
0.0173615 0.0924022 0.00736986 9.9991E-005 0.880683 0.000848263 0.00123482
0.117786 0.8137 0.0143109 0.000367981 0.0489166 0.00481761 9.9991E-005
0.0884525 0.87585 9.99759E-005 0.000672782 0.034725 9.99759E-005 9.99759E-005
0.161657 0.660208 0.0445536 0.0126889 0.0786949 0.039048 0.00314948
0.137438 0.339954 0.013227 0.00251978 0.493349 0.0119276 0.00158496
0.0877004 0.864861 0.0018411 0.00681948 0.0382347 9.9991E-005 0.000443212
0.111829 0.833935 0.00201701 0.00443127 0.047587 9.9982E-005 9.9982E-005
0.0859279 0.866022 0.000715504 0.00586275 0.0360291 0.00329336 0.00214915
9.9964E-005 9.9964E-005 9.9964E-005 0.993138 0.00423674 0.00222565 9.9964E-005
0.0881917 0.865122 9.99811E-005 0.00419358 0.0421928 9.99811E-005 9.99811E-005
9.995E-005 9.995E-005 9.995E-005 0.9994 9.995E-005 9.995E-005 9.995E-005
0.0889678 0.881055 9.9973E-005 0.00133019 0.0283474 9.9973E-005 9.9973E-005
9.9955E-005 9.9955E-005 9.9955E-005 0.99807 9.9955E-005 9.9955E-005 0.00143013
9.995E-005 9.995E-005 9.995E-005 9.995E-005 0.9994 9.995E-005 9.995E-005
0.07097 0.883906 0.00281951 9.9982E-005 0.0407003 0.00140423 9.9982E-005
9.995E-005 9.995E-005 9.995E-005 9.995E-005 0.9994 9.995E-005 9.995E-005
0.083478 0.86294 0.00809928 9.9982E-005 0.0427953 0.0024876 9.9982E-005
0.0809461 0.868257 0.00186476 9.9982E-005 0.047004 0.0017278 9.9982E-005
0.0634864 0.893695 0.00296732 0.000548573 0.0391023 9.9982E-005 9.9982E-005
0.0734276 0.888814 9.9973E-005 0.00396675 0.0334922 9.9973E-005 9.9973E-005
9.995E-005 9.995E-005 9.995E-005 0.9994 9.995E-005 9.995E-005 9.995E-005
9.995E-005 0.9994 9.995E-005 9.995E-005 9.995E-005 9.995E-005 9.995E-005
9.995E-005 0.9994 9.995E-005 9.995E-005 9.995E-005 9.995E-005 9.995E-005
9.9955E-005 0.99858 9.9955E-005 9.9955E-005 9.9955E-005 0.000920412 9.9955E-005
0.996129 9.9955E-005 9.9955E-005 0.00337115 9.9955E-005 9.9955E-005 9.9955E-005
9.9973E-005 0.0155376 9.9973E-005 0.973881 9.9973E-005 0.00260835 0.00767318
0.972514 0.0268228 9.9964E-005 9.9964E-005 0.000263749 9.9964E-005 9.9964E-005
0.9994 9.995E-005 9.995E-005 9.995E-005 9.995E-005 9.995E-005 9.995E-005
0.976947 0.0210507 9.9973E-005 0.00119567 0.000506448 9.9973E-005 9.9973E-005
0.9994 9.995E-005 9.995E-005 9.995E-005 9.995E-005 9.995E-005 9.995E-005
0.9994 9.995E-005 9.995E-005 9.995E-005 9.995E-005 9.995E-005 9.995E-005
9.995E-005 9.995E-005 9.995E-005 9.995E-005 0.9994 9.995E-005 9.995E-005
9.995E-005 9.995E-005 9.995E-005 9.995E-005 0.9994 9.995E-005 9.995E-005
9.995E-005 9.995E-005 9.995E-005 9.995E-005 0.9994 9.995E-005 9.995E-005
9.995E-005 9.995E-005 9.995E-005 9.995E-005 0.9994 9.995E-005 9.995E-005
0.942805 0.00653569 9.9973E-005 0.0311817 0.0191774 9.9973E-005 9.9973E-005
9.995E-005 9.995E-005 9.995E-005 9.995E-005 0.9994 9.995E-005 9.995E-005
0.9994 9.995E-005 9.995E-005 9.995E-005 9.995E-005 9.995E-005 9.995E-005
0.973841 0.0250647 9.9964E-005 0.000694913 9.9964E-005 9.9964E-005 9.9964E-005
0.981117 0.0183828 9.9955E-005 9.9955E-005 9.9955E-005 9.9955E-005 9.9955E-005
0.987196 0.012304 9.9955E-005 9.9955E-005 9.9955E-005 9.9955E-005 9.9955E-005
0.980155 0.0186505 0.000255581 0.000639463 9.9973E-005 9.9973E-005 9.9973E-005
0.992626 9.9973E-005 9.9973E-005 9.9973E-005 0.00499366 0.00145773 0.000622782
0.986494 0.005223 0.00678443 9.9973E-005 0.00119915 9.9973E-005 9.9973E-005
0.963897 0.0356028 9.99586E-005 9.99586E-005 9.99586E-005 9.99586E-005 9.99586E-005
0.971918 0.0256295 9.9973E-005 9.9973E-005 9.9973E-005 0.00116531 0.000986845
0.972967 0.0200055 9.9982E-005 0.00177639 9.9982E-005 0.00324591 0.00180565
0.99337 9.9973E-005 9.9973E-005 9.9973E-005 0.00139799 0.00151233 0.00341947
0.994388 9.9964E-005 9.9964E-005 9.9964E-005 0.00433182 0.000880455 9.9964E-005
0.970223 0.0292774 9.9955E-005 9.9955E-005 9.9955E-005 9.9955E-005 9.9955E-005
0.962481 0.0348601 9.9982E-005 0.000556085 9.9982E-005 0.00130281 0.000599637
0.991408 0.00567149 9.9964E-005 9.9964E-005 0.00252073 9.9964E-005 9.9964E-005
0.960239 0.015998 9.99905E-005 0.00310963 9.99905E-005 0.00905419 0.0113994
9.9964E-005 9.9964E-005 0.970562 0.00989417 9.9964E-005 9.9964E-005 0.0191435
0.00384208 9.9964E-005 0.989335 9.9964E-005 9.9964E-005 9.9964E-005 0.00642333
0.00117605 9.9964E-005 0.99812 9.9964E-005 9.9964E-005 0.000303699 9.9964E-005
0.973661 0.00456737 9.9991E-005 0.00410871 0.00767419 0.00866489 0.00122388
0.145492 0.308426 0.0292792 0.0184383 0.466664 0.027296 0.00440437
0.00183654 9.9964E-005 9.9964E-005 0.00019675 9.9964E-005 0.997567 9.9964E-005
9.99621E-005 9.99621E-005 9.99621E-005 0.00096314 9.99621E-005 0.998537 9.99621E-005
9.995E-005 9.995E-005 9.995E-005 9.995E-005 9.995E-005 0.9994 9.995E-005
9.9973E-005 9.9973E-005 0.0053602 0.00341957 9.9973E-005 0.990282 0.000638442
9.995E-005 9.995E-005 9.995E-005 9.995E-005 9.995E-005 0.9994 9.995E-005
9.995E-005 9.995E-005 9.995E-005 9.995E-005 9.995E-005 0.9994 9.995E-005
9.9955E-005 9.9955E-005 0.0192255 9.9955E-005 9.9955E-005 9.9955E-005 0.980275
9.9955E-005 9.9955E-005 9.9955E-005 9.9955E-005 9.9955E-005 0.99902 0.000479773
9.995E-005 9.995E-005 0.9994 9.995E-005 9.995E-005 9.995E-005 9.995E-005
0.00986835 9.9982E-005 9.9982E-005 0.00208662 0.00563843 0.97801 0.00419617
9.9964E-005 9.9964E-005 9.9964E-005 0.00330504 9.9964E-005 0.99289 0.00340478
9.995E-005 9.995E-005 9.995E-005 9.995E-005 9.995E-005 0.9994 9.995E-005
9.9955E-005 0.00357446 9.9955E-005 9.9955E-005 9.9955E-005 0.995926 9.9955E-005
0.966432 0.0223123 9.9973E-005 9.9973E-005 0.0105671 0.000388406 9.9973E-005
9.995E-005 9.995E-005 9.995E-005 9.995E-005 9.995E-005 0.9994 9.995E-005
9.9964E-005 0.00434352 0.994187 9.9964E-005 9.9964E-005 0.00106988 9.9964E-005
0.972349 0.0155767 0.00191919 9.9991E-005 0.00485146 0.0015647 0.00363893
9.995E-005 0.9994 9.995E-005 9.995E-005 9.995E-005 9.995E-005 9.995E-005
0.00321724 9.9973E-005 9.9973E-005 0.000936436 9.9973E-005 0.995425 0.000121833
9.995E-005 9.995E-005 9.995E-005 0.9994 9.995E-005 9.995E-005 9.995E-005
9.9955E-005 0.00316087 9.9955E-005 0.996339 9.9955E-005 9.9955E-005 9.9955E-005
9.995E-005 0.9994 9.995E-005 9.995E-005 9.995E-005 9.995E-005 9.995E-005
9.9955E-005 9.9955E-005 9.9955E-005 0.998541 9.9955E-005 0.000958799 9.9955E-005
0.991281 0.00821968 9.9955E-005 9.9955E-005 9.9955E-005 9.9955E-005 9.9955E-005
0.982803 0.0166974 9.9955E-005 9.9955E-005 9.9955E-005 9.9955E-005 9.9955E-005
0.950609 0.039399 0.00390976 0.00271249 9.9991E-005 0.00151422 0.00175522
0.999162 9.9955E-005 0.000338443 9.9955E-005 9.9955E-005 9.9955E-005 9.9955E-005
0.954378 0.0371745 9.9964E-005 9.9964E-005 0.00804732 9.9964E-005 9.9964E-005
0.973857 0.0146687 9.9982E-005 0.00110376 9.9982E-005 0.0031479 0.00702237
0.992533 9.9955E-005 9.9955E-005 9.9955E-005 0.00696673 9.9955E-005 9.9955E-005
9.995E-005 0.9994 9.995E-005 9.995E-005 9.995E-005 9.995E-005 9.995E-005
9.995E-005 0.9994 9.995E-005 9.995E-005 9.995E-005 9.995E-005 9.995E-005
0.9994 9.995E-005 9.995E-005 9.995E-005 9.995E-005 9.995E-005 9.995E-005
0.000771723 9.9982E-005 0.968301 0.005201 0.000118419 9.9982E-005 0.0254082
9.9955E-005 9.9955E-005 0.00847407 9.9955E-005 9.9955E-005 9.9955E-005 0.991026
9.995E-005 9.995E-005 9.995E-005 9.995E-005 9.995E-005 9.995E-005 0.9994
0.0881386 0.0864633 9.9991E-005 0.00935055 0.026057 0.0542578 0.735633
9.9955E-005 9.9955E-005 0.0436579 9.9955E-005 9.9955E-005 9.9955E-005 0.955842
0.0115796 9.9973E-005 0.982636 0.0049915 9.9973E-005 0.000492522 9.9973E-005
9.995E-005 9.995E-005 0.9994 9.995E-005 9.995E-005 9.995E-005 9.995E-005
9.995E-005 9.995E-005 0.9994 9.995E-005 9.995E-005 9.995E-005 9.995E-005
9.9955E-005 9.9955E-005 0.01943 9.9955E-005 9.9955E-005 9.9955E-005 0.98007
9.995E-005 0.9994 9.995E-005 9.995E-005 9.995E-005 9.995E-005 9.995E-005
9.995E-005 9.995E-005 9.995E-005 0.9994 9.995E-005 9.995E-005 9.995E-005
0.10681 0.619844 0.0602352 0.0351655 0.0751031 0.0879672 0.0148755
9.995E-005 0.9994 9.995E-005 9.995E-005 9.995E-005 9.995E-005 9.995E-005
9.9955E-005 0.998696 9.9955E-005 9.9955E-005 9.9955E-005 9.9955E-005 0.000804155
0.000746851 9.9964E-005 9.9964E-005 0.99667 9.9964E-005 9.9964E-005 0.00218353
0.000436641 9.9964E-005 9.9964E-005 0.00116634 9.9964E-005 0.997997 9.9964E-005
0.657798 0.280302 9.9973E-005 0.00409122 0.0575084 9.9973E-005 9.9973E-005
9.995E-005 0.9994 9.995E-005 9.995E-005 9.995E-005 9.995E-005 9.995E-005
9.995E-005 0.9994 9.995E-005 9.995E-005 9.995E-005 9.995E-005 9.995E-005
9.995E-005 0.9994 9.995E-005 9.995E-005 9.995E-005 9.995E-005 9.995E-005
9.9964E-005 0.998481 0.000578991 9.9964E-005 9.9964E-005 9.9964E-005 0.000540428
9.995E-005 0.9994 9.995E-005 9.995E-005 9.995E-005 9.995E-005 9.995E-005
9.995E-005 0.9994 9.995E-005 9.995E-005 9.995E-005 9.995E-005 9.995E-005
