9.9982E-005 0.0241616 0.0428295 0.904102 0.00256913 0.0261376 9.9982E-005
0.00343633 0.0232671 0.0429836 0.902147 0.00120444 0.0264839 0.000477348
0.00210011 0.00474084 0.988405 9.9982E-005 0.00108528 9.9982E-005 0.00346842
0.00123094 0.0101411 0.988228 9.9964E-005 9.9964E-005 9.9964E-005 9.9964E-005
0.00205516 0.00554639 0.984235 9.9982E-005 0.00143747 9.9982E-005 0.00652633
9.995E-005 9.995E-005 0.9994 9.995E-005 9.995E-005 9.995E-005 9.995E-005
9.995E-005 9.995E-005 0.9994 9.995E-005 9.995E-005 9.995E-005 9.995E-005
9.995E-005 9.995E-005 0.9994 9.995E-005 9.995E-005 9.995E-005 9.995E-005
0.0080555 9.9955E-005 9.9955E-005 9.9955E-005 9.9955E-005 9.9955E-005 0.991445
0.00339142 9.9973E-005 9.9973E-005 0.00715923 9.9973E-005 0.988112 0.00103723
0.002572 9.9973E-005 9.9973E-005 9.9973E-005 0.00260098 0.993623 0.000904334
0.0538539 0.0162165 0.00442318 0.0194366 0.789589 9.9991E-005 0.116381
0.00114633 9.9973E-005 9.9973E-005 9.9973E-005 0.00205069 0.996181 0.000322257
0.000127053 9.9964E-005 9.9964E-005 9.9964E-005 0.00409968 0.995373 9.9964E-005
9.9955E-005 9.9955E-005 9.9955E-005 9.9955E-005 0.00366851 0.995832 9.9955E-005
0.00103025 9.9973E-005 9.9973E-005 9.9973E-005 0.00170319 0.99421 0.00275623
0.0491473 0.00448006 0.0166675 0.0174054 0.789626 0.00614993 0.116523
0.000526763 0.0282936 0.851384 0.0354842 9.9991E-005 0.0835839 0.000627347
9.9955E-005 9.9955E-005 9.9955E-005 0.998413 9.9955E-005 9.9955E-005 0.00108686
9.9955E-005 9.9955E-005 9.9955E-005 0.998698 9.9955E-005 9.9955E-005 0.000802549
9.995E-005 9.995E-005 9.995E-005 0.9994 9.995E-005 9.995E-005 9.995E-005
9.995E-005 9.995E-005 9.995E-005 0.9994 9.995E-005 9.995E-005 9.995E-005
9.995E-005 9.995E-005 9.995E-005 0.9994 9.995E-005 9.995E-005 9.995E-005
9.995E-005 9.995E-005 9.995E-005 0.9994 9.995E-005 9.995E-005 9.995E-005
9.995E-005 9.995E-005 9.995E-005 0.9994 9.995E-005 9.995E-005 9.995E-005
9.995E-005 9.995E-005 9.995E-005 0.9994 9.995E-005 9.995E-005 9.995E-005
9.995E-005 9.995E-005 9.995E-005 0.9994 9.995E-005 9.995E-005 9.995E-005
0.00302929 9.9955E-005 9.9955E-005 0.996471 9.9955E-005 9.9955E-005 9.9955E-005
9.9973E-005 0.970227 0.00795307 0.0158578 9.9973E-005 0.00566173 9.9973E-005
9.9955E-005 0.978082 0.0214179 9.9955E-005 9.9955E-005 9.9955E-005 9.9955E-005
9.995E-005 0.9994 9.995E-005 9.995E-005 9.995E-005 9.995E-005 9.995E-005
9.995E-005 0.9994 9.995E-005 9.995E-005 9.995E-005 9.995E-005 9.995E-005
9.995E-005 0.9994 9.995E-005 9.995E-005 9.995E-005 9.995E-005 9.995E-005
9.9982E-005 0.0259346 0.872662 0.0368713 0.00293999 0.0613918 9.9982E-005
9.9973E-005 0.019371 0.874554 0.0356635 9.9973E-005 0.070112 9.9973E-005
0.000136403 0.020308 0.878102 0.0356657 9.9991E-005 0.0649838 0.00070391
9.9982E-005 0.025603 0.858404 0.0363379 0.00207415 0.0773813 9.9982E-005
9.995E-005 9.995E-005 9.995E-005 9.995E-005 0.9994 9.995E-005 9.995E-005
9.995E-005 0.9994 9.995E-005 9.995E-005 9.995E-005 9.995E-005 9.995E-005
9.9955E-005 0.995604 9.9955E-005 9.9955E-005 9.9955E-005 0.00389603 9.9955E-005
9.995E-005 0.9994 9.995E-005 9.995E-005 9.995E-005 9.995E-005 9.995E-005
0.00207555 0.995165 9.9964E-005 9.9964E-005 0.0023597 9.9964E-005 9.9964E-005
0.00179155 9.9964E-005 9.9964E-005 0.00595736 9.9964E-005 9.9964E-005 0.991851
0.00249625 0.00312522 9.9982E-005 0.00803777 0.00622911 9.9982E-005 0.979912
9.9955E-005 9.9955E-005 9.9955E-005 0.00364172 9.9955E-005 9.9955E-005 0.995859
9.9973E-005 0.00309426 0.000822779 0.00252055 9.9973E-005 9.9973E-005 0.993262
9.9964E-005 0.00313258 0.00545774 9.9964E-005 9.9964E-005 9.9964E-005 0.99101
9.9955E-005 9.9955E-005 9.9955E-005 9.9955E-005 9.9955E-005 0.00246573 0.997034
9.995E-005 9.995E-005 9.995E-005 9.995E-005 9.995E-005 9.995E-005 0.9994
9.9964E-005 0.00324082 9.9964E-005 9.9964E-005 0.00653095 9.9964E-005 0.989828
9.9955E-005 9.9955E-005 9.9955E-005 9.9955E-005 9.9955E-005 0.99687 0.00263042
0.00338562 0.00414007 0.00652039 0.0113892 9.9982E-005 0.974365 9.9982E-005
9.9964E-005 0.00211704 0.0140456 9.9964E-005 9.9964E-005 0.983437 9.9964E-005
9.9955E-005 9.9955E-005 0.00641566 9.9955E-005 9.9955E-005 0.993085 9.9955E-005
0.00609092 9.9973E-005 9.9973E-005 9.9973E-005 0.00352547 0.985984 0.00409976
9.995E-005 9.995E-005 9.995E-005 9.995E-005 9.995E-005 0.9994 9.995E-005
0.9994 9.995E-005 9.995E-005 9.995E-005 9.995E-005 9.995E-005 9.995E-005
9.995E-005 9.995E-005 9.995E-005 9.995E-005 9.995E-005 9.995E-005 0.9994
0.996658 0.00284183 9.9955E-005 9.9955E-005 9.9955E-005 9.9955E-005 9.9955E-005
9.995E-005 9.995E-005 9.995E-005 9.995E-005 9.995E-005 9.995E-005 0.9994
9.9955E-005 9.9955E-005 9.9955E-005 0.00159257 9.9955E-005 9.9955E-005 0.997908
9.9964E-005 0.00946414 0.988503 9.9964E-005 9.9964E-005 9.9964E-005 0.00163273
9.995E-005 9.995E-005 0.9994 9.995E-005 9.995E-005 9.995E-005 9.995E-005
9.995E-005 9.995E-005 0.9994 9.995E-005 9.995E-005 9.995E-005 9.995E-005
0.00226265 9.9982E-005 0.991716 9.9982E-005 0.00226862 0.00327292 0.000279581
9.9955E-005 9.9955E-005 0.99722 9.9955E-005 0.00227979 9.9955E-005 9.9955E-005
9.995E-005 9.995E-005 0.9994 9.995E-005 9.995E-005 9.995E-005 9.995E-005
9.995E-005 9.995E-005 9.995E-005 9.995E-005 9.995E-005 9.995E-005 0.9994
0.00694307 0.0011114 9.9973E-005 0.00429514 9.9973E-005 9.9973E-005 0.98735
9.995E-005 9.995E-005 9.995E-005 9.995E-005 9.995E-005 9.995E-005 0.9994
0.00230067 9.9973E-005 0.000768603 0.0023831 9.9973E-005 9.9973E-005 0.994248
9.9955E-005 9.9955E-005 9.9955E-005 0.00166417 9.9955E-005 9.9955E-005 0.997836
9.995E-005 9.995E-005 9.995E-005 9.995E-005 9.995E-005 9.995E-005 0.9994
9.9955E-005 9.9955E-005 9.9955E-005 9.9955E-005 0.0087549 9.9955E-005 0.990745
0.00254946 0.00377484 9.99884E-005 0.00226678 0.0216484 9.99884E-005 0.969561
0.00299604 9.9973E-005 9.9973E-005 0.00338295 0.00585766 9.9973E-005 0.987463
9.9955E-005 9.9955E-005 9.9955E-005 0.00408556 9.9955E-005 9.9955E-005 0.995415
9.9955E-005 9.9955E-005 9.9955E-005 9.9955E-005 0.0142699 9.9955E-005 0.98523
9.9964E-005 9.9964E-005 0.00373827 9.9964E-005 0.0100974 9.9964E-005 0.985764
0.011399 0.00492654 9.9973E-005 9.9973E-005 0.00578246 9.9973E-005 0.977592
9.9973E-005 0.00196778 9.9973E-005 0.000612497 0.00948779 9.9973E-005 0.987632
0.00093864 0.00311298 0.98975 0.00264603 9.9982E-005 0.00335276 9.9982E-005
9.9991E-005 0.0233058 0.836344 0.0304382 0.00414268 0.103365 0.00230425
9.9982E-005 0.0246582 0.845884 0.0356834 9.9982E-005 0.0896706 0.00390403
9.995E-005 9.995E-005 9.995E-005 9.995E-005 0.9994 9.995E-005 9.995E-005
9.995E-005 9.995E-005 9.995E-005 9.995E-005 0.9994 9.995E-005 9.995E-005
0.000395001 0.0255529 0.837814 0.0324394 0.000697158 0.0986138 0.00448751
0.00627918 0.0535177 0.723362 0.0478261 0.00350575 0.155387 0.0101217
0.0699598 0.0701845 0.542056 0.0368023 0.0351161 0.172569 0.0733122
0.000379447 0.746499 0.12758 0.0926384 9.9991E-005 0.0268222 0.0059813
9.9982E-005 0.735812 0.117406 0.108543 9.9982E-005 0.033235 0.00480422
9.995E-005 9.995E-005 9.995E-005 9.995E-005 0.9994 9.995E-005 9.995E-005
9.995E-005 9.995E-005 9.995E-005 9.995E-005 0.9994 9.995E-005 9.995E-005
0.000245824 0.743197 0.125976 0.103162 9.9991E-005 0.022922 0.00439689
0.00175078 0.0485198 0.737048 0.0519155 0.00283252 0.157833 9.99918E-005
9.995E-005 9.995E-005 9.995E-005 9.995E-005 0.9994 9.995E-005 9.995E-005
0.00150689 0.752384 0.123582 0.0917796 9.9991E-005 0.023383 0.00726412
0.00676227 0.0286372 0.79062 0.0430593 0.00398003 0.11782 0.00912132
9.9973E-005 0.0252123 0.843595 0.034354 9.9973E-005 0.0965387 9.9973E-005
0.0407838 0.0565966 0.625682 0.051205 0.0154686 0.172002 0.0382626
0.0101952 0.276178 0.292885 0.28996 0.000583528 0.118682 0.0115169
0.00283172 0.0244742 0.837416 0.0341421 0.00221542 0.096781 0.00214003
9.9991E-005 0.0268231 0.816684 0.0511799 0.00273281 0.101202 0.0012781
0.00153514 0.028831 0.842654 0.0275393 0.00489136 0.0917537 0.00279543
0.00462709 0.00254475 9.9973E-005 0.00320798 0.98932 9.9973E-005 9.9973E-005
9.9991E-005 0.0316991 0.847976 0.0313264 0.000485566 0.0845556 0.00385775
9.995E-005 9.995E-005 9.995E-005 9.995E-005 0.9994 9.995E-005 9.995E-005
9.9973E-005 0.0269238 0.869692 0.0303555 9.9973E-005 0.0727287 9.9973E-005
9.995E-005 9.995E-005 9.995E-005 9.995E-005 0.9994 9.995E-005 9.995E-005
9.995E-005 0.9994 9.995E-005 9.995E-005 9.995E-005 9.995E-005 9.995E-005
9.9991E-005 0.0183533 0.868532 0.0425957 0.00116925 0.0681208 0.00112871
9.9973E-005 0.937679 0.0225802 0.0267975 9.9973E-005 0.0126431 9.9973E-005
0.00232462 0.027217 0.852833 0.0320629 9.9991E-005 0.0813305 0.00413207
0.00161688 0.0305504 0.851262 0.0398102 9.9982E-005 0.0765603 9.9982E-005
9.9991E-005 0.0164729 0.883788 0.0335539 0.00182762 0.0631165 0.0011406
9.9982E-005 0.017759 0.879215 0.028103 9.9982E-005 0.0731855 0.00153713
9.995E-005 9.995E-005 9.995E-005 9.995E-005 0.9994 9.995E-005 9.995E-005
9.9964E-005 9.9964E-005 0.994149 0.0048612 9.9964E-005 0.000590386 9.9964E-005
9.995E-005 9.995E-005 0.9994 9.995E-005 9.995E-005 9.995E-005 9.995E-005
0.00131493 9.9964E-005 0.996836 9.9964E-005 9.9964E-005 0.00144934 9.9964E-005
0.00208272 9.9973E-005 9.9973E-005 0.004996 0.00334115 0.98928 9.9973E-005
0.000664264 0.00128755 0.0109197 9.9982E-005 0.978995 9.9982E-005 0.00793328
9.9973E-005 0.00405495 0.0243424 0.000916015 9.9973E-005 0.970387 9.9973E-005
9.995E-005 9.995E-005 9.995E-005 9.995E-005 9.995E-005 0.9994 9.995E-005
9.9973E-005 0.00609356 0.0173579 0.00352998 9.9973E-005 0.972719 9.9973E-005
9.995E-005 9.995E-005 9.995E-005 9.995E-005 9.995E-005 0.9994 9.995E-005
9.9964E-005 0.00072514 0.000566435 9.9964E-005 9.9964E-005 0.998309 9.9964E-005
9.995E-005 0.9994 9.995E-005 9.995E-005 9.995E-005 9.995E-005 9.995E-005
9.995E-005 0.9994 9.995E-005 9.995E-005 9.995E-005 9.995E-005 9.995E-005
9.995E-005 0.9994 9.995E-005 9.995E-005 9.995E-005 9.995E-005 9.995E-005
0.00179052 0.996466 9.9964E-005 9.9964E-005 9.9964E-005 9.9964E-005 0.00134406
9.9982E-005 0.0167349 0.00746251 0.00222291 0.0317748 0.941605 9.9982E-005
9.9964E-005 0.975197 0.0138162 9.9964E-005 9.9964E-005 0.0105874 9.9964E-005
9.995E-005 9.995E-005 9.995E-005 9.995E-005 9.995E-005 0.9994 9.995E-005
9.9973E-005 0.00281046 0.0181472 0.00149082 9.9973E-005 0.977252 9.9973E-005
9.9973E-005 0.000902425 0.0175035 0.00435445 9.9973E-005 0.97694 9.9973E-005
9.9964E-005 0.00408355 0.0210626 9.9964E-005 9.9964E-005 0.974454 9.9964E-005
9.9955E-005 9.9955E-005 0.0269364 9.9955E-005 9.9955E-005 0.972564 9.9955E-005
0.00366043 9.9964E-005 9.9964E-005 0.00767595 9.9964E-005 0.988264 9.9964E-005
9.9973E-005 0.00720558 0.0168207 9.9973E-005 0.00154515 0.974129 9.9973E-005
9.9982E-005 0.00180518 0.0297985 9.9982E-005 0.000760641 0.966731 0.000704945
0.000149596 0.00532141 0.0290937 0.00545493 9.9991E-005 0.956063 0.00381745
9.9973E-005 0.00656155 0.0273493 9.9973E-005 0.00210323 0.963686 9.9973E-005
0.00338928 9.9973E-005 9.9973E-005 0.0132496 9.9973E-005 0.97924 0.00382096
0.000730433 0.00402864 9.9973E-005 0.0171311 9.9973E-005 0.97781 9.9973E-005
9.9964E-005 0.00883373 0.0309845 9.9964E-005 9.9964E-005 0.959782 9.9964E-005
0.00257446 9.9982E-005 0.0337221 0.00584899 0.000546672 0.957108 9.9982E-005
9.9982E-005 0.000881807 0.0116165 0.00644809 0.00138133 0.979472 9.9982E-005
0.0107788 0.0107364 0.00493931 9.9991E-005 0.000954606 0.958972 0.013519
9.9973E-005 9.9973E-005 0.000694925 9.9973E-005 0.00218646 0.000268075 0.996551
9.995E-005 9.995E-005 9.995E-005 9.995E-005 9.995E-005 9.995E-005 0.9994
0.00154102 9.9955E-005 9.9955E-005 9.9955E-005 9.9955E-005 9.9955E-005 0.997959
0.00697767 0.0130781 9.9973E-005 9.9973E-005 9.9973E-005 0.973314 0.00633064
0.0259494 0.2612 0.237429 0.284456 0.0152134 0.14294 0.032813
0.997008 9.9964E-005 9.9964E-005 9.9964E-005 0.000203567 0.00238888 9.9964E-005
0.99242 9.99709E-005 9.99709E-005 9.99709E-005 0.0045018 9.99709E-005 0.00267795
0.9994 9.995E-005 9.995E-005 9.995E-005 9.995E-005 9.995E-005 9.995E-005
0.990075 9.9964E-005 9.9964E-005 9.9964E-005 0.00885388 9.9964E-005 0.000671275
0.998298 9.9955E-005 0.00120186 9.9955E-005 9.9955E-005 9.9955E-005 9.9955E-005
0.9994 9.995E-005 9.995E-005 9.995E-005 9.995E-005 9.995E-005 9.995E-005
0.0106459 0.00290954 0.00332217 9.9982E-005 0.065724 9.9982E-005 0.917198
0.9994 9.995E-005 9.995E-005 9.995E-005 9.995E-005 9.995E-005 9.995E-005
9.995E-005 9.995E-005 9.995E-005 9.995E-005 9.995E-005 9.995E-005 0.9994
0.975579 0.000162022 9.9982E-005 0.00927075 9.9982E-005 0.0087992 0.00598889
0.989421 9.99786E-005 9.99786E-005 9.99786E-005 0.00480414 0.000393839 0.00508104
0.998808 9.9955E-005 9.9955E-005 9.9955E-005 9.9955E-005 9.9955E-005 0.000692687
0.996674 9.9973E-005 9.9973E-005 9.9973E-005 0.00142357 0.000907312 0.000695019
0.0010509 0.0089398 0.0353572 0.0104504 0.00172657 0.942375 9.9991E-005
0.99858 9.9964E-005 9.9964E-005 0.000386871 9.9964E-005 0.000633248 9.9964E-005
0.000384425 9.9964E-005 0.00101267 9.9964E-005 9.9964E-005 9.9964E-005 0.998203
9.99702E-005 9.99702E-005 9.99702E-005 9.99702E-005 0.00408427 0.991945 0.00357049
9.995E-005 9.995E-005 0.9994 9.995E-005 9.995E-005 9.995E-005 9.995E-005
0.998556 9.9955E-005 9.9955E-005 9.9955E-005 9.9955E-005 0.000944417 9.9955E-005
9.995E-005 9.995E-005 9.995E-005 9.995E-005 0.9994 9.995E-005 9.995E-005
0.00297821 9.9964E-005 0.00403101 9.9964E-005 0.992591 9.9964E-005 9.9964E-005
9.995E-005 9.995E-005 0.9994 9.995E-005 9.995E-005 9.995E-005 9.995E-005
9.995E-005 9.995E-005 9.995E-005 9.995E-005 0.9994 9.995E-005 9.995E-005
9.9955E-005 0.00368546 9.9955E-005 9.9955E-005 9.9955E-005 0.995815 9.9955E-005
9.9973E-005 0.00620922 0.0128181 0.000140312 9.9973E-005 0.980532 9.9973E-005
9.9982E-005 0.000673997 0.04106 0.00852123 9.9982E-005 0.943676 0.00586832
9.9964E-005 9.9964E-005 0.000337261 0.00255183 9.9964E-005 0.996711 9.9964E-005
9.9964E-005 0.0022249 0.0316522 9.9964E-005 9.9964E-005 0.965723 9.9964E-005
0.00497196 0.00931795 0.008382 0.00781423 0.00154218 0.965074 0.00289722
9.9964E-005 0.00451278 9.9964E-005 9.9964E-005 9.9964E-005 0.994014 0.00107301
9.995E-005 9.995E-005 0.9994 9.995E-005 9.995E-005 9.995E-005 9.995E-005
9.995E-005 9.995E-005 0.9994 9.995E-005 9.995E-005 9.995E-005 9.995E-005
9.995E-005 9.995E-005 9.995E-005 9.995E-005 9.995E-005 0.9994 9.995E-005
9.9964E-005 9.9964E-005 0.00436897 9.9964E-005 0.00259669 9.9964E-005 0.992634
0.0188479 0.00208694 0.0113061 9.9982E-005 0.0589273 9.9982E-005 0.908632
0.00999826 0.0048438 9.99897E-005 9.99897E-005 0.0700065 0.0176914 0.89726
0.0784371 0.0309902 0.0978452 0.0351557 0.0972231 0.0741763 0.586172
0.0107279 9.9982E-005 0.00516658 9.9982E-005 0.062046 0.0044706 0.917389
0.00306854 9.9973E-005 0.0119418 9.9973E-005 0.000763007 9.9973E-005 0.983927
9.9955E-005 9.9955E-005 9.9955E-005 9.9955E-005 9.9955E-005 0.00212659 0.997374
9.995E-005 9.995E-005 9.995E-005 9.995E-005 9.995E-005 9.995E-005 0.9994
0.018042 9.9982E-005 0.0062643 0.00604909 0.0581939 9.9982E-005 0.911251
9.995E-005 9.995E-005 0.9994 9.995E-005 9.995E-005 9.995E-005 9.995E-005
9.995E-005 9.995E-005 9.995E-005 9.995E-005 0.9994 9.995E-005 9.995E-005
0.0825305 0.034167 0.651484 0.029011 0.0437591 0.0827 0.0763483
9.995E-005 9.995E-005 0.9994 9.995E-005 9.995E-005 9.995E-005 9.995E-005
9.995E-005 9.995E-005 0.9994 9.995E-005 9.995E-005 9.995E-005 9.995E-005
9.9964E-005 9.9964E-005 0.000492779 9.9964E-005 0.997366 0.00174148 9.9964E-005
0.999147 9.9964E-005 9.9964E-005 0.000112302 0.000340745 9.9964E-005 9.9964E-005
9.9982E-005 0.0357829 0.269915 0.0301124 9.9982E-005 0.661371 0.00261935
9.995E-005 9.995E-005 0.9994 9.995E-005 9.995E-005 9.995E-005 9.995E-005
9.995E-005 9.995E-005 0.9994 9.995E-005 9.995E-005 9.995E-005 9.995E-005
9.995E-005 9.995E-005 0.9994 9.995E-005 9.995E-005 9.995E-005 9.995E-005
9.995E-005 9.995E-005 0.9994 9.995E-005 9.995E-005 9.995E-005 9.995E-005
9.995E-005 9.995E-005 0.9994 9.995E-005 9.995E-005 9.995E-005 9.995E-005
9.995E-005 9.995E-005 0.9994 9.995E-005 9.995E-005 9.995E-005 9.995E-005
