0.0174396 0.0331732 9.9973E-005 0.0207981 0.902876 9.9973E-005 0.000274705 9.9973E-005 0.0251389
0.00527653 0.0452677 9.9973E-005 0.0238926 0.895877 0.00379764 9.9973E-005 9.9973E-005 0.0255889
0.0582268 0.898768 0.00334116 0.0161704 0.0110883 0.00212013 9.9982E-005 9.9982E-005 0.0100848
0.063974 0.90057 9.9964E-005 0.0201495 0.00752649 9.9964E-005 9.9964E-005 9.9964E-005 0.00737988
0.0339779 0.931788 0.000343796 0.0238223 9.9973E-005 9.9973E-005 9.9973E-005 0.00447166 0.00529647
9.9937E-005 0.995816 9.9937E-005 0.00348471 9.9937E-005 9.9937E-005 9.9937E-005 9.9937E-005 9.9937E-005
9.993E-005 0.999201 9.993E-005 9.993E-005 9.993E-005 9.993E-005 9.993E-005 9.993E-005 9.993E-005
9.993E-005 0.999201 9.993E-005 9.993E-005 9.993E-005 9.993E-005 9.993E-005 9.993E-005 9.993E-005
0.00143106 9.9964E-005 0.0083559 9.9964E-005 0.00160633 9.9964E-005 9.9964E-005 0.986026 0.00218054
9.9955E-005 9.9955E-005 0.00400516 0.992315 0.000859552 9.9955E-005 9.9955E-005 0.00232012 9.9955E-005
9.9946E-005 9.9946E-005 0.00151989 0.994795 9.9946E-005 0.0030857 9.9946E-005 9.9946E-005 9.9946E-005
0.00498943 9.9982E-005 0.0503049 9.9982E-005 0.0166109 0.787001 0.0419337 0.0809439 0.0180166
9.9955E-005 9.9955E-005 0.00376044 0.992659 9.9955E-005 0.00127399 9.9955E-005 0.00180719 9.9955E-005
9.9946E-005 9.9946E-005 0.00189868 0.992918 9.9946E-005 0.00458363 9.9946E-005 9.9946E-005 9.9946E-005
9.9946E-005 9.9946E-005 0.000785622 0.995205 9.9946E-005 0.00340978 9.9946E-005 9.9946E-005 9.9946E-005
9.9955E-005 9.9955E-005 0.00036933 0.996345 9.9955E-005 0.00251764 9.9955E-005 0.000268169 9.9955E-005
0.00594769 0.0101244 0.0475094 9.9991E-005 0.0181283 0.785659 0.0459149 0.0800404 0.00657632
0.966217 0.0211601 9.9955E-005 0.00342864 0.00869469 9.9955E-005 9.9955E-005 9.9955E-005 9.9955E-005
9.993E-005 9.993E-005 9.993E-005 9.993E-005 0.999201 9.993E-005 9.993E-005 9.993E-005 9.993E-005
0.00109536 9.9946E-005 0.000837339 9.9946E-005 0.997468 9.9946E-005 9.9946E-005 9.9946E-005 9.9946E-005
9.993E-005 9.993E-005 9.993E-005 9.993E-005 0.999201 9.993E-005 9.993E-005 9.993E-005 9.993E-005
9.993E-005 9.993E-005 9.993E-005 9.993E-005 0.999201 9.993E-005 9.993E-005 9.993E-005 9.993E-005
9.9964E-005 9.9964E-005 0.000735896 9.9964E-005 0.99477 0.000777048 0.00167006 0.0016474 9.9964E-005
9.993E-005 9.993E-005 9.993E-005 9.993E-005 0.999201 9.993E-005 9.993E-005 9.993E-005 9.993E-005
9.993E-005 9.993E-005 9.993E-005 9.993E-005 0.999201 9.993E-005 9.993E-005 9.993E-005 9.993E-005
9.993E-005 9.993E-005 9.993E-005 9.993E-005 0.999201 9.993E-005 9.993E-005 9.993E-005 9.993E-005
9.9937E-005 9.9937E-005 9.9937E-005 0.00106942 0.998231 9.9937E-005 9.9937E-005 9.9937E-005 9.9937E-005
9.9937E-005 9.9937E-005 9.9937E-005 9.9937E-005 0.997993 9.9937E-005 9.9937E-005 0.00130744 9.9937E-005
9.9973E-005 9.9973E-005 0.000171205 0.00209467 0.0166105 0.0027993 9.9973E-005 0.000698027 0.977326
0.000987556 0.00800111 9.9964E-005 0.00857599 0.000583418 9.9964E-005 9.9964E-005 9.9964E-005 0.981452
9.993E-005 9.993E-005 9.993E-005 9.993E-005 9.993E-005 9.993E-005 9.993E-005 9.993E-005 0.999201
9.993E-005 9.993E-005 9.993E-005 9.993E-005 9.993E-005 9.993E-005 9.993E-005 9.993E-005 0.999201
9.993E-005 9.993E-005 9.993E-005 9.993E-005 9.993E-005 9.993E-005 9.993E-005 9.993E-005 0.999201
0.999201 9.993E-005 9.993E-005 9.993E-005 9.993E-005 9.993E-005 9.993E-005 9.993E-005 9.993E-005
0.999201 9.993E-005 9.993E-005 9.993E-005 9.993E-005 9.993E-005 9.993E-005 9.993E-005 9.993E-005
0.999201 9.993E-005 9.993E-005 9.993E-005 9.993E-005 9.993E-005 9.993E-005 9.993E-005 9.993E-005
0.999201 9.993E-005 9.993E-005 9.993E-005 9.993E-005 9.993E-005 9.993E-005 9.993E-005 9.993E-005
9.993E-005 9.993E-005 9.993E-005 9.993E-005 9.993E-005 0.999201 9.993E-005 9.993E-005 9.993E-005
9.993E-005 9.993E-005 9.993E-005 9.993E-005 9.993E-005 9.993E-005 9.993E-005 9.993E-005 0.999201
9.9946E-005 9.9946E-005 0.00117201 9.9946E-005 9.9946E-005 0.00104548 9.9946E-005 9.9946E-005 0.997183
9.993E-005 9.993E-005 9.993E-005 9.993E-005 9.993E-005 9.993E-005 9.993E-005 9.993E-005 0.999201
9.9946E-005 9.9946E-005 0.00130954 9.9946E-005 9.9946E-005 9.9946E-005 9.9946E-005 0.00113753 0.996953
9.9946E-005 9.9946E-005 0.00567606 9.9946E-005 0.00346764 9.9946E-005 9.9946E-005 0.990257 9.9946E-005
9.9973E-005 9.9973E-005 0.00126893 9.9973E-005 0.00516392 0.00919531 0.0602499 0.92188 0.00194215
9.9937E-005 9.9937E-005 0.00251742 9.9937E-005 9.9937E-005 9.9937E-005 9.9937E-005 0.996783 9.9937E-005
9.9955E-005 0.00646407 9.9955E-005 9.9955E-005 9.9955E-005 9.9955E-005 0.00302459 0.98694 0.00307165
9.9955E-005 0.00537275 9.9955E-005 9.9955E-005 9.9955E-005 0.00101319 9.9955E-005 0.990638 0.0024767
9.9946E-005 0.00229829 9.9946E-005 9.9946E-005 9.9946E-005 9.9946E-005 9.9946E-005 0.995576 0.00152619
9.9955E-005 9.9955E-005 0.00195243 9.9955E-005 9.9955E-005 0.00250646 0.00536029 0.989681 9.9955E-005
9.9946E-005 9.9946E-005 9.9946E-005 0.00143875 9.9946E-005 0.0102775 9.9946E-005 0.987684 9.9946E-005
9.9946E-005 9.9946E-005 0.00346918 0.99562 9.9946E-005 9.9946E-005 0.000310929 9.9946E-005 9.9946E-005
0.00226395 0.00696715 9.99764E-005 0.96657 0.00959296 9.99764E-005 9.99764E-005 0.00460918 0.00969672
0.0170444 0.0357141 9.9973E-005 0.944283 0.00114455 9.9973E-005 0.000813085 9.9973E-005 0.000700728
0.0113317 9.9937E-005 9.9937E-005 0.987969 9.9937E-005 9.9937E-005 9.9937E-005 9.9937E-005 9.9937E-005
9.9946E-005 9.9946E-005 0.00566327 0.9883 9.9946E-005 9.9946E-005 9.9946E-005 0.00543687 9.9946E-005
9.993E-005 9.993E-005 9.993E-005 0.999201 9.993E-005 9.993E-005 9.993E-005 9.993E-005 9.993E-005
9.993E-005 9.993E-005 0.999201 9.993E-005 9.993E-005 9.993E-005 9.993E-005 9.993E-005 9.993E-005
9.993E-005 9.993E-005 9.993E-005 9.993E-005 9.993E-005 9.993E-005 9.993E-005 0.999201 9.993E-005
9.9964E-005 0.00111389 0.990593 0.00107199 0.00489328 9.9964E-005 0.00192783 9.9964E-005 9.9964E-005
9.9937E-005 9.9937E-005 9.9937E-005 0.000724476 9.9937E-005 9.9937E-005 9.9937E-005 0.998576 9.9937E-005
9.9937E-005 0.000149242 9.9937E-005 9.9937E-005 9.9937E-005 9.9937E-005 9.9937E-005 0.999151 9.9937E-005
0.0349064 0.925099 0.000369705 0.0132239 0.00906663 9.9982E-005 0.000623585 9.9982E-005 0.0165106
9.993E-005 0.999201 9.993E-005 9.993E-005 9.993E-005 9.993E-005 9.993E-005 9.993E-005 9.993E-005
0.00384669 0.995454 9.9937E-005 9.9937E-005 9.9937E-005 9.9937E-005 9.9937E-005 9.9937E-005 9.9937E-005
0.024508 0.928489 0.00373037 0.0385069 0.00120354 9.9982E-005 9.9982E-005 0.00195786 0.00140453
0.0187879 0.940168 0.0015526 0.0260776 0.00569269 0.000545157 9.9991E-005 0.000612187 0.00646413
9.9946E-005 0.997922 0.000138166 0.00134052 9.9946E-005 9.9946E-005 9.9946E-005 9.9946E-005 9.9946E-005
9.9937E-005 9.9937E-005 9.9937E-005 9.9937E-005 9.9937E-005 0.00112999 9.9937E-005 0.99817 9.9937E-005
9.9964E-005 9.9964E-005 0.00834427 9.9964E-005 0.00472238 0.00299164 0.0502516 0.93329 9.9964E-005
9.993E-005 9.993E-005 9.993E-005 9.993E-005 9.993E-005 9.993E-005 9.993E-005 0.999201 9.993E-005
9.9946E-005 9.9946E-005 0.00529557 9.9946E-005 0.000318529 9.9946E-005 9.9946E-005 0.993786 9.9946E-005
9.993E-005 9.993E-005 9.993E-005 9.993E-005 9.993E-005 9.993E-005 9.993E-005 0.999201 9.993E-005
9.9937E-005 9.9937E-005 9.9937E-005 9.9937E-005 9.9937E-005 0.0043144 9.9937E-005 0.994986 9.9937E-005
9.9946E-005 9.9946E-005 9.9946E-005 9.9946E-005 9.9946E-005 0.0027016 0.0707398 0.925959 9.9946E-005
9.9968E-005 9.9968E-005 0.000980973 0.00195034 9.9968E-005 0.0141186 0.0882128 0.894337 9.9968E-005
9.9964E-005 9.9964E-005 0.00302108 9.9964E-005 0.000642408 0.00463757 0.0708357 0.920463 9.9964E-005
9.9946E-005 0.00294023 9.9946E-005 9.9946E-005 0.00526764 9.9946E-005 9.9946E-005 0.991192 9.9946E-005
9.9964E-005 9.9964E-005 0.00239567 9.9964E-005 0.000786524 0.00948225 0.0864561 0.90048 9.9964E-005
9.9946E-005 9.9946E-005 9.9946E-005 9.9946E-005 9.9946E-005 0.0173027 0.0869968 0.895101 9.9946E-005
0.00231603 9.9982E-005 0.00931959 0.00097543 9.9982E-005 0.0103084 0.0540578 0.92038 0.00244253
9.9964E-005 9.9964E-005 0.00264237 9.9964E-005 9.9964E-005 0.00509901 0.0726673 0.918848 0.000343615
0.0526095 0.890767 9.9964E-005 0.0346717 0.0115438 9.9964E-005 9.9964E-005 9.9964E-005 0.010008
0.92229 0.0428905 9.9964E-005 0.0252967 0.000535564 9.9964E-005 9.9964E-005 9.9964E-005 0.00858738
0.999201 9.993E-005 9.993E-005 9.993E-005 9.993E-005 9.993E-005 9.993E-005 9.993E-005 9.993E-005
9.9937E-005 9.9937E-005 9.9937E-005 9.9937E-005 9.9937E-005 0.990215 0.00908579 9.9937E-005 9.9937E-005
9.993E-005 9.993E-005 9.993E-005 9.993E-005 9.993E-005 0.999201 9.993E-005 9.993E-005 9.993E-005
0.975112 9.9955E-005 0.000866008 0.0226239 9.9955E-005 9.9955E-005 9.9955E-005 9.9955E-005 0.000898282
0.449736 0.324654 0.00491583 0.132366 0.0420755 0.00378533 0.0039304 9.9991E-005 0.0384375
0.340448 0.239389 0.0676527 0.14234 0.0422681 0.0362984 0.00672559 0.0669998 0.0578789
0.0563171 0.0664154 0.000434496 0.0250151 0.0938451 0.00248677 9.9991E-005 0.00581311 0.749573
0.0619472 0.0551099 0.000415626 0.0383074 0.0983897 9.9982E-005 0.00305462 9.9982E-005 0.742576
9.993E-005 9.993E-005 9.993E-005 9.993E-005 9.993E-005 0.999201 9.993E-005 9.993E-005 9.993E-005
9.993E-005 9.993E-005 9.993E-005 9.993E-005 9.993E-005 0.999201 9.993E-005 9.993E-005 9.993E-005
0.0628347 0.0624009 0.00201797 0.0206669 0.104889 9.9982E-005 9.9982E-005 0.00673229 0.740258
0.440438 0.342385 9.9973E-005 0.127118 0.0420535 0.00210959 9.9973E-005 9.9973E-005 0.0455954
9.993E-005 9.993E-005 9.993E-005 9.993E-005 9.993E-005 0.999201 9.993E-005 9.993E-005 9.993E-005
0.0634455 0.0491519 9.9982E-005 0.0304832 0.101841 0.000222622 0.00341868 9.9982E-005 0.751237
0.910346 0.0244157 0.00394217 0.0342369 0.0128632 9.99972E-005 0.000976486 0.00608584 0.00703413
0.976959 0.0105393 9.9946E-005 0.0119018 9.9946E-005 9.9946E-005 9.9946E-005 9.9946E-005 9.9946E-005
0.442439 0.221744 0.0369886 0.167328 0.0511452 0.010573 0.00951307 0.0316115 0.0286566
0.155836 0.138753 0.00940974 0.119518 0.28339 0.00390239 9.9991E-005 0.00935413 0.279736
0.958516 0.0093404 9.9955E-005 0.0247096 9.9955E-005 9.9955E-005 9.9955E-005 9.9955E-005 0.00693423
0.940187 0.0142961 9.9964E-005 0.03363 0.00594025 9.9964E-005 9.9964E-005 9.9964E-005 0.00554701
0.973399 9.9964E-005 9.9964E-005 0.0154856 0.00238543 9.9964E-005 9.9964E-005 0.00679391 0.00153658
0.0072466 9.9964E-005 0.00591711 0.00209909 9.9964E-005 0.981335 9.9964E-005 9.9964E-005 0.00300186
0.968339 0.0148539 9.9964E-005 0.00950212 9.9964E-005 0.00105511 9.9964E-005 9.9964E-005 0.00585015
9.9937E-005 9.9937E-005 9.9937E-005 9.9937E-005 0.00183564 0.997465 9.9937E-005 9.9937E-005 9.9937E-005
0.999201 9.993E-005 9.993E-005 9.993E-005 9.993E-005 9.993E-005 9.993E-005 9.993E-005 9.993E-005
9.993E-005 9.993E-005 9.993E-005 9.993E-005 9.993E-005 0.999201 9.993E-005 9.993E-005 9.993E-005
9.993E-005 9.993E-005 9.993E-005 9.993E-005 9.993E-005 9.993E-005 9.993E-005 9.993E-005 0.999201
0.999201 9.993E-005 9.993E-005 9.993E-005 9.993E-005 9.993E-005 9.993E-005 9.993E-005 9.993E-005
9.9973E-005 0.0254486 0.000788859 0.00759323 0.0264975 0.000139895 9.9973E-005 9.9973E-005 0.939232
0.999201 9.993E-005 9.993E-005 9.993E-005 9.993E-005 9.993E-005 9.993E-005 9.993E-005 9.993E-005
0.997127 9.9955E-005 0.000463003 9.9955E-005 9.9955E-005 9.9955E-005 0.000908606 9.9955E-005 0.00100135
0.999201 9.993E-005 9.993E-005 9.993E-005 9.993E-005 9.993E-005 9.993E-005 9.993E-005 9.993E-005
0.999201 9.993E-005 9.993E-005 9.993E-005 9.993E-005 9.993E-005 9.993E-005 9.993E-005 9.993E-005
9.993E-005 9.993E-005 9.993E-005 9.993E-005 9.993E-005 0.999201 9.993E-005 9.993E-005 9.993E-005
9.9946E-005 0.97661 9.9946E-005 0.0105943 0.0121961 9.9946E-005 9.9946E-005 9.9946E-005 9.9946E-005
9.99519E-005 0.973309 9.99519E-005 0.0110131 0.0150787 9.99519E-005 9.99519E-005 9.99519E-005 9.99519E-005
0.0367106 0.924037 0.00118459 0.0246463 0.00439288 9.9973E-005 9.9973E-005 9.9973E-005 0.00872868
9.9946E-005 9.9946E-005 9.9946E-005 0.995429 9.9946E-005 0.00172058 9.9946E-005 9.9946E-005 0.00225026
9.9955E-005 9.9955E-005 9.9955E-005 0.00785591 9.9955E-005 0.982124 0.00510597 9.9955E-005 0.00441423
0.01359 0.0198212 9.9964E-005 0.959365 0.00347824 9.9964E-005 9.9964E-005 9.9964E-005 0.00334541
9.993E-005 9.993E-005 9.993E-005 0.999201 9.993E-005 9.993E-005 9.993E-005 9.993E-005 9.993E-005
0.0189827 0.005906 9.99686E-005 0.97231 0.000774029 9.99686E-005 9.99686E-005 9.99686E-005 0.0016278
9.993E-005 9.993E-005 9.993E-005 0.999201 9.993E-005 9.993E-005 9.993E-005 9.993E-005 9.993E-005
0.00995273 9.9946E-005 9.9946E-005 0.985022 9.9946E-005 9.9946E-005 9.9946E-005 9.9946E-005 0.00442518
9.993E-005 9.993E-005 9.993E-005 9.993E-005 9.993E-005 9.993E-005 9.993E-005 9.993E-005 0.999201
9.993E-005 9.993E-005 9.993E-005 9.993E-005 9.993E-005 9.993E-005 9.993E-005 9.993E-005 0.999201
9.993E-005 9.993E-005 9.993E-005 9.993E-005 9.993E-005 9.993E-005 9.993E-005 9.993E-005 0.999201
9.9955E-005 9.9955E-005 0.00299596 0.000601626 9.9955E-005 9.9955E-005 0.00246293 9.9955E-005 0.99344
0.0073281 0.00332097 9.9973E-005 0.937651 0.00136005 0.0277103 9.9973E-005 9.9973E-005 0.0223299
9.9955E-005 0.0294555 9.9955E-005 0.00159463 0.00173781 9.9955E-005 9.9955E-005 9.9955E-005 0.966712
9.993E-005 9.993E-005 9.993E-005 0.999201 9.993E-005 9.993E-005 9.993E-005 9.993E-005 9.993E-005
0.0165308 0.0114304 9.99476E-005 0.971439 9.99476E-005 9.99476E-005 9.99476E-005 9.99476E-005 9.99476E-005
0.0197632 0.0179176 9.9946E-005 0.96172 9.9946E-005 9.9946E-005 9.9946E-005 9.9946E-005 9.9946E-005
0.00582053 0.0110055 9.9946E-005 0.982574 9.9946E-005 9.9946E-005 9.9946E-005 9.9946E-005 9.9946E-005
0.00777624 0.0247553 9.9946E-005 0.966869 9.9946E-005 9.9946E-005 9.9946E-005 9.9946E-005 9.9946E-005
9.9964E-005 9.9964E-005 0.00238438 0.984459 0.0122235 9.9964E-005 0.000144148 9.9964E-005 0.000388862
0.0184203 0.0128432 0.00085364 0.959793 0.00170585 0.00447173 9.9982E-005 9.9982E-005 0.00171237
0.023976 0.00276976 9.9955E-005 0.971658 9.9955E-005 9.9955E-005 9.9955E-005 9.9955E-005 0.00109691
9.9973E-005 0.0244314 0.000221807 0.955915 0.0131537 9.9973E-005 9.9973E-005 0.000308157 0.00567022
0.00900028 0.0221625 0.000315924 0.955064 9.9973E-005 9.9973E-005 9.9973E-005 0.00347993 0.00967712
9.9955E-005 9.9955E-005 0.00294155 0.984192 0.011233 9.9955E-005 9.9955E-005 9.9955E-005 0.00113407
9.99565E-005 0.00706041 9.99565E-005 0.978286 0.014054 9.99565E-005 9.99565E-005 9.99565E-005 9.99565E-005
0.0183415 0.00759636 9.9955E-005 0.972148 9.9955E-005 9.9955E-005 9.9955E-005 9.9955E-005 0.00141485
0.0126405 0.0220966 0.000564814 0.957202 9.9973E-005 9.9973E-005 9.9973E-005 0.00349735 0.00369898
0.00250267 0.0174959 9.9964E-005 0.970364 0.00393684 9.9964E-005 9.9964E-005 9.9964E-005 0.00530112
0.0019003 0.00149459 0.0104254 0.966955 9.9982E-005 0.000615013 9.9982E-005 0.0106923 0.00771771
9.9946E-005 9.9946E-005 9.9946E-005 9.9946E-005 9.9946E-005 0.0181998 0.0052016 0.975999 9.9946E-005
9.9955E-005 0.00556804 9.9955E-005 9.9955E-005 9.9955E-005 9.9955E-005 0.00668944 0.986835 0.000408126
9.9946E-005 0.00142361 9.9946E-005 0.00501179 9.9946E-005 9.9946E-005 9.9946E-005 0.992965 9.9946E-005
9.9982E-005 0.00553598 0.0050453 0.975949 9.9982E-005 0.00502566 0.00118692 0.00322392 0.00383318
0.136727 0.127036 0.0228244 0.12458 0.281793 0.0133838 0.0173112 0.0195211 0.256824
9.9937E-005 9.9937E-005 0.998078 9.9937E-005 9.9937E-005 9.9937E-005 9.9937E-005 0.00122281 9.9937E-005
9.9982E-005 9.9982E-005 0.993289 0.000435412 0.00120181 0.000528099 0.000128304 0.00196838 0.00224873
9.993E-005 9.993E-005 0.999201 9.993E-005 9.993E-005 9.993E-005 9.993E-005 9.993E-005 9.993E-005
9.9946E-005 9.9946E-005 0.990108 9.9946E-005 9.9946E-005 0.00457796 9.9946E-005 0.0047148 9.9946E-005
0.00109862 9.9946E-005 0.997462 0.00083922 9.9946E-005 9.9946E-005 9.9946E-005 9.9946E-005 9.9946E-005
9.993E-005 9.993E-005 0.999201 9.993E-005 9.993E-005 9.993E-005 9.993E-005 9.993E-005 9.993E-005
9.9937E-005 9.9937E-005 9.9937E-005 9.9937E-005 9.9937E-005 9.9937E-005 0.983112 0.0161887 9.9937E-005
9.99439E-005 0.00123069 0.99807 9.99439E-005 9.99439E-005 9.99439E-005 9.99439E-005 9.99439E-005 9.99439E-005
9.993E-005 9.993E-005 9.993E-005 9.993E-005 9.993E-005 9.993E-005 9.993E-005 0.999201 9.993E-005
9.9955E-005 0.00877135 0.978074 9.9955E-005 0.00547405 9.9955E-005 9.9955E-005 0.007181 9.9955E-005
9.9946E-005 9.9946E-005 0.992525 9.9946E-005 9.9946E-005 0.00114291 9.9946E-005 0.00573256 9.9946E-005
9.993E-005 9.993E-005 0.999201 9.993E-005 9.993E-005 9.993E-005 9.993E-005 9.993E-005 9.993E-005
9.9937E-005 9.9937E-005 0.992839 9.9937E-005 9.9937E-005 0.00646175 9.9937E-005 9.9937E-005 9.9937E-005
0.0224678 0.0246385 9.9973E-005 0.936248 0.0111618 9.9973E-005 0.00102392 9.9973E-005 0.00416054
9.993E-005 9.993E-005 0.999201 9.993E-005 9.993E-005 9.993E-005 9.993E-005 9.993E-005 9.993E-005
9.9937E-005 9.9937E-005 0.00235108 9.9937E-005 9.9937E-005 9.9937E-005 9.9937E-005 0.996949 9.9937E-005
0.00633868 9.9964E-005 0.00158944 0.98674 9.9964E-005 0.00245294 0.00247891 9.9964E-005 9.9964E-005
0.00056413 0.986644 9.99552E-005 0.00513722 0.00715463 9.99552E-005 9.99552E-005 9.99552E-005 9.99552E-005
9.9946E-005 9.9946E-005 0.993431 0.00564192 9.9946E-005 9.9946E-005 0.000327211 9.9946E-005 9.9946E-005
9.993E-005 9.993E-005 9.993E-005 9.993E-005 9.993E-005 0.999201 9.993E-005 9.993E-005 9.993E-005
9.9946E-005 0.00143766 0.00309802 9.9946E-005 9.9946E-005 0.994865 9.9946E-005 9.9946E-005 9.9946E-005
0.00170264 0.996886 9.99612E-005 9.99612E-005 9.99612E-005 0.000552362 9.99612E-005 0.00035943 9.99612E-005
9.9937E-005 9.9937E-005 0.00106821 9.9937E-005 9.9937E-005 0.998232 9.9937E-005 9.9937E-005 9.9937E-005
0.00474172 9.9937E-005 9.9937E-005 0.994559 9.9937E-005 9.9937E-005 9.9937E-005 9.9937E-005 9.9937E-005
0.00542759 0.00926006 9.9955E-005 0.983508 9.9955E-005 9.9955E-005 9.9955E-005 9.9955E-005 0.0013041
0.0430176 0.0170265 9.9982E-005 0.928038 0.00194661 0.00105847 0.00333947 9.9982E-005 0.00537333
9.9955E-005 0.00109999 9.9955E-005 0.991658 0.00592173 9.9955E-005 9.9955E-005 9.9955E-005 0.000820304
0.00737414 0.0126947 9.9964E-005 0.974759 9.9964E-005 9.9964E-005 0.000768321 9.9964E-005 0.00400386
0.00385523 0.0100034 0.00466226 0.966917 0.007739 0.00445976 0.00216384 9.9982E-005 9.9982E-005
9.9946E-005 9.9946E-005 9.9946E-005 0.996603 0.000212315 9.9946E-005 9.9946E-005 9.9946E-005 0.00258524
9.9955E-005 0.996971 9.9955E-005 9.9955E-005 0.00124395 0.00092537 9.9955E-005 0.000360289 9.9955E-005
9.9937E-005 0.996465 9.9937E-005 9.9937E-005 9.9937E-005 9.9937E-005 0.00283525 9.9937E-005 9.9937E-005
9.9937E-005 0.0027101 9.9937E-005 0.99659 9.9937E-005 9.9937E-005 9.9937E-005 9.9937E-005 9.9937E-005
9.9955E-005 9.9955E-005 9.9955E-005 0.00619569 9.9955E-005 0.00636614 0.0150053 0.971933 9.9955E-005
9.9937E-005 9.9937E-005 9.9937E-005 9.9937E-005 9.9937E-005 9.9937E-005 0.988932 0.0103683 9.9937E-005
9.993E-005 9.993E-005 9.993E-005 9.993E-005 9.993E-005 9.993E-005 0.999201 9.993E-005 9.993E-005
0.0340996 0.0396793 0.0503114 0.0850054 0.0218006 0.0214608 0.720916 9.9991E-005 0.0266266
9.9937E-005 9.9937E-005 9.9937E-005 9.9937E-005 9.9937E-005 9.9937E-005 0.972843 0.0264572 9.9937E-005
0.0109295 9.99661E-005 0.00321968 0.00156315 9.99661E-005 0.00772297 9.99661E-005 0.976165 9.99661E-005
9.9955E-005 0.00100283 9.9955E-005 0.00140673 9.9955E-005 0.000349559 9.9955E-005 0.996741 9.9955E-005
9.9937E-005 9.9937E-005 9.9937E-005 9.9937E-005 9.9937E-005 0.00021845 9.9937E-005 0.999082 9.9937E-005
9.9937E-005 9.9937E-005 9.9937E-005 9.9937E-005 9.9937E-005 9.9937E-005 0.985717 0.0135839 9.9937E-005
9.993E-005 0.999201 9.993E-005 9.993E-005 9.993E-005 9.993E-005 9.993E-005 9.993E-005 9.993E-005
9.993E-005 9.993E-005 9.993E-005 9.993E-005 9.993E-005 0.999201 9.993E-005 9.993E-005 9.993E-005
0.0404888 0.570593 0.0690856 0.107119 0.0358855 0.0451104 0.0103769 0.0717375 0.0496033
9.9937E-005 0.994634 9.9937E-005 9.9937E-005 9.9937E-005 9.9937E-005 9.9937E-005 9.9937E-005 0.00466613
9.9946E-005 0.985243 9.9946E-005 0.0119842 9.9946E-005 9.9946E-005 9.9946E-005 9.9946E-005 0.00217335
9.9946E-005 0.00355649 9.9946E-005 9.9946E-005 9.9946E-005 0.991476 0.00436744 9.9946E-005 9.9946E-005
9.993E-005 9.993E-005 0.999201 9.993E-005 9.993E-005 9.993E-005 9.993E-005 9.993E-005 9.993E-005
0.150383 0.137887 9.9973E-005 0.639901 0.0361422 9.9973E-005 9.9973E-005 0.000510123 0.0348762
9.993E-005 0.999201 9.993E-005 9.993E-005 9.993E-005 9.993E-005 9.993E-005 9.993E-005 9.993E-005
9.993E-005 0.999201 9.993E-005 9.993E-005 9.993E-005 9.993E-005 9.993E-005 9.993E-005 9.993E-005
9.993E-005 0.999201 9.993E-005 9.993E-005 9.993E-005 9.993E-005 9.993E-005 9.993E-005 9.993E-005
9.993E-005 0.999201 9.993E-005 9.993E-005 9.993E-005 9.993E-005 9.993E-005 9.993E-005 9.993E-005
9.993E-005 0.999201 9.993E-005 9.993E-005 9.993E-005 9.993E-005 9.993E-005 9.993E-005 9.993E-005
9.993E-005 0.999201 9.993E-005 9.993E-005 9.993E-005 9.993E-005 9.993E-005 9.993E-005 9.993E-005
