9.99774E-005 0.00239538 0.0182043 9.99774E-005 0.0283901 9.99774E-005 0.908977 0.0280035 0.0137296
0.00399311 9.9973E-005 0.0162116 9.9973E-005 0.0120846 9.9973E-005 0.904091 0.0396944 0.023625
9.9973E-005 9.9973E-005 0.0123387 0.00324697 0.0581009 9.9973E-005 0.0030012 0.897515 0.0254976
9.9964E-005 9.9964E-005 0.00826971 9.9964E-005 0.0649822 9.9964E-005 0.000679557 0.892521 0.0331481
9.999E-005 0.00153523 0.00967992 0.00453773 0.0271733 0.00216803 0.00853682 0.917509 0.0287595
9.9946E-005 9.9946E-005 0.00249378 9.9946E-005 0.00423984 9.9946E-005 9.9946E-005 0.992667 9.9946E-005
9.993E-005 9.993E-005 9.993E-005 9.993E-005 9.993E-005 9.993E-005 9.993E-005 0.999201 9.993E-005
9.993E-005 9.993E-005 9.993E-005 9.993E-005 9.993E-005 9.993E-005 9.993E-005 0.999201 9.993E-005
9.9955E-005 9.9955E-005 0.000555681 0.0100476 9.9955E-005 0.985265 0.00363166 9.9955E-005 9.9955E-005
0.000175634 9.9964E-005 9.9964E-005 0.00318656 9.9964E-005 0.00442178 0.00450264 9.9964E-005 0.987314
9.9955E-005 0.000892394 9.9955E-005 0.00467996 9.9955E-005 0.00236441 9.9955E-005 9.9955E-005 0.991563
0.0214544 0.790113 0.0249947 0.0538586 0.000927457 0.095877 0.0122763 0.000399046 9.9991E-005
0.00114616 0.00293145 9.9964E-005 0.00194416 9.9964E-005 9.9964E-005 0.00172262 9.9964E-005 0.991856
9.9946E-005 0.00462372 9.9946E-005 0.00103297 9.9946E-005 9.9946E-005 9.9946E-005 9.9946E-005 0.993744
9.9946E-005 0.00258749 9.9946E-005 0.00237082 9.9946E-005 9.9946E-005 9.9946E-005 9.9946E-005 0.994442
9.9955E-005 0.00327556 9.9955E-005 0.00262752 9.9955E-005 0.00181607 9.9955E-005 9.9955E-005 0.991781
0.03518 0.787687 0.0140632 0.0501182 0.0117804 0.0869229 0.00794 0.00620823 9.9991E-005
9.9964E-005 9.9964E-005 0.000191991 9.9964E-005 0.974175 9.9964E-005 0.00530773 0.0168627 0.00306277
9.993E-005 9.993E-005 9.993E-005 9.993E-005 9.993E-005 9.993E-005 0.999201 9.993E-005 9.993E-005
9.9946E-005 9.9946E-005 9.9946E-005 0.000555151 9.9946E-005 9.9946E-005 0.99305 9.9946E-005 0.00579547
9.9937E-005 9.9937E-005 9.9937E-005 9.9937E-005 0.00493835 9.9937E-005 0.994362 9.9937E-005 9.9937E-005
9.993E-005 9.993E-005 9.993E-005 9.993E-005 9.993E-005 9.993E-005 0.999201 9.993E-005 9.993E-005
9.9937E-005 9.9937E-005 9.9937E-005 9.9937E-005 9.9937E-005 0.000703056 0.998597 9.9937E-005 9.9937E-005
9.993E-005 9.993E-005 9.993E-005 9.993E-005 9.993E-005 9.993E-005 0.999201 9.993E-005 9.993E-005
9.9937E-005 9.9937E-005 9.9937E-005 9.9937E-005 9.9937E-005 9.9937E-005 0.996251 9.9937E-005 0.00304978
9.993E-005 9.993E-005 9.993E-005 9.993E-005 9.993E-005 9.993E-005 0.999201 9.993E-005 9.993E-005
9.993E-005 9.993E-005 9.993E-005 9.993E-005 9.993E-005 9.993E-005 0.999201 9.993E-005 9.993E-005
9.9946E-005 9.9946E-005 9.9946E-005 0.00244898 9.9946E-005 0.00159757 0.995354 9.9946E-005 9.9946E-005
9.9964E-005 9.9964E-005 0.95758 0.000681596 9.9964E-005 9.9964E-005 0.0230118 0.0178051 0.000521363
9.99671E-005 9.99671E-005 0.974213 9.99671E-005 0.00544696 9.99671E-005 0.00470244 0.00899009 0.00624753
9.993E-005 9.993E-005 0.999201 9.993E-005 9.993E-005 9.993E-005 9.993E-005 9.993E-005 9.993E-005
9.993E-005 9.993E-005 0.999201 9.993E-005 9.993E-005 9.993E-005 9.993E-005 9.993E-005 9.993E-005
9.993E-005 9.993E-005 0.999201 9.993E-005 9.993E-005 9.993E-005 9.993E-005 9.993E-005 9.993E-005
9.993E-005 9.993E-005 9.993E-005 9.993E-005 0.999201 9.993E-005 9.993E-005 9.993E-005 9.993E-005
9.993E-005 9.993E-005 9.993E-005 9.993E-005 0.999201 9.993E-005 9.993E-005 9.993E-005 9.993E-005
9.993E-005 9.993E-005 9.993E-005 9.993E-005 0.999201 9.993E-005 9.993E-005 9.993E-005 9.993E-005
9.993E-005 9.993E-005 9.993E-005 9.993E-005 0.999201 9.993E-005 9.993E-005 9.993E-005 9.993E-005
9.993E-005 0.999201 9.993E-005 9.993E-005 9.993E-005 9.993E-005 9.993E-005 9.993E-005 9.993E-005
9.993E-005 9.993E-005 0.999201 9.993E-005 9.993E-005 9.993E-005 9.993E-005 9.993E-005 9.993E-005
0.000563268 0.00386365 0.990556 9.9955E-005 0.00451724 9.9955E-005 9.9955E-005 9.9955E-005 9.9955E-005
9.993E-005 9.993E-005 0.999201 9.993E-005 9.993E-005 9.993E-005 9.993E-005 9.993E-005 9.993E-005
9.9946E-005 9.9946E-005 0.999061 0.000120249 9.9946E-005 0.000219124 9.9946E-005 9.9946E-005 9.9946E-005
9.9955E-005 0.000558176 9.9955E-005 0.00486963 9.9955E-005 0.989845 0.0042271 9.9955E-005 9.9955E-005
0.0612128 0.00967394 0.00488807 0.00234155 9.9973E-005 0.918638 9.9973E-005 0.00294602 9.9973E-005
9.9946E-005 9.9946E-005 9.9946E-005 0.00111061 9.9946E-005 0.996104 0.00218573 9.9946E-005 9.9946E-005
0.00625038 9.9964E-005 9.9964E-005 9.9964E-005 0.000534636 0.986227 0.00626046 0.000327168 9.9964E-005
9.9946E-005 0.00388824 9.9946E-005 9.9946E-005 9.9946E-005 0.991924 9.9946E-005 9.9946E-005 0.00358816
0.00542489 9.9946E-005 9.9946E-005 9.9946E-005 9.9946E-005 0.993757 9.9946E-005 0.000218515 9.9946E-005
9.9946E-005 0.00124409 9.9946E-005 0.00265242 9.9946E-005 0.995504 9.9946E-005 9.9946E-005 9.9946E-005
0.0145037 0.00676 9.9946E-005 9.9946E-005 9.9946E-005 0.978137 9.9946E-005 9.9946E-005 9.9946E-005
0.00516858 9.99525E-005 9.99525E-005 9.99525E-005 9.99525E-005 9.99525E-005 9.99525E-005 0.0159791 0.978253
9.9964E-005 9.9964E-005 0.00346237 0.00117401 9.9964E-005 9.9964E-005 0.00824832 0.0133152 0.9734
9.9964E-005 9.9964E-005 0.0037413 9.9964E-005 0.0122554 9.9964E-005 0.000940936 0.014138 0.968525
9.9964E-005 0.00138309 0.00130635 0.00107251 0.00680406 9.9964E-005 9.9964E-005 9.9964E-005 0.989034
9.9964E-005 0.00330876 9.9964E-005 0.00413442 9.9964E-005 0.00479364 0.00662434 9.9964E-005 0.980739
9.9937E-005 9.9937E-005 9.9937E-005 9.9937E-005 0.0115404 9.9937E-005 9.9937E-005 9.9937E-005 0.98776
9.993E-005 9.993E-005 9.993E-005 0.999201 9.993E-005 9.993E-005 9.993E-005 9.993E-005 9.993E-005
9.993E-005 9.993E-005 9.993E-005 9.993E-005 9.993E-005 0.999201 9.993E-005 9.993E-005 9.993E-005
0.0016338 0.0028631 9.9964E-005 0.992161 9.9964E-005 0.000119886 9.9964E-005 9.9964E-005 0.00282186
9.993E-005 9.993E-005 9.993E-005 9.993E-005 9.993E-005 0.999201 9.993E-005 9.993E-005 9.993E-005
9.993E-005 9.993E-005 9.993E-005 9.993E-005 9.993E-005 0.999201 9.993E-005 9.993E-005 9.993E-005
9.9982E-005 9.9982E-005 0.0192609 0.00185848 0.0354065 0.00126705 0.0126247 0.911649 0.0177334
9.9937E-005 9.9937E-005 0.00103172 9.9937E-005 9.9937E-005 9.9937E-005 9.9937E-005 0.998269 9.9937E-005
9.993E-005 9.993E-005 9.993E-005 9.993E-005 9.993E-005 9.993E-005 9.993E-005 0.999201 9.993E-005
9.9982E-005 9.9982E-005 0.0026667 0.00307555 0.017618 0.00261232 0.00628684 0.928077 0.0394639
9.99813E-005 0.00313777 0.0135197 0.000757699 0.0194249 9.99813E-005 9.99813E-005 0.937738 0.0251222
9.9955E-005 0.000196585 9.9955E-005 9.9955E-005 9.9955E-005 9.9955E-005 0.000421945 0.991798 0.00708342
0.00101905 9.9955E-005 0.000688007 9.9955E-005 0.000337548 0.997456 9.9955E-005 9.9955E-005 9.9955E-005
0.046307 9.9964E-005 0.00218311 0.0113449 9.9964E-005 0.933173 0.006592 9.9964E-005 9.9964E-005
0.002242 9.9937E-005 9.9937E-005 9.9937E-005 9.9937E-005 0.997058 9.9937E-005 9.9937E-005 9.9937E-005
9.9937E-005 9.9937E-005 9.9937E-005 9.9937E-005 9.9937E-005 0.996351 0.00294982 9.9937E-005 9.9937E-005
9.9946E-005 9.9946E-005 9.9946E-005 0.00329682 9.9946E-005 0.993653 0.00245018 9.9946E-005 9.9946E-005
0.00623617 0.00156157 9.9946E-005 9.9946E-005 9.9946E-005 0.991603 9.9946E-005 9.9946E-005 9.9946E-005
0.0700601 0.00669732 9.9946E-005 9.9946E-005 9.9946E-005 0.922643 9.9946E-005 9.9946E-005 9.9946E-005
0.0659267 0.0169943 9.9973E-005 0.00136337 0.00231884 0.91017 9.9973E-005 9.9973E-005 0.00292665
0.0693824 0.0147026 0.00145651 0.00261263 9.9982E-005 0.907636 0.00386728 9.9982E-005 0.000142409
9.9937E-005 9.9937E-005 9.9937E-005 9.9937E-005 9.9937E-005 0.995884 0.0034164 9.9937E-005 9.9937E-005
0.0690137 0.0200742 9.9946E-005 9.9946E-005 9.9946E-005 0.910312 9.9946E-005 9.9946E-005 9.9946E-005
0.0918648 0.0157177 9.99529E-005 9.99529E-005 9.99529E-005 0.891818 9.99529E-005 9.99529E-005 9.99529E-005
0.055413 0.00615422 0.00300737 0.0112762 9.9964E-005 0.923749 9.9964E-005 9.9964E-005 9.9964E-005
0.058835 0.00892409 9.9955E-005 0.000285877 9.9955E-005 0.931455 9.9955E-005 9.9955E-005 9.9955E-005
9.9973E-005 0.00143046 0.00815335 9.9973E-005 0.0505744 9.9973E-005 0.00955494 0.901296 0.0286904
9.9955E-005 9.9955E-005 9.9955E-005 9.9955E-005 0.915944 9.9955E-005 0.00807419 0.0454299 0.0300524
0.000805716 0.000192089 9.9955E-005 9.9955E-005 0.998196 9.9955E-005 9.9955E-005 0.00030625 9.9955E-005
0.00188953 0.997411 9.9937E-005 9.9937E-005 9.9937E-005 9.9937E-005 9.9937E-005 9.9937E-005 9.9937E-005
9.993E-005 0.999201 9.993E-005 9.993E-005 9.993E-005 9.993E-005 9.993E-005 9.993E-005 9.993E-005
0.00132126 9.9955E-005 9.9955E-005 9.9955E-005 0.977974 0.000339008 9.9955E-005 9.9955E-005 0.0198658
9.9991E-005 0.00122675 0.0447788 0.00445368 0.446085 0.00615824 0.0457021 0.322796 0.128699
0.00269055 0.0298872 0.0554408 0.077481 0.330692 0.0665884 0.0629819 0.228491 0.145747
0.00387904 9.9982E-005 0.735786 0.00471082 0.0547091 9.9982E-005 0.107481 0.0765442 0.0166897
0.00249745 9.9982E-005 0.728497 0.0023171 0.0726913 9.9982E-005 0.104097 0.0702157 0.0194842
9.993E-005 0.999201 9.993E-005 9.993E-005 9.993E-005 9.993E-005 9.993E-005 9.993E-005 9.993E-005
9.993E-005 0.999201 9.993E-005 9.993E-005 9.993E-005 9.993E-005 9.993E-005 9.993E-005 9.993E-005
0.00371413 9.9982E-005 0.737449 0.00195273 0.0638826 9.9982E-005 0.106705 0.0579431 0.0281529
9.9982E-005 0.000980927 0.0416137 0.00030812 0.449826 9.9982E-005 0.0399774 0.331912 0.135182
9.993E-005 0.999201 9.993E-005 9.993E-005 9.993E-005 9.993E-005 9.993E-005 9.993E-005 9.993E-005
0.00562996 9.9991E-005 0.74449 0.000512374 0.0552065 0.000800725 0.10199 0.0636239 0.0276468
0.00179751 9.9991E-005 0.00683722 0.00190727 0.919992 0.00525621 0.00446514 0.0138296 0.0458147
9.9946E-005 9.9946E-005 9.9946E-005 9.9946E-005 0.988053 9.9946E-005 9.9946E-005 0.00673501 0.00461268
9.9991E-005 0.0182862 0.0345414 0.0375767 0.436146 0.0354566 0.0556573 0.252363 0.129873
0.00188681 0.00110497 0.271443 0.00580398 0.162188 0.0140638 0.284092 0.148296 0.111121
9.9964E-005 0.0053698 9.9964E-005 0.000211757 0.971389 9.9964E-005 9.9964E-005 0.0108837 0.0117458
0.0004574 9.9973E-005 0.00571338 9.9973E-005 0.956414 9.9973E-005 0.00637688 0.0044999 0.0262387
9.9955E-005 0.00120278 0.00920479 9.9955E-005 0.977336 9.9955E-005 9.9955E-005 9.9955E-005 0.0117564
9.9946E-005 0.990488 9.9946E-005 0.0065466 9.9946E-005 9.9946E-005 0.00236529 9.9946E-005 9.9946E-005
9.9955E-005 9.9955E-005 0.0101242 9.9955E-005 0.957952 9.9955E-005 9.9955E-005 0.0223003 0.00912397
0.000541489 0.998759 9.9937E-005 9.9937E-005 9.9937E-005 9.9937E-005 9.9937E-005 9.9937E-005 9.9937E-005
9.993E-005 9.993E-005 9.993E-005 9.993E-005 0.999201 9.993E-005 9.993E-005 9.993E-005 9.993E-005
9.993E-005 0.999201 9.993E-005 9.993E-005 9.993E-005 9.993E-005 9.993E-005 9.993E-005 9.993E-005
9.9946E-005 0.00102093 0.997525 9.9946E-005 9.9946E-005 0.000854828 9.9946E-005 9.9946E-005 9.9946E-005
9.993E-005 9.993E-005 9.993E-005 9.993E-005 0.999201 9.993E-005 9.993E-005 9.993E-005 9.993E-005
9.9955E-005 9.9955E-005 0.937938 9.9955E-005 9.9955E-005 9.9955E-005 0.0265111 0.0187869 0.0162639
9.9937E-005 9.9937E-005 9.9937E-005 0.00267634 0.996624 9.9937E-005 9.9937E-005 9.9937E-005 9.9937E-005
9.9937E-005 9.9937E-005 9.9937E-005 9.9937E-005 0.998814 9.9937E-005 0.000486433 9.9937E-005 9.9937E-005
9.993E-005 9.993E-005 9.993E-005 9.993E-005 0.999201 9.993E-005 9.993E-005 9.993E-005 9.993E-005
9.993E-005 9.993E-005 9.993E-005 9.993E-005 0.999201 9.993E-005 9.993E-005 9.993E-005 9.993E-005
9.993E-005 0.999201 9.993E-005 9.993E-005 9.993E-005 9.993E-005 9.993E-005 9.993E-005 9.993E-005
9.9955E-005 9.9955E-005 9.9955E-005 0.000273431 9.9955E-005 9.9955E-005 0.0128392 0.970096 0.0162921
9.9946E-005 9.9946E-005 9.9946E-005 9.9946E-005 9.9946E-005 9.9946E-005 0.0104652 0.975247 0.0136881
9.9982E-005 0.00164045 0.0159786 0.000481275 0.0258713 9.9982E-005 0.00426837 0.929636 0.0219243
9.9946E-005 0.00461462 9.9946E-005 9.9946E-005 9.9946E-005 9.9946E-005 9.9946E-005 0.00512076 0.989665
0.0128755 0.971121 9.9955E-005 0.00207991 0.0134242 9.9955E-005 9.9955E-005 9.9955E-005 9.9955E-005
9.9955E-005 9.9955E-005 0.00640159 9.9955E-005 0.0142248 9.9955E-005 9.9955E-005 0.0126895 0.966184
9.993E-005 9.993E-005 9.993E-005 9.993E-005 9.993E-005 9.993E-005 9.993E-005 9.993E-005 0.999201
9.9973E-005 9.9973E-005 0.00244057 9.9973E-005 0.0220674 0.0011749 0.0047975 0.000997241 0.968222
9.993E-005 9.993E-005 9.993E-005 9.993E-005 9.993E-005 9.993E-005 9.993E-005 9.993E-005 0.999201
9.993E-005 9.993E-005 9.993E-005 9.993E-005 9.993E-005 9.993E-005 9.993E-005 9.993E-005 0.999201
9.993E-005 9.993E-005 0.999201 9.993E-005 9.993E-005 9.993E-005 9.993E-005 9.993E-005 9.993E-005
9.993E-005 9.993E-005 0.999201 9.993E-005 9.993E-005 9.993E-005 9.993E-005 9.993E-005 9.993E-005
9.993E-005 9.993E-005 0.999201 9.993E-005 9.993E-005 9.993E-005 9.993E-005 9.993E-005 9.993E-005
9.9937E-005 9.9937E-005 0.997658 0.0016428 9.9937E-005 9.9937E-005 9.9937E-005 9.9937E-005 9.9937E-005
9.9973E-005 0.0275965 0.0149497 9.9973E-005 0.0152992 9.9973E-005 0.00299808 0.00137437 0.937482
9.9955E-005 9.9955E-005 0.971267 9.9955E-005 0.0098214 9.9955E-005 9.9955E-005 0.0165181 0.00189361
9.993E-005 9.993E-005 9.993E-005 9.993E-005 9.993E-005 9.993E-005 9.993E-005 9.993E-005 0.999201
9.9964E-005 9.9964E-005 0.00191157 9.9964E-005 0.0117844 9.9964E-005 0.000620711 0.0198352 0.965448
9.9955E-005 9.9955E-005 0.000829871 9.9955E-005 0.0136685 9.9955E-005 9.9955E-005 0.0105211 0.974481
9.9955E-005 9.9955E-005 0.00281017 9.9955E-005 0.0118071 9.9955E-005 9.9955E-005 0.00528471 0.979598
9.9955E-005 0.000496149 9.9955E-005 9.9955E-005 0.00137274 9.9955E-005 9.9955E-005 0.0242201 0.973411
0.000167631 9.9973E-005 0.00422234 0.000882545 9.9973E-005 0.00176657 0.00835666 9.9973E-005 0.984304
9.9955E-005 0.000461057 0.00131806 9.9955E-005 0.0157785 9.9955E-005 9.9955E-005 9.9955E-005 0.981943
9.9946E-005 9.9946E-005 9.9946E-005 9.9946E-005 0.0180359 9.9946E-005 9.9946E-005 0.0154534 0.965911
0.000534633 9.9973E-005 0.00565173 0.000754403 9.9973E-005 9.9973E-005 0.00660085 0.0274386 0.95872
0.0032869 0.00109971 9.9973E-005 9.9973E-005 0.00988979 9.9973E-005 0.000933911 0.0193721 0.965118
0.000947018 9.9955E-005 0.00851419 9.9955E-005 9.9955E-005 9.9955E-005 0.00645841 9.9955E-005 0.983581
9.9937E-005 9.9937E-005 9.9937E-005 9.9937E-005 9.9937E-005 9.9937E-005 0.00758043 9.9937E-005 0.99172
9.9955E-005 9.9955E-005 0.00413822 9.9955E-005 0.012448 9.9955E-005 9.9955E-005 0.00833418 0.97458
0.00269204 9.9955E-005 9.9955E-005 0.00102706 9.9955E-005 9.9955E-005 9.9955E-005 0.0371548 0.958626
9.9964E-005 9.9964E-005 0.00456459 9.9964E-005 0.00552073 9.9964E-005 0.00310674 0.000268913 0.986139
0.0103615 0.00265675 0.00225378 0.0126375 0.0113235 9.9991E-005 0.00192409 0.00867625 0.950067
0.0185299 0.00989829 9.9964E-005 9.9964E-005 0.000278551 0.970378 9.9964E-005 0.000515294 9.9964E-005
0.0174099 9.9946E-005 9.9946E-005 9.9946E-005 9.9946E-005 0.978386 9.9946E-005 9.9946E-005 0.00360444
9.9946E-005 9.9946E-005 9.9946E-005 9.9946E-005 9.9946E-005 0.996226 9.9946E-005 0.00162541 0.00154887
9.9982E-005 0.00280817 0.00291811 0.00742187 0.0112717 0.0055905 0.00240808 9.9982E-005 0.967382
0.0140626 0.0127229 0.25777 0.0240389 0.121469 0.0185782 0.291984 0.134142 0.125232
9.9955E-005 9.9955E-005 0.00161818 0.997422 9.9955E-005 9.9955E-005 0.000292326 9.9955E-005 0.00016755
9.9946E-005 0.000278729 0.00124234 0.997879 9.9946E-005 9.9946E-005 9.9946E-005 9.9946E-005 9.9946E-005
9.993E-005 9.993E-005 9.993E-005 0.999201 9.993E-005 9.993E-005 9.993E-005 9.993E-005 9.993E-005
0.00718602 0.00289211 9.9946E-005 0.989322 9.9946E-005 9.9946E-005 9.9946E-005 9.9946E-005 9.9946E-005
9.993E-005 9.993E-005 9.993E-005 0.999201 9.993E-005 9.993E-005 9.993E-005 9.993E-005 9.993E-005
9.993E-005 9.993E-005 9.993E-005 0.999201 9.993E-005 9.993E-005 9.993E-005 9.993E-005 9.993E-005
0.973029 9.9937E-005 9.9937E-005 9.9937E-005 9.9937E-005 0.0262715 9.9937E-005 9.9937E-005 9.9937E-005
9.9937E-005 9.9937E-005 9.9937E-005 0.997337 9.9937E-005 9.9937E-005 0.00196342 9.9937E-005 9.9937E-005
9.9937E-005 9.9937E-005 9.9937E-005 9.9937E-005 9.9937E-005 0.998996 9.9937E-005 9.9937E-005 0.000304509
0.00103771 0.00105295 9.9973E-005 0.978459 9.9973E-005 0.00459542 0.000146332 0.0144089 9.9973E-005
0.00265253 0.00402651 9.9955E-005 0.991602 9.9955E-005 0.00121923 9.9955E-005 9.9955E-005 9.9955E-005
9.993E-005 9.993E-005 9.993E-005 0.999201 9.993E-005 9.993E-005 9.993E-005 9.993E-005 9.993E-005
9.9937E-005 9.9937E-005 9.9937E-005 0.995652 0.0036482 9.9937E-005 9.9937E-005 9.9937E-005 9.9937E-005
9.9964E-005 9.9964E-005 0.00912639 9.9964E-005 9.9964E-005 0.000159963 0.0112304 0.0220755 0.957008
9.993E-005 9.993E-005 9.993E-005 0.999201 9.993E-005 9.993E-005 9.993E-005 9.993E-005 9.993E-005
9.9946E-005 9.9946E-005 9.9946E-005 0.00352353 9.9946E-005 0.993458 9.9946E-005 9.9946E-005 0.00241846
9.9964E-005 0.000319985 9.9964E-005 9.9964E-005 0.0125209 0.0065524 9.9964E-005 0.00328737 0.976919
0.000413021 9.9964E-005 0.00118295 9.9964E-005 9.9964E-005 9.9964E-005 0.00121201 0.983165 0.0136267
9.9946E-005 9.9946E-005 9.9946E-005 0.99124 9.9946E-005 0.00528075 9.9946E-005 9.9946E-005 0.00287992
9.993E-005 0.999201 9.993E-005 9.993E-005 9.993E-005 9.993E-005 9.993E-005 9.993E-005 9.993E-005
9.9955E-005 0.994473 9.9955E-005 0.000764102 9.9955E-005 9.9955E-005 9.9955E-005 0.00285952 0.00140354
9.993E-005 9.993E-005 9.993E-005 9.993E-005 9.993E-005 9.993E-005 9.993E-005 0.999201 9.993E-005
9.993E-005 0.999201 9.993E-005 9.993E-005 9.993E-005 9.993E-005 9.993E-005 9.993E-005 9.993E-005
9.9955E-005 0.000254793 0.000151754 9.9955E-005 0.0178404 9.9955E-005 9.9955E-005 9.9955E-005 0.981253
9.9946E-005 9.9946E-005 0.00510989 9.9946E-005 0.017707 9.9946E-005 9.9946E-005 9.9946E-005 0.976583
0.000837667 0.00250672 0.00435918 9.9991E-005 0.0334793 0.00379413 0.00145061 0.01848 0.934992
9.99604E-005 9.99604E-005 0.00125978 9.99604E-005 0.00811325 9.99604E-005 0.000919823 9.99604E-005 0.989207
0.00138213 9.9973E-005 0.00356271 9.9973E-005 0.0112934 0.00022473 9.9973E-005 0.0315123 0.951725
0.00540088 0.00265678 9.9973E-005 0.00497049 0.00238441 9.9973E-005 9.9973E-005 0.005418 0.97887
9.9946E-005 9.9946E-005 0.00360479 9.9946E-005 9.9946E-005 9.9946E-005 0.0030941 9.9946E-005 0.992701
9.993E-005 9.993E-005 9.993E-005 9.993E-005 9.993E-005 9.993E-005 9.993E-005 0.999201 9.993E-005
0.00272558 9.9937E-005 9.9937E-005 9.9937E-005 9.9937E-005 9.9937E-005 9.9937E-005 0.996575 9.9937E-005
9.9937E-005 9.9937E-005 9.9937E-005 9.9937E-005 9.9937E-005 9.9937E-005 9.9937E-005 0.00346889 0.995832
0.0184558 0.00481874 9.9955E-005 9.9955E-005 9.9955E-005 0.973673 9.9955E-005 0.00255235 9.9955E-005
0.998958 9.9937E-005 9.9937E-005 9.9937E-005 9.9937E-005 0.000342038 9.9937E-005 9.9937E-005 9.9937E-005
0.999201 9.993E-005 9.993E-005 9.993E-005 9.993E-005 9.993E-005 9.993E-005 9.993E-005 9.993E-005
0.740309 0.00160693 0.0360074 0.0518038 0.00429523 9.9991E-005 0.0127598 0.0649282 0.0881891
0.954453 9.9937E-005 9.9937E-005 9.9937E-005 9.9937E-005 0.0448471 9.9937E-005 9.9937E-005 9.9937E-005
9.9964E-005 0.00349995 9.9964E-005 0.00132014 9.9964E-005 0.983479 9.9964E-005 0.00350045 0.00780038
9.9937E-005 9.9937E-005 9.9937E-005 9.9937E-005 9.9937E-005 0.997851 9.9937E-005 0.00144982 9.9937E-005
9.993E-005 9.993E-005 9.993E-005 9.993E-005 9.993E-005 0.999201 9.993E-005 9.993E-005 9.993E-005
0.970387 9.9937E-005 9.9937E-005 9.9937E-005 9.9937E-005 0.0289136 9.9937E-005 9.9937E-005 9.9937E-005
9.993E-005 9.993E-005 9.993E-005 9.993E-005 9.993E-005 9.993E-005 9.993E-005 0.999201 9.993E-005
9.993E-005 0.999201 9.993E-005 9.993E-005 9.993E-005 9.993E-005 9.993E-005 9.993E-005 9.993E-005
0.015599 0.0418156 0.042481 0.0872157 0.0524369 0.0610612 0.0473041 0.542983 0.109104
0.00117846 9.9946E-005 9.9946E-005 9.9946E-005 9.9946E-005 9.9946E-005 9.9946E-005 0.987351 0.0108706
9.9964E-005 9.9964E-005 0.010896 9.9964E-005 0.00254007 0.00033795 9.9964E-005 0.972293 0.0135331
0.00385424 0.99513 9.9946E-005 9.9946E-005 9.9946E-005 9.9946E-005 9.9946E-005 9.9946E-005 0.000415969
9.9946E-005 9.9946E-005 9.9946E-005 0.997007 9.9946E-005 9.9946E-005 9.9946E-005 0.00187924 0.000513802
9.9973E-005 9.9973E-005 0.0312766 9.9973E-005 0.143451 0.002365 0.0366467 0.143141 0.642819
9.993E-005 9.993E-005 9.993E-005 9.993E-005 9.993E-005 9.993E-005 9.993E-005 0.999201 9.993E-005
9.993E-005 9.993E-005 9.993E-005 9.993E-005 9.993E-005 9.993E-005 9.993E-005 0.999201 9.993E-005
9.993E-005 9.993E-005 9.993E-005 9.993E-005 9.993E-005 9.993E-005 9.993E-005 0.999201 9.993E-005
0.000463408 0.000229608 9.9955E-005 0.00276085 9.9955E-005 9.9955E-005 9.9955E-005 0.996046 9.9955E-005
9.993E-005 9.993E-005 9.993E-005 9.993E-005 9.993E-005 9.993E-005 9.993E-005 0.999201 9.993E-005
9.993E-005 9.993E-005 9.993E-005 9.993E-005 9.993E-005 9.993E-005 9.993E-005 0.999201 9.993E-005
