0.0361231 0.00274145 0.0148334 9.9964E-005 9.9964E-005 9.9964E-005 0.899508 9.9964E-005 0.0261411 0.0131763 0.00707685
0.0339442 9.9973E-005 0.0221221 0.00091712 9.9973E-005 9.9973E-005 0.890697 0.0015839 0.0175916 0.0158584 0.0169859
0.879439 9.99785E-005 0.0291507 9.99785E-005 9.99785E-005 0.00495395 0.0027769 0.000599357 0.0165222 0.0643107 0.00194693
0.891081 9.9957E-005 0.0253155 0.0022779 9.9957E-005 9.9957E-005 0.00519674 9.9957E-005 0.0167844 0.0588442 9.9957E-005
0.936944 0.0032666 0.0238764 9.9946E-005 9.9946E-005 9.9946E-005 9.9946E-005 9.9946E-005 9.9946E-005 0.0224068 0.0129068
0.999001 9.99101E-005 9.99101E-005 9.99101E-005 9.99101E-005 9.99101E-005 9.99101E-005 9.99101E-005 9.99101E-005 9.99101E-005 9.99101E-005
0.999001 9.99101E-005 9.99101E-005 9.99101E-005 9.99101E-005 9.99101E-005 9.99101E-005 9.99101E-005 9.99101E-005 9.99101E-005 9.99101E-005
0.999001 9.99101E-005 9.99101E-005 9.99101E-005 9.99101E-005 9.99101E-005 9.99101E-005 9.99101E-005 9.99101E-005 9.99101E-005 9.99101E-005
9.9943E-005 9.9943E-005 9.9943E-005 0.011926 9.9943E-005 0.978845 9.9943E-005 0.00547565 0.00305365 9.9943E-005 9.9943E-005
9.99306E-005 9.99306E-005 0.992873 0.00251132 9.99306E-005 9.99306E-005 9.99306E-005 0.00381575 9.99306E-005 9.99306E-005 9.99306E-005
9.9928E-005 0.00139815 0.996691 9.9928E-005 9.9928E-005 9.9928E-005 9.9928E-005 0.00111168 9.9928E-005 9.9928E-005 9.9928E-005
9.9919E-005 0.00390324 9.9919E-005 0.995197 9.9919E-005 9.9919E-005 9.9919E-005 9.9919E-005 9.9919E-005 9.9919E-005 9.9919E-005
9.99191E-005 0.00423785 0.994863 9.99191E-005 9.99191E-005 9.99191E-005 9.99191E-005 9.99191E-005 9.99191E-005 9.99191E-005 9.99191E-005
9.9928E-005 0.00203752 0.994284 9.9928E-005 9.9928E-005 9.9928E-005 9.9928E-005 0.00287919 9.9928E-005 9.9928E-005 9.9928E-005
9.9937E-005 0.00123277 0.992432 9.9937E-005 9.9937E-005 0.00387759 9.9937E-005 0.00175804 9.9937E-005 9.9937E-005 9.9937E-005
9.9937E-005 9.9937E-005 0.994038 0.00124499 9.9937E-005 0.0022486 9.9937E-005 0.00176904 9.9937E-005 9.9937E-005 9.9937E-005
9.9928E-005 9.9928E-005 0.000176708 0.997307 0.0017167 9.9928E-005 9.9928E-005 9.9928E-005 9.9928E-005 9.9928E-005 9.9928E-005
0.0157406 9.9937E-005 0.00802776 9.9937E-005 9.9937E-005 9.9937E-005 0.00290935 9.9937E-005 9.9937E-005 0.972623 9.9937E-005
9.99101E-005 9.99101E-005 9.99101E-005 9.99101E-005 9.99101E-005 9.99101E-005 0.999001 9.99101E-005 9.99101E-005 9.99101E-005 9.99101E-005
9.9928E-005 0.00313581 9.9928E-005 9.9928E-005 9.9928E-005 9.9928E-005 0.995479 0.000585661 9.9928E-005 9.9928E-005 9.9928E-005
9.99101E-005 9.99101E-005 9.99101E-005 9.99101E-005 9.99101E-005 9.99101E-005 0.999001 9.99101E-005 9.99101E-005 9.99101E-005 9.99101E-005
9.99101E-005 9.99101E-005 9.99101E-005 9.99101E-005 9.99101E-005 9.99101E-005 0.999001 9.99101E-005 9.99101E-005 9.99101E-005 9.99101E-005
9.9919E-005 9.9919E-005 9.9919E-005 9.9919E-005 0.000554183 9.9919E-005 0.998547 9.9919E-005 9.9919E-005 9.9919E-005 9.9919E-005
9.99101E-005 9.99101E-005 9.99101E-005 9.99101E-005 9.99101E-005 9.99101E-005 0.999001 9.99101E-005 9.99101E-005 9.99101E-005 9.99101E-005
9.9928E-005 9.9928E-005 0.00116945 9.9928E-005 9.9928E-005 9.9928E-005 0.995653 9.9928E-005 0.00237848 9.9928E-005 9.9928E-005
9.9919E-005 9.9919E-005 0.0025224 9.9919E-005 9.9919E-005 9.9919E-005 0.996578 9.9919E-005 9.9919E-005 9.9919E-005 9.9919E-005
9.9919E-005 9.9919E-005 9.9919E-005 9.9919E-005 9.9919E-005 9.9919E-005 0.994867 9.9919E-005 9.9919E-005 0.00423347 9.9919E-005
9.9937E-005 0.00156528 9.9937E-005 0.00161064 9.9937E-005 9.9937E-005 0.99476 0.00136447 9.9937E-005 9.9937E-005 9.9937E-005
9.9937E-005 9.9937E-005 0.00416374 9.9937E-005 9.9937E-005 9.9937E-005 0.0286121 9.9937E-005 0.0810916 9.9937E-005 0.885433
0.0233477 9.9955E-005 9.9955E-005 0.000446953 0.000117785 9.9955E-005 0.00397861 9.9955E-005 0.0737355 9.9955E-005 0.897874
9.99101E-005 9.99101E-005 9.99101E-005 9.99101E-005 9.99101E-005 9.99101E-005 9.99101E-005 9.99101E-005 9.99101E-005 9.99101E-005 0.999001
9.99191E-005 9.99191E-005 9.99191E-005 9.99191E-005 9.99191E-005 9.99191E-005 9.99191E-005 0.00137862 9.99191E-005 9.99191E-005 0.997722
9.99101E-005 9.99101E-005 9.99101E-005 9.99101E-005 9.99101E-005 9.99101E-005 9.99101E-005 9.99101E-005 9.99101E-005 9.99101E-005 0.999001
9.99101E-005 9.99101E-005 9.99101E-005 9.99101E-005 9.99101E-005 9.99101E-005 9.99101E-005 9.99101E-005 9.99101E-005 0.999001 9.99101E-005
9.99101E-005 9.99101E-005 9.99101E-005 9.99101E-005 9.99101E-005 9.99101E-005 9.99101E-005 9.99101E-005 9.99101E-005 0.999001 9.99101E-005
9.99101E-005 9.99101E-005 9.99101E-005 9.99101E-005 9.99101E-005 9.99101E-005 9.99101E-005 9.99101E-005 9.99101E-005 0.999001 9.99101E-005
9.99101E-005 9.99101E-005 9.99101E-005 9.99101E-005 9.99101E-005 9.99101E-005 9.99101E-005 9.99101E-005 9.99101E-005 0.999001 9.99101E-005
9.9919E-005 0.985271 9.9919E-005 0.0138297 9.9919E-005 9.9919E-005 9.9919E-005 9.9919E-005 9.9919E-005 9.9919E-005 9.9919E-005
9.99281E-005 9.99281E-005 0.00218829 9.99281E-005 9.99281E-005 9.99281E-005 9.99281E-005 0.000245244 9.99281E-005 9.99281E-005 0.996767
9.9946E-005 9.9946E-005 0.00105564 9.9946E-005 9.9946E-005 0.0020866 9.9946E-005 0.0005885 9.9946E-005 0.00181451 0.993855
9.99191E-005 9.99191E-005 0.0043447 9.99191E-005 9.99191E-005 9.99191E-005 9.99191E-005 9.99191E-005 9.99191E-005 9.99191E-005 0.994756
9.9928E-005 9.9928E-005 9.9928E-005 9.9928E-005 0.00121208 9.9928E-005 0.00110213 9.9928E-005 9.9928E-005 9.9928E-005 0.996886
9.9937E-005 9.9937E-005 9.9937E-005 0.0119415 9.9937E-005 0.984635 0.000167242 0.00255702 9.9937E-005 9.9937E-005 9.9937E-005
9.9982E-005 0.0159958 0.00102316 0.0004309 0.0582392 0.918418 0.000692728 0.0003837 0.000555741 0.00406114 9.9982E-005
9.9937E-005 9.9937E-005 9.9937E-005 0.00349702 9.9937E-005 0.987521 0.00662985 0.00165225 9.9937E-005 9.9937E-005 9.9937E-005
9.9928E-005 9.9928E-005 9.9928E-005 9.9928E-005 0.00497544 0.986419 9.9928E-005 9.9928E-005 9.9928E-005 0.00780595 9.9928E-005
9.9946E-005 0.00271767 0.00719816 9.9946E-005 9.9946E-005 0.984084 9.9946E-005 0.000498816 0.00490179 9.9946E-005 9.9946E-005
0.00513727 9.9928E-005 9.9928E-005 9.9928E-005 0.00574451 0.988319 9.9928E-005 9.9928E-005 9.9928E-005 9.9928E-005 9.9928E-005
9.9937E-005 0.00307375 9.9937E-005 0.00229037 9.9937E-005 0.990707 9.9937E-005 0.00322898 9.9937E-005 9.9937E-005 9.9937E-005
9.9946E-005 0.00951971 9.9946E-005 9.9946E-005 0.00539123 0.981545 0.00064358 9.9946E-005 9.9946E-005 9.9946E-005 0.00230124
0.0145479 0.000156745 0.984496 9.99315E-005 9.99315E-005 9.99315E-005 9.99315E-005 9.99315E-005 9.99315E-005 9.99315E-005 9.99315E-005
0.0110735 9.9964E-005 0.965672 0.00160926 9.9964E-005 0.00305622 0.00534699 9.9964E-005 0.0068523 0.00599003 9.9964E-005
0.0213154 9.9937E-005 0.968338 9.9937E-005 9.9937E-005 9.9937E-005 9.9937E-005 9.9937E-005 0.00326353 0.00638365 9.9937E-005
0.00169526 9.9928E-005 0.994177 9.9928E-005 9.9928E-005 9.9928E-005 9.9928E-005 9.9928E-005 9.9928E-005 0.0033279 9.9928E-005
9.9946E-005 0.000760447 0.987928 9.9946E-005 0.0036237 0.00387811 9.9946E-005 0.00320983 9.9946E-005 9.9946E-005 9.9946E-005
9.99101E-005 9.99101E-005 0.999001 9.99101E-005 9.99101E-005 9.99101E-005 9.99101E-005 9.99101E-005 9.99101E-005 9.99101E-005 9.99101E-005
9.99101E-005 9.99101E-005 9.99101E-005 9.99101E-005 9.99101E-005 9.99101E-005 9.99101E-005 0.999001 9.99101E-005 9.99101E-005 9.99101E-005
9.99101E-005 9.99101E-005 9.99101E-005 9.99101E-005 9.99101E-005 0.999001 9.99101E-005 9.99101E-005 9.99101E-005 9.99101E-005 9.99101E-005
9.99272E-005 9.99272E-005 9.99272E-005 9.99272E-005 9.99272E-005 9.99272E-005 0.000493062 0.998608 9.99272E-005 9.99272E-005 9.99272E-005
9.99101E-005 9.99101E-005 9.99101E-005 9.99101E-005 9.99101E-005 0.999001 9.99101E-005 9.99101E-005 9.99101E-005 9.99101E-005 9.99101E-005
9.99191E-005 0.00129163 9.99191E-005 9.99191E-005 9.99191E-005 0.997809 9.99191E-005 9.99191E-005 9.99191E-005 9.99191E-005 9.99191E-005
0.921028 9.9964E-005 0.0201013 9.9964E-005 9.9964E-005 0.000770461 0.00592217 9.9964E-005 0.0107132 0.0346201 0.00644492
0.999001 9.99101E-005 9.99101E-005 9.99101E-005 9.99101E-005 9.99101E-005 9.99101E-005 9.99101E-005 9.99101E-005 9.99101E-005 9.99101E-005
0.998481 9.9919E-005 9.9919E-005 9.9919E-005 9.9919E-005 9.9919E-005 9.9919E-005 9.9919E-005 9.9919E-005 0.000619658 9.9919E-005
0.912969 9.9964E-005 0.0313074 9.9964E-005 9.9964E-005 0.00589443 9.9964E-005 0.00207494 0.00372154 0.0347903 0.00884244
0.937695 0.0024493 0.0247134 9.9973E-005 9.9973E-005 0.000282646 0.00330596 9.9973E-005 0.00222717 0.0203354 0.00869159
0.993945 9.9946E-005 0.000501588 9.9946E-005 9.9946E-005 0.00162806 0.000303463 9.9946E-005 0.00302262 9.9946E-005 9.9946E-005
9.9912E-005 9.9912E-005 9.9912E-005 9.9912E-005 9.9912E-005 0.999001 9.9912E-005 9.9912E-005 9.9912E-005 9.9912E-005 9.9912E-005
9.9955E-005 9.9955E-005 9.9955E-005 0.0208735 0.0439203 0.921136 0.00292122 0.00926163 0.00138807 9.9955E-005 9.9955E-005
9.9946E-005 9.9946E-005 9.9946E-005 0.00141875 0.00215823 0.992271 0.00287621 9.9946E-005 9.9946E-005 0.000675893 9.9946E-005
9.9946E-005 9.9946E-005 9.9946E-005 0.0078346 9.9946E-005 0.984344 0.00357688 0.00231222 0.00133288 9.9946E-005 9.9946E-005
9.9928E-005 9.9928E-005 9.9928E-005 0.00650199 9.9928E-005 0.989544 0.0031549 9.9928E-005 9.9928E-005 9.9928E-005 9.9928E-005
9.99191E-005 9.99191E-005 9.99191E-005 9.99191E-005 0.0105514 0.988549 9.99191E-005 9.99191E-005 9.99191E-005 9.99191E-005 9.99191E-005
9.9946E-005 0.0130466 9.9946E-005 9.9946E-005 0.0652976 0.920119 0.000459519 9.9946E-005 0.000477497 9.9946E-005 9.9946E-005
9.9955E-005 0.0152311 9.9955E-005 0.00558368 0.0663784 0.908082 0.00208057 0.00214435 9.9955E-005 9.9955E-005 9.9955E-005
9.9946E-005 0.0110466 9.9946E-005 9.9946E-005 0.0599699 0.916809 9.9946E-005 0.00574881 0.00582586 9.9946E-005 9.9946E-005
9.99191E-005 9.99191E-005 9.99191E-005 9.99191E-005 9.99191E-005 0.990783 0.00831749 9.99191E-005 9.99191E-005 9.99191E-005 9.99191E-005
9.9937E-005 0.0161729 9.9937E-005 9.9937E-005 0.0707462 0.911489 0.000892876 9.9937E-005 9.9937E-005 9.9937E-005 9.9937E-005
9.99281E-005 0.0173609 9.99281E-005 9.99281E-005 0.101558 0.880282 9.99281E-005 9.99281E-005 9.99281E-005 9.99281E-005 9.99281E-005
9.9946E-005 9.9946E-005 9.9946E-005 0.0295853 0.043985 0.916775 9.9946E-005 0.0065514 0.00250369 9.9946E-005 9.9946E-005
9.9928E-005 9.9928E-005 9.9928E-005 0.0103697 0.0657118 0.923119 9.9928E-005 9.9928E-005 9.9928E-005 9.9928E-005 9.9928E-005
0.898697 9.9955E-005 0.0268 0.00389326 9.9955E-005 9.9955E-005 0.0133988 9.9955E-005 0.0087606 0.0479501 9.9955E-005
0.0554156 9.9946E-005 0.0271998 9.9946E-005 9.9946E-005 9.9946E-005 0.0024376 9.9946E-005 0.00726285 0.907085 9.9946E-005
0.00345761 9.9946E-005 0.0112691 9.9946E-005 9.9946E-005 9.9946E-005 0.00154048 9.9946E-005 0.0035726 0.979561 9.9946E-005
0.00099488 0.985609 9.9937E-005 9.9937E-005 0.0111438 9.9937E-005 9.9937E-005 9.9937E-005 0.00155291 9.9937E-005 9.9937E-005
9.9928E-005 0.98564 9.9928E-005 0.0114914 9.9928E-005 9.9928E-005 9.9928E-005 0.00206907 9.9928E-005 9.9928E-005 9.9928E-005
9.9946E-005 9.9946E-005 0.0177511 0.000525459 9.9946E-005 9.9946E-005 9.9946E-005 9.9946E-005 0.00190267 0.972183 0.00703816
0.314258 9.9991E-005 0.132971 0.00152383 0.0021788 0.0033035 0.036302 0.00610905 0.0379824 0.449541 0.0157291
0.215507 0.024531 0.145329 0.0135431 0.0127874 0.0589939 0.0407029 0.0700616 0.00593261 0.348949 0.0636622
9.99101E-005 9.99101E-005 9.99101E-005 9.99101E-005 9.99101E-005 9.99101E-005 9.99101E-005 9.99101E-005 0.999001 9.99101E-005 9.99101E-005
9.9946E-005 9.9946E-005 0.00641364 9.9946E-005 9.9946E-005 9.9946E-005 0.00452688 9.9946E-005 0.965672 0.000743571 0.0220442
0.00165736 0.994135 9.9937E-005 9.9937E-005 0.00263352 9.9937E-005 9.9937E-005 0.000874787 9.9937E-005 9.9937E-005 9.9937E-005
9.99101E-005 0.999001 9.99101E-005 9.99101E-005 9.99101E-005 9.99101E-005 9.99101E-005 9.99101E-005 9.99101E-005 9.99101E-005 9.99101E-005
9.99101E-005 9.99101E-005 9.99101E-005 9.99101E-005 9.99101E-005 9.99101E-005 9.99101E-005 9.99101E-005 0.999001 9.99101E-005 9.99101E-005
0.340057 0.00450728 0.125963 9.9964E-005 9.9964E-005 9.9964E-005 0.0397201 9.9964E-005 0.0344163 0.43388 0.0210578
9.99101E-005 0.999001 9.99101E-005 9.99101E-005 9.99101E-005 9.99101E-005 9.99101E-005 9.99101E-005 9.99101E-005 9.99101E-005 9.99101E-005
9.99101E-005 9.99101E-005 9.99101E-005 9.99101E-005 9.99101E-005 9.99101E-005 9.99101E-005 9.99101E-005 0.999001 9.99101E-005 9.99101E-005
0.028792 9.9973E-005 0.026408 0.00177035 9.9973E-005 0.0045955 0.0115288 0.00753216 0.00567546 0.913398 9.9973E-005
0.00568769 9.9928E-005 0.0151788 9.9928E-005 9.9928E-005 9.9928E-005 9.9928E-005 9.9928E-005 9.9928E-005 0.978334 9.9928E-005
0.242607 0.00184079 0.146842 0.0191914 0.00937004 0.0261166 0.0505269 0.0394242 0.0115476 0.427617 0.0249164
0.128374 9.9982E-005 0.113062 0.00750912 9.9982E-005 0.00684531 0.271455 0.00731186 0.205637 0.140747 0.118859
0.00978226 0.00211192 0.014565 0.00179166 9.9964E-005 9.9964E-005 9.9964E-005 9.9964E-005 0.00170121 0.96335 0.00629811
9.9937E-005 9.9937E-005 0.0256891 9.9937E-005 9.9937E-005 9.9937E-005 0.00729673 9.9937E-005 0.0124156 0.953899 9.9937E-005
0.00394451 9.9946E-005 0.0246831 9.9946E-005 0.000511611 9.9946E-005 9.9946E-005 9.9946E-005 9.9946E-005 0.961228 0.0090328
9.9946E-005 0.938698 0.0038478 0.0509742 9.9946E-005 9.9946E-005 0.00182347 0.00405645 9.9946E-005 9.9946E-005 9.9946E-005
0.0226521 9.9955E-005 0.000690259 9.9955E-005 9.9955E-005 0.00197109 0.00750043 9.9955E-005 9.9955E-005 0.963501 0.00318486
9.99281E-005 0.987023 9.99281E-005 9.99281E-005 0.0105851 9.99281E-005 9.99281E-005 0.00159238 9.99281E-005 9.99281E-005 9.99281E-005
9.99101E-005 9.99101E-005 9.99101E-005 9.99101E-005 9.99101E-005 9.99101E-005 9.99101E-005 9.99101E-005 9.99101E-005 0.999001 9.99101E-005
9.99191E-005 0.996996 9.99191E-005 9.99191E-005 0.00210507 9.99191E-005 9.99191E-005 9.99191E-005 9.99191E-005 9.99191E-005 9.99191E-005
0.0049398 9.9946E-005 0.00101542 0.00176207 9.9946E-005 9.9946E-005 9.9946E-005 9.9946E-005 9.9946E-005 0.00191771 0.989765
9.99101E-005 9.99101E-005 9.99101E-005 9.99101E-005 9.99101E-005 9.99101E-005 9.99101E-005 9.99101E-005 9.99101E-005 0.999001 9.99101E-005
0.0149703 9.9955E-005 0.008566 0.000630513 9.9955E-005 9.9955E-005 0.0285449 9.9955E-005 0.0973589 9.9955E-005 0.84943
9.99101E-005 9.99101E-005 9.99101E-005 9.99101E-005 9.99101E-005 9.99101E-005 9.99101E-005 9.99101E-005 9.99101E-005 0.999001 9.99101E-005
9.9946E-005 9.9946E-005 0.00254389 9.9946E-005 9.9946E-005 9.9946E-005 0.00605693 0.000554377 9.9946E-005 0.9882 0.00204533
9.99101E-005 9.99101E-005 9.99101E-005 9.99101E-005 9.99101E-005 9.99101E-005 9.99101E-005 9.99101E-005 9.99101E-005 0.999001 9.99101E-005
9.99101E-005 9.99101E-005 9.99101E-005 9.99101E-005 9.99101E-005 9.99101E-005 9.99101E-005 9.99101E-005 9.99101E-005 0.999001 9.99101E-005
0.000860048 0.995217 9.9928E-005 0.00312319 9.9928E-005 9.9928E-005 9.9928E-005 9.9928E-005 9.9928E-005 9.9928E-005 9.9928E-005
0.964394 9.9937E-005 0.0192818 9.9937E-005 9.9937E-005 9.9937E-005 0.0112078 9.9937E-005 9.9937E-005 0.00441726 9.9937E-005
0.972769 9.9937E-005 0.0118961 0.00251428 9.9937E-005 9.9937E-005 0.0121209 9.9937E-005 9.9937E-005 9.9937E-005 9.9937E-005
0.913443 0.000337896 0.0190969 0.000627818 9.9982E-005 9.9982E-005 0.00258666 0.000789998 0.0120423 0.0470247 0.00385057
9.9937E-005 0.00103379 0.995332 9.9937E-005 9.9937E-005 9.9937E-005 0.00113894 0.00179575 9.9937E-005 9.9937E-005 9.9937E-005
0.00631384 0.969615 0.00273855 9.9973E-005 0.0113636 0.00118701 9.9973E-005 0.00302395 0.00292547 0.00253304 9.9973E-005
0.0194688 9.9946E-005 0.962005 9.9946E-005 9.9946E-005 9.9946E-005 9.9946E-005 9.9946E-005 0.00427731 0.0115442 0.0021054
9.9928E-005 0.000584478 0.998392 9.9928E-005 9.9928E-005 9.9928E-005 9.9928E-005 9.9928E-005 0.000224187 9.9928E-005 9.9928E-005
0.00902047 0.00117295 0.965562 9.99579E-005 9.99579E-005 9.99579E-005 0.0104676 9.99579E-005 0.00630703 0.00696973 9.99579E-005
0.00294284 9.99191E-005 0.996158 9.99191E-005 9.99191E-005 9.99191E-005 9.99191E-005 9.99191E-005 9.99191E-005 9.99191E-005 9.99191E-005
0.00107753 9.9937E-005 0.991909 9.9937E-005 9.9937E-005 9.9937E-005 9.9937E-005 9.9937E-005 0.00329934 0.00301481 9.9937E-005
9.9919E-005 9.9919E-005 9.9919E-005 9.9919E-005 9.9919E-005 9.9919E-005 9.9919E-005 9.9919E-005 9.9919E-005 0.00664288 0.992458
9.99101E-005 9.99101E-005 9.99101E-005 9.99101E-005 9.99101E-005 9.99101E-005 9.99101E-005 9.99101E-005 9.99101E-005 9.99101E-005 0.999001
9.99191E-005 9.99191E-005 0.00149893 9.99191E-005 9.99191E-005 9.99191E-005 9.99191E-005 9.99191E-005 9.99191E-005 9.99191E-005 0.997602
9.99281E-005 9.99281E-005 0.00334136 9.99281E-005 0.00510236 9.99281E-005 9.99281E-005 9.99281E-005 9.99281E-005 9.99281E-005 0.990757
9.9955E-005 0.0300574 0.941945 9.9955E-005 9.9955E-005 9.9955E-005 0.00771169 9.9955E-005 0.0112771 0.000265719 0.00824348
0.0168802 0.000176125 9.99671E-005 9.99671E-005 9.99671E-005 9.99671E-005 0.00628836 0.000669429 0.0630178 0.000720355 0.911848
9.99101E-005 9.99101E-005 0.999001 9.99101E-005 9.99101E-005 9.99101E-005 9.99101E-005 9.99101E-005 9.99101E-005 9.99101E-005 9.99101E-005
0.0162272 9.9937E-005 0.962114 9.9937E-005 9.9937E-005 9.9937E-005 0.000925544 9.9937E-005 9.9937E-005 0.0200333 9.9937E-005
0.00967525 9.9937E-005 0.961315 9.9937E-005 9.9937E-005 9.9937E-005 9.9937E-005 9.9937E-005 9.9937E-005 0.0271516 0.00115814
9.9937E-005 9.9937E-005 0.977877 9.9937E-005 9.9937E-005 9.9937E-005 9.9937E-005 0.000781365 9.9937E-005 0.0196715 0.000970786
0.00708836 0.000439493 0.980106 9.9937E-005 9.9937E-005 9.9937E-005 9.9937E-005 9.9937E-005 9.9937E-005 0.0116661 9.9937E-005
0.00422432 9.9946E-005 0.986532 9.9946E-005 9.9946E-005 9.9946E-005 0.00599918 0.00234528 9.9946E-005 9.9946E-005 0.000299356
9.9955E-005 9.9955E-005 0.975789 0.00305284 9.9955E-005 0.000359683 9.9955E-005 9.9955E-005 0.00574845 0.0142165 0.000334205
0.0127257 9.9946E-005 0.963715 9.9946E-005 9.9946E-005 9.9946E-005 9.9946E-005 9.9946E-005 0.000804262 0.0201246 0.00203073
0.0235158 9.9955E-005 0.953754 9.9955E-005 0.00192334 9.9955E-005 0.0152894 0.00315185 9.9955E-005 9.9955E-005 0.00186615
0.0202135 9.9955E-005 0.966749 9.9955E-005 0.00191349 9.9955E-005 9.9955E-005 9.9955E-005 0.000550109 0.00495495 0.00511963
9.994E-005 9.994E-005 0.987641 9.994E-005 9.994E-005 0.000409773 0.00877807 0.00198571 0.000586022 9.994E-005 9.994E-005
9.9946E-005 9.9946E-005 0.985141 9.9946E-005 9.9946E-005 0.000309536 0.00657797 0.00178775 9.9946E-005 9.9946E-005 0.00558367
0.0186455 9.9946E-005 0.967642 9.9946E-005 9.9946E-005 9.9946E-005 9.9946E-005 9.9946E-005 0.00113609 0.011766 0.000210927
0.0161476 9.9964E-005 0.962351 0.000753602 9.9964E-005 0.00252793 0.00202411 0.000936576 9.9964E-005 0.0148596 9.9964E-005
0.00495795 9.9964E-005 0.979715 0.00196554 0.000495398 9.9964E-005 0.001696 9.9964E-005 9.9964E-005 0.00385089 0.00691961
0.0131637 9.9964E-005 0.953351 0.00215688 0.00998423 9.9964E-005 9.9964E-005 0.0103106 0.000735993 9.9964E-005 0.0098982
9.99281E-005 0.0100525 9.99281E-005 9.99281E-005 0.00795715 0.981191 9.99281E-005 9.99281E-005 9.99281E-005 9.99281E-005 9.99281E-005
0.000739191 9.99281E-005 9.99281E-005 9.99281E-005 0.00519677 0.993265 9.99281E-005 9.99281E-005 9.99281E-005 9.99281E-005 9.99281E-005
9.9937E-005 9.9937E-005 0.00417891 0.00238639 9.9937E-005 0.991479 9.9937E-005 0.00125613 9.9937E-005 9.9937E-005 9.9937E-005
9.9973E-005 0.00515765 0.970399 9.9973E-005 0.00263565 0.000151369 9.9973E-005 0.00579097 0.00217521 0.0088448 0.00454589
0.134343 9.9991E-005 0.0994362 0.0294559 0.0192989 0.00440506 0.26047 0.0214597 0.216408 0.111718 0.102905
9.99264E-005 0.00321909 9.99264E-005 9.99264E-005 9.99264E-005 9.99264E-005 9.99264E-005 0.995882 9.99264E-005 9.99264E-005 9.99264E-005
0.00107609 9.9937E-005 9.9937E-005 9.9937E-005 9.9937E-005 9.9937E-005 0.00162481 0.993438 0.00316154 9.9937E-005 9.9937E-005
9.99191E-005 9.99191E-005 9.99191E-005 9.99191E-005 9.99191E-005 9.99191E-005 9.99191E-005 0.995809 0.00329198 9.99191E-005 9.99191E-005
9.9937E-005 9.9937E-005 9.9937E-005 0.00178278 0.00160626 0.00135303 9.9937E-005 0.994558 9.9937E-005 9.9937E-005 9.9937E-005
9.99133E-005 9.99133E-005 9.99133E-005 9.99133E-005 9.99133E-005 9.99133E-005 9.99133E-005 0.999001 9.99133E-005 9.99133E-005 9.99133E-005
9.99101E-005 9.99101E-005 9.99101E-005 9.99101E-005 9.99101E-005 9.99101E-005 9.99101E-005 0.999001 9.99101E-005 9.99101E-005 9.99101E-005
9.9919E-005 9.9919E-005 9.9919E-005 9.9919E-005 0.982961 0.0161395 9.9919E-005 9.9919E-005 9.9919E-005 9.9919E-005 9.9919E-005
9.99191E-005 9.99191E-005 9.99191E-005 9.99191E-005 9.99191E-005 9.99191E-005 9.99191E-005 0.996699 9.99191E-005 9.99191E-005 0.0024022
9.99253E-005 9.99253E-005 9.99253E-005 9.99253E-005 9.99253E-005 0.997348 9.99253E-005 9.99253E-005 9.99253E-005 9.99253E-005 0.00175234
0.00370253 9.9955E-005 0.00640723 9.9955E-005 0.00659023 9.9955E-005 0.000629196 0.977009 0.00516189 9.9955E-005 9.9955E-005
9.99281E-005 9.99281E-005 9.99281E-005 0.00550974 0.00293936 9.99281E-005 9.99281E-005 0.990751 9.99281E-005 9.99281E-005 9.99281E-005
9.99101E-005 9.99101E-005 9.99101E-005 9.99101E-005 9.99101E-005 9.99101E-005 9.99101E-005 0.999001 9.99101E-005 9.99101E-005 9.99101E-005
9.9928E-005 9.9928E-005 0.000775648 0.0021939 9.9928E-005 9.9928E-005 9.9928E-005 0.996231 9.9928E-005 9.9928E-005 9.9928E-005
0.0236091 9.9955E-005 0.954036 0.00358316 9.9955E-005 9.9955E-005 0.0127381 9.9955E-005 0.0027351 0.00279908 9.9955E-005
9.99191E-005 9.99191E-005 0.0009236 9.99191E-005 9.99191E-005 9.99191E-005 9.99191E-005 0.998177 9.99191E-005 9.99191E-005 9.99191E-005
9.9928E-005 9.9928E-005 9.9928E-005 0.00305175 9.9928E-005 0.993725 9.9928E-005 0.00242365 9.9928E-005 9.9928E-005 9.9928E-005
9.9937E-005 0.00111693 0.992097 9.9937E-005 0.00152019 9.9937E-005 9.9937E-005 9.9937E-005 9.9937E-005 0.00456645 9.9937E-005
0.975021 9.9946E-005 0.0148588 9.9946E-005 9.9946E-005 9.9946E-005 0.00262157 9.9946E-005 0.00537542 9.9946E-005 0.0015231
9.9937E-005 0.00056204 0.00110443 0.00136764 9.9937E-005 9.9937E-005 9.9937E-005 0.996266 9.9937E-005 9.9937E-005 9.9937E-005
0.00191994 0.987378 9.9928E-005 0.0099031 9.9928E-005 9.9928E-005 9.9928E-005 9.9928E-005 9.9928E-005 9.9928E-005 9.9928E-005
0.00048018 0.977302 9.9955E-005 0.011919 9.9955E-005 9.9955E-005 0.00147816 0.00760591 9.9955E-005 0.000714898 9.9955E-005
0.997453 9.9919E-005 9.9919E-005 9.9919E-005 9.9919E-005 9.9919E-005 9.9919E-005 9.9919E-005 0.00164805 9.9919E-005 9.9919E-005
9.9928E-005 0.974074 9.9928E-005 0.0211032 9.9928E-005 9.9928E-005 9.9928E-005 0.00402339 9.9928E-005 9.9928E-005 9.9928E-005
9.99191E-005 9.99191E-005 0.987696 9.99191E-005 9.99191E-005 9.99191E-005 9.99191E-005 9.99191E-005 9.99191E-005 0.0114049 9.99191E-005
0.00793054 9.9919E-005 0.99117 9.9919E-005 9.9919E-005 9.9919E-005 9.9919E-005 9.9919E-005 9.9919E-005 9.9919E-005 9.9919E-005
0.0230541 9.9964E-005 0.938736 9.9964E-005 0.00524615 9.9964E-005 9.9964E-005 0.00330395 0.000501418 0.0264422 0.00231646
0.00243043 9.9946E-005 0.97885 9.9946E-005 9.9946E-005 9.9946E-005 0.00412044 9.9946E-005 9.9946E-005 0.00569926 0.00830049
0.0278827 9.9955E-005 0.947442 0.000934363 9.9955E-005 0.000234449 9.9955E-005 9.9955E-005 0.00377688 0.0192302 9.9955E-005
0.00721971 9.9946E-005 0.962024 9.9946E-005 0.0100437 9.9946E-005 9.9946E-005 0.00499169 9.9946E-005 0.0151214 9.9946E-005
9.9937E-005 9.9937E-005 0.986395 9.9937E-005 9.9937E-005 0.000501971 9.9937E-005 9.9937E-005 0.0120959 0.000307454 9.9937E-005
0.999001 9.99101E-005 9.99101E-005 9.99101E-005 9.99101E-005 9.99101E-005 9.99101E-005 9.99101E-005 9.99101E-005 9.99101E-005 9.99101E-005
0.998263 9.99195E-005 9.99195E-005 9.99195E-005 0.000837796 9.99195E-005 9.99195E-005 9.99195E-005 9.99195E-005 9.99195E-005 9.99195E-005
9.99281E-005 9.99281E-005 0.998257 9.99281E-005 9.99281E-005 0.000423635 9.99281E-005 9.99281E-005 9.99281E-005 9.99281E-005 0.000519911
0.00101042 0.00763902 9.9937E-005 9.9937E-005 0.0250912 0.96556 9.9937E-005 9.9937E-005 9.9937E-005 9.9937E-005 9.9937E-005
9.9919E-005 9.9919E-005 9.9919E-005 9.9919E-005 0.988895 0.010206 9.9919E-005 9.9919E-005 9.9919E-005 9.9919E-005 9.9919E-005
9.99101E-005 9.99101E-005 9.99101E-005 9.99101E-005 0.999001 9.99101E-005 9.99101E-005 9.99101E-005 9.99101E-005 9.99101E-005 9.99101E-005
0.045215 0.0104025 0.070545 9.9973E-005 0.739995 9.9973E-005 0.0215468 0.0540119 9.9973E-005 0.0402251 0.0177584
9.9919E-005 9.9919E-005 9.9919E-005 9.9919E-005 0.971779 0.027322 9.9919E-005 9.9919E-005 9.9919E-005 9.9919E-005 9.9919E-005
0.00250343 0.0087656 0.00468085 0.000731668 9.9964E-005 0.97388 9.9964E-005 0.00698705 9.9964E-005 9.9964E-005 0.00205107
0.00179682 0.00190365 9.99281E-005 9.99281E-005 9.99281E-005 0.9955 9.99281E-005 9.99281E-005 9.99281E-005 9.99281E-005 9.99281E-005
9.99191E-005 9.99191E-005 9.99191E-005 9.99191E-005 9.99191E-005 0.998907 9.99191E-005 0.000193574 9.99191E-005 9.99191E-005 9.99191E-005
9.9919E-005 9.9919E-005 9.9919E-005 9.9919E-005 0.977353 0.0217478 9.9919E-005 9.9919E-005 9.9919E-005 9.9919E-005 9.9919E-005
0.994709 0.000321692 0.00194813 9.9946E-005 9.9946E-005 9.9946E-005 9.9946E-005 9.9946E-005 0.0022834 9.9946E-005 0.000138506
9.99281E-005 0.994414 9.99281E-005 0.00444452 0.00034199 9.99281E-005 9.99281E-005 9.99281E-005 9.99281E-005 9.99281E-005 9.99281E-005
0.585256 0.034512 0.10308 0.0139793 0.0135492 0.0602179 0.0300513 0.0765824 9.9991E-005 0.0361899 0.0464826
0.991762 9.9928E-005 0.00663602 9.9928E-005 0.000802314 9.9928E-005 9.9928E-005 9.9928E-005 9.9928E-005 9.9928E-005 9.9928E-005
0.974414 9.9928E-005 0.0188256 9.9928E-005 9.9928E-005 9.9928E-005 9.9928E-005 9.9928E-005 9.9928E-005 9.9928E-005 0.00596044
9.9937E-005 0.987485 0.0013071 9.9937E-005 0.00693392 9.9937E-005 9.9937E-005 9.9937E-005 9.9937E-005 9.9937E-005 0.00357448
9.99101E-005 9.99101E-005 9.99101E-005 9.99101E-005 9.99101E-005 9.99101E-005 9.99101E-005 0.999001 9.99101E-005 9.99101E-005 9.99101E-005
0.145334 9.9964E-005 0.63181 0.000321075 9.9964E-005 9.9964E-005 0.0306299 9.9964E-005 0.0233407 0.149774 0.018391
0.999001 9.99101E-005 9.99101E-005 9.99101E-005 9.99101E-005 9.99101E-005 9.99101E-005 9.99101E-005 9.99101E-005 9.99101E-005 9.99101E-005
0.999001 9.99101E-005 9.99101E-005 9.99101E-005 9.99101E-005 9.99101E-005 9.99101E-005 9.99101E-005 9.99101E-005 9.99101E-005 9.99101E-005
0.999001 9.99101E-005 9.99101E-005 9.99101E-005 9.99101E-005 9.99101E-005 9.99101E-005 9.99101E-005 9.99101E-005 9.99101E-005 9.99101E-005
0.994545 0.00108094 9.99281E-005 9.99281E-005 0.00357422 9.99281E-005 9.99281E-005 9.99281E-005 9.99281E-005 9.99281E-005 9.99281E-005
0.999001 9.99101E-005 9.99101E-005 9.99101E-005 9.99101E-005 9.99101E-005 9.99101E-005 9.99101E-005 9.99101E-005 9.99101E-005 9.99101E-005
0.999001 9.99101E-005 9.99101E-005 9.99101E-005 9.99101E-005 9.99101E-005 9.99101E-005 9.99101E-005 9.99101E-005 9.99101E-005 9.99101E-005
