0.213263 0.00401172 0.66754 0.00670341 0.104319 0.00416378
0.214001 0.00423259 0.669322 0.00539358 0.0962738 0.0107777
0.983542 0.00210497 0.00479906 0.00669478 9.9991E-005 0.00275877
0.983097 0.000297079 0.0104078 9.9991E-005 0.00411049 0.00198802
0.988598 0.00214395 9.9982E-005 0.0061015 9.9982E-005 0.00295614
0.9995 9.996E-005 9.996E-005 9.996E-005 9.996E-005 9.996E-005
0.9995 9.996E-005 9.996E-005 9.996E-005 9.996E-005 9.996E-005
0.9995 9.996E-005 9.996E-005 9.996E-005 9.996E-005 9.996E-005
0.00462341 9.9982E-005 0.000143213 0.986124 9.9982E-005 0.00890916
9.9973E-005 9.9973E-005 9.9973E-005 0.00402305 0.991918 0.00375922
9.9982E-005 0.00379047 9.9982E-005 0.000636322 0.993218 0.00215541
0.0127954 0.793379 0.0307912 0.112305 9.9991E-005 0.0506293
9.9982E-005 0.0042131 9.9982E-005 0.000985589 0.992962 0.00163959
9.9973E-005 0.00449534 9.9973E-005 9.9973E-005 0.994574 0.000630724
9.9982E-005 0.000332357 9.9982E-005 0.00250785 0.995655 0.00130521
9.9964E-005 9.9964E-005 9.9964E-005 0.00347495 0.996125 9.9964E-005
0.01193 0.778374 0.018441 0.126179 0.0117792 0.053296
0.854975 0.000216809 0.0485695 0.000943079 0.0942076 0.00108754
0.165057 0.00912499 0.727702 0.00625457 0.0850841 0.00677681
0.171389 0.00568096 0.702712 0.0086865 0.102446 0.00908576
0.179506 0.0087093 0.706056 0.00101813 0.100919 0.00379146
0.170785 0.0029234 0.72681 0.00921481 0.082466 0.00780081
0.160023 0.00337488 0.717993 0.0103932 0.101307 0.00690985
0.176437 0.00560102 0.716436 0.00652073 0.0893213 0.0056839
0.146345 0.00475626 0.733523 0.00594627 0.101566 0.00786379
0.167399 0.00178806 0.716656 0.0084876 0.102206 0.00346332
0.182511 0.00187335 0.707372 0.00841231 0.0927979 0.0070335
0.157298 0.00414107 0.715762 0.00681663 0.104821 0.0111616
9.9964E-005 9.9964E-005 0.99945 0.000150429 9.9964E-005 9.9964E-005
9.996E-005 9.996E-005 0.9995 9.996E-005 9.996E-005 9.996E-005
9.996E-005 9.996E-005 0.9995 9.996E-005 9.996E-005 9.996E-005
9.996E-005 9.996E-005 0.9995 9.996E-005 9.996E-005 9.996E-005
9.996E-005 9.996E-005 0.9995 9.996E-005 9.996E-005 9.996E-005
0.890863 0.00210187 0.0401796 9.9982E-005 0.066656 9.9982E-005
0.885666 0.00205462 0.0298471 9.9991E-005 0.081987 0.000345096
0.880632 0.00362422 0.0327762 0.0001833 0.0816383 0.00114585
0.867469 0.00448033 0.038716 9.9982E-005 0.0891351 9.9982E-005
9.996E-005 0.9995 9.996E-005 9.996E-005 9.996E-005 9.996E-005
9.996E-005 9.996E-005 0.9995 9.996E-005 9.996E-005 9.996E-005
9.996E-005 9.996E-005 0.9995 9.996E-005 9.996E-005 9.996E-005
9.996E-005 9.996E-005 0.9995 9.996E-005 9.996E-005 9.996E-005
9.996E-005 9.996E-005 0.9995 9.996E-005 9.996E-005 9.996E-005
9.9973E-005 9.9973E-005 0.000318862 0.995923 9.9973E-005 0.0034582
9.9991E-005 0.01021 0.00163635 0.974102 0.0111681 0.00278342
9.9964E-005 9.9964E-005 0.00437054 0.99523 9.9964E-005 9.9964E-005
0.00749505 9.9973E-005 0.00045257 0.991752 9.9973E-005 9.9973E-005
0.000407571 9.9982E-005 9.9982E-005 0.990495 0.00514487 0.00375268
0.00548109 9.9964E-005 9.9964E-005 0.994119 9.9964E-005 9.9964E-005
9.996E-005 9.996E-005 9.996E-005 0.9995 9.996E-005 9.996E-005
9.9973E-005 0.00374528 9.9973E-005 0.991862 0.00409231 9.9973E-005
0.000932455 9.9973E-005 9.9973E-005 0.00198316 0.996784 9.9973E-005
0.0200016 9.9991E-005 0.0113024 0.00159074 0.965007 0.00199823
0.0183769 9.997E-005 9.997E-005 9.997E-005 0.981223 9.997E-005
9.996E-005 9.996E-005 9.996E-005 9.996E-005 0.9995 9.996E-005
9.9982E-005 0.0076618 9.9982E-005 0.00116734 0.987602 0.00336874
9.996E-005 9.996E-005 9.996E-005 9.996E-005 0.9995 9.996E-005
9.996E-005 9.996E-005 9.996E-005 9.996E-005 9.996E-005 0.9995
9.996E-005 9.996E-005 9.996E-005 0.9995 9.996E-005 9.996E-005
9.9973E-005 9.9973E-005 0.00314168 0.00261641 9.9973E-005 0.993942
9.996E-005 9.996E-005 9.996E-005 0.9995 9.996E-005 9.996E-005
9.996E-005 9.996E-005 9.996E-005 0.9995 9.996E-005 9.996E-005
0.99048 9.9982E-005 0.00570556 0.00256753 9.9982E-005 0.00104728
0.9995 9.996E-005 9.996E-005 9.996E-005 9.996E-005 9.996E-005
0.9995 9.996E-005 9.996E-005 9.996E-005 9.996E-005 9.996E-005
0.992233 9.9982E-005 9.9982E-005 0.00540981 0.00126212 0.000895577
0.994485 9.9973E-005 9.9973E-005 0.00477672 9.9973E-005 0.000438209
0.99877 9.9964E-005 9.9964E-005 9.9964E-005 9.9964E-005 0.000830074
9.996E-005 9.996E-005 9.996E-005 0.9995 9.996E-005 9.996E-005
9.9982E-005 0.000231677 0.00892512 0.983264 9.9982E-005 0.00737954
9.996E-005 9.996E-005 9.996E-005 0.9995 9.996E-005 9.996E-005
9.9964E-005 9.9964E-005 0.00339794 0.996202 9.9964E-005 9.9964E-005
9.9973E-005 9.9973E-005 0.000139269 0.998894 9.9973E-005 0.000666843
9.9973E-005 0.00152711 0.000329369 0.997844 9.9973E-005 9.9973E-005
9.9973E-005 0.00763466 0.000324402 0.991741 9.9973E-005 9.9973E-005
9.9982E-005 0.0126224 0.0048673 0.980488 9.9982E-005 0.00182242
9.9991E-005 0.01164 0.00544275 0.977375 0.00231384 0.00312815
9.9964E-005 9.9964E-005 0.00389243 0.995708 9.9964E-005 9.9964E-005
9.9982E-005 0.0186633 0.00198203 0.978567 9.9982E-005 0.000588104
0.000981228 0.0153371 9.9982E-005 0.982401 0.00108049 9.9982E-005
9.9982E-005 0.00242394 0.00634191 0.975384 9.9982E-005 0.0156499
9.9973E-005 0.00275173 9.9973E-005 0.994769 9.9973E-005 0.00217957
0.986778 0.00285102 9.9982E-005 9.9982E-005 0.00813863 0.00203218
0.835731 0.0047134 0.0509557 0.00046167 0.107932 0.000206082
0.862319 0.00318796 0.0410512 0.00501663 0.0868225 0.00160311
9.99629E-005 0.9995 9.99629E-005 9.99629E-005 9.99629E-005 9.99629E-005
9.996E-005 0.9995 9.996E-005 9.996E-005 9.996E-005 9.996E-005
0.855324 0.000788497 0.034559 0.00564218 0.102695 0.000990989
0.739933 0.00823478 0.0865074 0.00469577 0.157202 0.00342683
0.547877 0.0370359 0.111187 0.0761414 0.163562 0.064197
0.10318 9.9991E-005 0.868094 0.004081 0.0189325 0.00561274
0.101875 9.9991E-005 0.865737 0.0021051 0.0291799 0.00100298
9.996E-005 0.9995 9.996E-005 9.996E-005 9.996E-005 9.996E-005
9.996E-005 0.9995 9.996E-005 9.996E-005 9.996E-005 9.996E-005
0.100123 0.000932552 0.875663 0.00515888 0.016758 0.00136443
0.76369 0.00474144 0.0751964 9.9991E-005 0.153327 0.00294592
9.996E-005 0.9995 9.996E-005 9.996E-005 9.996E-005 9.996E-005
0.0916564 9.9991E-005 0.870673 0.00310259 0.0322508 0.00221738
0.815064 0.00391607 0.053953 0.0106853 0.110933 0.00544869
0.859665 0.000943015 0.037757 9.9982E-005 0.101435 9.9982E-005
0.642275 0.0215104 0.0836657 0.0330683 0.177466 0.0420147
0.328652 0.00545634 0.50058 0.0141086 0.141521 0.00968274
0.864088 0.000624093 0.0411091 0.00666116 0.0874174 9.9991E-005
0.831076 0.00492236 0.0565813 0.00091296 0.106407 9.9991E-005
0.848143 0.00626071 0.0471403 0.0054578 0.0928984 9.9991E-005
9.9973E-005 0.987219 0.00576626 9.9973E-005 9.9973E-005 0.00671474
0.850751 0.00660712 0.0532079 9.9982E-005 0.0892342 9.9982E-005
9.996E-005 0.9995 9.996E-005 9.996E-005 9.996E-005 9.996E-005
0.869951 0.00245882 0.0389819 0.000506456 0.0880022 9.9991E-005
9.996E-005 0.9995 9.996E-005 9.996E-005 9.996E-005 9.996E-005
9.996E-005 9.996E-005 0.9995 9.996E-005 9.996E-005 9.996E-005
0.894026 0.000271112 0.0311503 0.00259537 0.0717931 0.000164246
9.996E-005 9.996E-005 0.9995 9.996E-005 9.996E-005 9.996E-005
0.854376 0.00470373 0.0418307 0.00235739 0.0939315 0.0028009
0.859586 9.9991E-005 0.0515028 0.00381615 0.0824318 0.00256284
0.887784 0.00220274 0.0367021 9.9982E-005 0.0731117 9.9982E-005
0.897003 0.00287525 0.0271533 9.9991E-005 0.0713719 0.00149689
9.996E-005 0.9995 9.996E-005 9.996E-005 9.996E-005 9.996E-005
0.9995 9.996E-005 9.996E-005 9.996E-005 9.996E-005 9.996E-005
0.99811 9.9973E-005 9.9973E-005 0.000140434 9.9973E-005 0.00144917
0.995946 0.00162884 9.9973E-005 9.9973E-005 9.9973E-005 0.00212546
9.9964E-005 9.9964E-005 9.9964E-005 9.9964E-005 0.998992 0.000608295
0.0115686 0.979762 9.9982E-005 0.00417924 9.9982E-005 0.00429024
0.0359496 9.9964E-005 9.9964E-005 9.9964E-005 0.963651 9.9964E-005
9.996E-005 9.996E-005 9.996E-005 9.996E-005 0.9995 9.996E-005
0.027464 0.00268794 0.00418696 0.00364214 0.961919 9.9991E-005
9.996E-005 9.996E-005 9.996E-005 9.996E-005 0.9995 9.996E-005
0.00244828 9.9964E-005 9.9964E-005 9.9964E-005 0.997152 9.9964E-005
9.996E-005 9.996E-005 0.9995 9.996E-005 9.996E-005 9.996E-005
9.996E-005 9.996E-005 0.9995 9.996E-005 9.996E-005 9.996E-005
9.996E-005 9.996E-005 0.9995 9.996E-005 9.996E-005 9.996E-005
9.9964E-005 9.9964E-005 0.997968 9.9964E-005 9.9964E-005 0.00163243
9.9973E-005 0.0302176 0.0117579 9.9973E-005 0.957725 9.9973E-005
9.996E-005 9.996E-005 0.9995 9.996E-005 9.996E-005 9.996E-005
9.996E-005 9.996E-005 9.996E-005 9.996E-005 0.9995 9.996E-005
0.0268754 9.9964E-005 9.9964E-005 9.9964E-005 0.972725 9.9964E-005
0.0196882 9.9964E-005 9.9964E-005 9.9964E-005 0.979912 9.9964E-005
0.00426127 9.9964E-005 9.9964E-005 9.9964E-005 0.995339 9.9964E-005
0.0212125 9.9964E-005 9.9964E-005 9.9964E-005 0.978388 9.9964E-005
9.9973E-005 9.9973E-005 0.0047638 9.9973E-005 0.992142 0.00279471
0.00442051 0.0030251 0.00334632 0.00100848 0.9881 9.9991E-005
0.0326688 0.00209962 9.9973E-005 9.9973E-005 0.964932 9.9973E-005
0.0272937 9.9982E-005 0.0120075 9.9982E-005 0.957251 0.00324796
0.0354712 0.00185731 0.00832811 0.00153567 0.952708 9.9991E-005
9.9973E-005 9.9973E-005 0.00429452 9.9973E-005 0.992731 0.00267431
9.9982E-005 9.9982E-005 0.0077261 0.00131231 0.990471 0.000290918
0.0341745 9.9973E-005 0.0112529 9.9973E-005 0.954273 9.9973E-005
0.0308163 0.000735322 9.9991E-005 0.000522273 0.962328 0.00549805
0.0256002 9.9973E-005 0.00212811 9.9973E-005 0.971972 9.9973E-005
0.0157109 0.00666209 0.00873495 0.0101874 0.945945 0.0127591
0.00259868 0.00407785 9.9973E-005 0.993024 9.9973E-005 9.9973E-005
9.996E-005 9.996E-005 9.996E-005 0.9995 9.996E-005 9.996E-005
9.9964E-005 9.9964E-005 9.9964E-005 0.99779 0.00180996 9.9964E-005
0.011138 9.9991E-005 0.0014695 0.00723742 0.973749 0.00630619
0.284406 0.0239552 0.48367 0.0291658 0.155384 0.0234192
9.9982E-005 0.00344595 0.000300449 9.9982E-005 0.00134462 0.994709
9.99856E-005 0.00168672 0.00272435 9.99856E-005 0.00186589 0.993523
0.000711052 9.9964E-005 9.9964E-005 9.9964E-005 9.9964E-005 0.998889
9.9973E-005 0.00795063 9.9973E-005 0.00231763 9.9973E-005 0.989432
9.9964E-005 9.9964E-005 9.9964E-005 9.9964E-005 0.00261905 0.996981
9.996E-005 9.996E-005 9.996E-005 9.996E-005 9.996E-005 0.9995
9.9982E-005 0.06031 0.00668704 0.918065 9.9982E-005 0.0147377
9.996E-005 9.996E-005 9.996E-005 9.996E-005 9.996E-005 0.9995
9.996E-005 9.996E-005 9.996E-005 0.9995 9.996E-005 9.996E-005
0.00699953 9.9991E-005 0.00292555 0.00827611 0.00566194 0.976037
9.9973E-005 0.00331817 9.9973E-005 0.0051112 9.9973E-005 0.991271
9.996E-005 9.996E-005 9.996E-005 9.996E-005 9.996E-005 0.9995
9.9964E-005 9.9964E-005 0.00271391 9.9964E-005 9.9964E-005 0.996886
0.0145616 9.9982E-005 0.0117713 0.00141917 0.972048 9.9982E-005
9.996E-005 9.996E-005 9.996E-005 9.996E-005 9.996E-005 0.9995
9.9964E-005 9.9964E-005 9.9964E-005 0.998227 9.9964E-005 0.0013732
0.00917242 0.00382738 9.9982E-005 0.00665844 0.980142 9.9982E-005
0.9995 9.996E-005 9.996E-005 9.996E-005 9.996E-005 9.996E-005
9.9964E-005 9.9964E-005 9.9964E-005 9.9964E-005 0.000274671 0.999325
9.996E-005 0.9995 9.996E-005 9.996E-005 9.996E-005 9.996E-005
0.00239006 0.996582 9.9973E-005 9.9973E-005 0.00072759 9.9973E-005
0.9995 9.996E-005 9.996E-005 9.996E-005 9.996E-005 9.996E-005
9.996E-005 0.9995 9.996E-005 9.996E-005 9.996E-005 9.996E-005
0.00146939 9.9964E-005 9.9964E-005 9.9964E-005 0.998131 9.9964E-005
0.00845405 9.9964E-005 9.9964E-005 9.9964E-005 0.991146 9.9964E-005
0.0491359 9.9982E-005 9.9982E-005 0.00583823 0.942174 0.00265228
9.9964E-005 9.9964E-005 0.00217255 9.9964E-005 0.997428 9.9964E-005
0.0358656 9.9964E-005 9.9964E-005 9.9964E-005 0.963735 9.9964E-005
0.0189901 9.9991E-005 0.00095125 0.00742877 0.968407 0.00412293
9.996E-005 9.996E-005 9.996E-005 9.996E-005 0.9995 9.996E-005
0.9995 9.996E-005 9.996E-005 9.996E-005 9.996E-005 9.996E-005
0.9995 9.996E-005 9.996E-005 9.996E-005 9.996E-005 9.996E-005
9.996E-005 9.996E-005 9.996E-005 9.996E-005 0.9995 9.996E-005
9.9973E-005 0.00369555 9.9973E-005 0.988724 0.00728026 9.9973E-005
0.0116632 0.0599345 9.9991E-005 0.910633 0.00114373 0.0165258
0.00817404 0.0738986 0.00323716 0.895917 0.00867067 0.0101024
0.0961979 0.100885 0.0566724 0.600867 0.0774625 0.0679152
0.00329371 0.0671663 0.00150176 0.914009 9.9991E-005 0.013929
0.00622084 9.9982E-005 9.9982E-005 0.982077 0.00667032 0.00483206
0.00232697 9.9964E-005 9.9964E-005 0.997273 9.9964E-005 9.9964E-005
9.996E-005 9.996E-005 9.996E-005 0.9995 9.996E-005 9.996E-005
9.9982E-005 0.0559382 0.00828168 0.920648 9.9982E-005 0.0149323
0.9995 9.996E-005 9.996E-005 9.996E-005 9.996E-005 9.996E-005
9.996E-005 0.9995 9.996E-005 9.996E-005 9.996E-005 9.996E-005
0.64287 0.0407136 0.0570573 0.0819514 0.0987778 0.0786304
0.9995 9.996E-005 9.996E-005 9.996E-005 9.996E-005 9.996E-005
0.9995 9.996E-005 9.996E-005 9.996E-005 9.996E-005 9.996E-005
9.9964E-005 0.998531 9.9964E-005 9.9964E-005 0.00106902 9.9964E-005
9.996E-005 9.996E-005 9.996E-005 9.996E-005 9.996E-005 0.9995
0.282315 0.00415472 0.0596738 9.9982E-005 0.653657 9.9982E-005
0.9995 9.996E-005 9.996E-005 9.996E-005 9.996E-005 9.996E-005
0.9995 9.996E-005 9.996E-005 9.996E-005 9.996E-005 9.996E-005
0.9995 9.996E-005 9.996E-005 9.996E-005 9.996E-005 9.996E-005
0.9995 9.996E-005 9.996E-005 9.996E-005 9.996E-005 9.996E-005
0.9995 9.996E-005 9.996E-005 9.996E-005 9.996E-005 9.996E-005
0.9995 9.996E-005 9.996E-005 9.996E-005 9.996E-005 9.996E-005
