0.0210095 9.9964E-005 0.901559 0.0487591 9.9964E-005 9.9964E-005 0.00388432 9.9964E-005 0.0214685 0.00291968
0.0168986 0.00099551 0.898276 0.037323 9.9973E-005 9.9973E-005 0.0190437 0.0014337 0.0257297 9.9973E-005
0.0603659 9.9973E-005 0.00366115 0.890774 9.9973E-005 0.00548019 0.0275417 9.9973E-005 0.0106996 0.00117779
0.0789263 9.9955E-005 0.00714586 0.876899 9.9955E-005 9.9955E-005 0.0257524 9.9955E-005 0.0107765 9.9955E-005
0.0237225 0.00245511 0.0027423 0.929836 9.9973E-005 0.0040353 0.0361717 9.9973E-005 0.00073667 9.9973E-005
9.99201E-005 9.99201E-005 9.99201E-005 0.999101 9.99201E-005 9.99201E-005 9.99201E-005 9.99201E-005 9.99201E-005 9.99201E-005
0.00447059 9.9928E-005 9.9928E-005 0.99473 9.9928E-005 9.9928E-005 9.9928E-005 9.9928E-005 9.9928E-005 9.9928E-005
0.00197523 9.9928E-005 9.9928E-005 0.997225 9.9928E-005 9.9928E-005 9.9928E-005 9.9928E-005 9.9928E-005 9.9928E-005
0.000981885 0.00573267 9.9946E-005 9.9946E-005 9.9946E-005 0.977407 9.9946E-005 0.0152787 9.9946E-005 9.9946E-005
9.9964E-005 0.00377138 0.00341636 9.9964E-005 0.000101633 0.000740742 0.988848 0.00272211 9.9964E-005 9.9964E-005
9.9937E-005 0.00128031 9.9937E-005 9.9937E-005 9.9937E-005 9.9937E-005 0.995618 9.9937E-005 9.9937E-005 0.00240196
9.9928E-005 0.000322575 9.9928E-005 9.9928E-005 9.9928E-005 9.9928E-005 9.9928E-005 0.998878 9.9928E-005 9.9928E-005
9.9928E-005 9.9928E-005 9.9928E-005 9.9928E-005 9.9928E-005 9.9928E-005 0.994232 9.9928E-005 9.9928E-005 0.00496843
9.9946E-005 0.0024704 0.000332265 9.9946E-005 9.9946E-005 9.9946E-005 0.994955 9.9946E-005 9.9946E-005 0.00164237
9.9937E-005 0.000944741 9.9937E-005 9.9937E-005 9.9937E-005 9.9937E-005 0.994466 9.9937E-005 9.9937E-005 0.00388966
9.9946E-005 0.00294087 9.9946E-005 9.9946E-005 9.9946E-005 0.000280999 0.992804 9.9946E-005 9.9946E-005 0.0033746
9.9928E-005 9.9928E-005 9.9928E-005 9.9928E-005 0.00299684 9.9928E-005 9.9928E-005 0.996204 9.9928E-005 9.9928E-005
0.968888 9.9955E-005 0.0098958 0.00469212 9.9955E-005 9.9955E-005 0.0100241 9.9955E-005 0.00599986 9.9955E-005
9.99201E-005 9.99201E-005 0.999101 9.99201E-005 9.99201E-005 9.99201E-005 9.99201E-005 9.99201E-005 9.99201E-005 9.99201E-005
9.99201E-005 9.99201E-005 0.999101 9.99201E-005 9.99201E-005 9.99201E-005 9.99201E-005 9.99201E-005 9.99201E-005 9.99201E-005
9.99201E-005 9.99201E-005 0.999101 9.99201E-005 9.99201E-005 9.99201E-005 9.99201E-005 9.99201E-005 9.99201E-005 9.99201E-005
9.99201E-005 9.99201E-005 0.999101 9.99201E-005 9.99201E-005 9.99201E-005 9.99201E-005 9.99201E-005 9.99201E-005 9.99201E-005
9.99201E-005 9.99201E-005 0.999101 9.99201E-005 9.99201E-005 9.99201E-005 9.99201E-005 9.99201E-005 9.99201E-005 9.99201E-005
9.99201E-005 9.99201E-005 0.999101 9.99201E-005 9.99201E-005 9.99201E-005 9.99201E-005 9.99201E-005 9.99201E-005 9.99201E-005
9.9928E-005 9.9928E-005 0.998148 9.9928E-005 9.9928E-005 9.9928E-005 9.9928E-005 9.9928E-005 9.9928E-005 0.00105231
9.99201E-005 9.99201E-005 0.999101 9.99201E-005 9.99201E-005 9.99201E-005 9.99201E-005 9.99201E-005 9.99201E-005 9.99201E-005
0.00443794 9.9928E-005 0.994763 9.9928E-005 9.9928E-005 9.9928E-005 9.9928E-005 9.9928E-005 9.9928E-005 9.9928E-005
9.9937E-005 0.00123296 0.995404 9.9937E-005 9.9937E-005 0.00266315 9.9937E-005 9.9937E-005 9.9937E-005 9.9937E-005
9.9946E-005 9.9946E-005 0.0220342 9.9946E-005 9.9946E-005 9.9946E-005 0.00294431 9.9946E-005 0.973901 0.000521212
9.9955E-005 9.9955E-005 0.00281087 0.0154277 9.9955E-005 0.0018144 0.00722049 9.9955E-005 0.972227 9.9955E-005
9.99201E-005 9.99201E-005 9.99201E-005 9.99201E-005 9.99201E-005 9.99201E-005 9.99201E-005 9.99201E-005 0.999101 9.99201E-005
9.9928E-005 0.000369056 9.9928E-005 9.9928E-005 9.9928E-005 9.9928E-005 9.9928E-005 9.9928E-005 0.998832 9.9928E-005
9.99201E-005 9.99201E-005 9.99201E-005 9.99201E-005 9.99201E-005 9.99201E-005 9.99201E-005 9.99201E-005 0.999101 9.99201E-005
0.999101 9.99201E-005 9.99201E-005 9.99201E-005 9.99201E-005 9.99201E-005 9.99201E-005 9.99201E-005 9.99201E-005 9.99201E-005
0.999101 9.99201E-005 9.99201E-005 9.99201E-005 9.99201E-005 9.99201E-005 9.99201E-005 9.99201E-005 9.99201E-005 9.99201E-005
0.999101 9.99201E-005 9.99201E-005 9.99201E-005 9.99201E-005 9.99201E-005 9.99201E-005 9.99201E-005 9.99201E-005 9.99201E-005
0.999101 9.99201E-005 9.99201E-005 9.99201E-005 9.99201E-005 9.99201E-005 9.99201E-005 9.99201E-005 9.99201E-005 9.99201E-005
9.9928E-005 9.9928E-005 9.9928E-005 9.9928E-005 9.9928E-005 9.9928E-005 9.9928E-005 0.0141591 9.9928E-005 0.985041
9.99201E-005 9.99201E-005 9.99201E-005 9.99201E-005 9.99201E-005 9.99201E-005 9.99201E-005 9.99201E-005 0.999101 9.99201E-005
9.9928E-005 0.00135379 9.9928E-005 9.9928E-005 9.9928E-005 9.9928E-005 9.9928E-005 9.9928E-005 0.997847 9.9928E-005
9.99201E-005 9.99201E-005 9.99201E-005 9.99201E-005 9.99201E-005 9.99201E-005 9.99201E-005 9.99201E-005 0.999101 9.99201E-005
9.9937E-005 9.9937E-005 9.9937E-005 9.9937E-005 0.00199421 9.9937E-005 9.9937E-005 0.000359269 0.996947 9.9937E-005
9.99437E-005 0.00206951 9.99437E-005 9.99437E-005 9.99437E-005 0.98989 9.99437E-005 0.00734126 9.99437E-005 9.99437E-005
9.9982E-005 0.0002942 0.000836031 9.9982E-005 0.0647165 0.913985 0.00177798 0.00615194 0.00515918 0.00687889
9.9946E-005 0.00106445 0.00945827 9.9946E-005 9.9946E-005 0.985501 9.9946E-005 0.00337675 9.9946E-005 9.9946E-005
9.9955E-005 9.9955E-005 9.9955E-005 0.00691179 0.0160572 0.973754 0.00137485 9.9955E-005 9.9955E-005 0.00140258
9.9973E-005 0.000846872 9.9973E-005 0.00118912 0.00238452 0.983457 0.00746703 9.9973E-005 0.00222766 0.00212806
9.9955E-005 9.9955E-005 9.9955E-005 0.0011182 0.00356812 0.992662 0.000870365 9.9955E-005 0.00128118 9.9955E-005
9.9937E-005 9.9937E-005 9.9937E-005 9.9937E-005 9.9937E-005 0.989261 9.9937E-005 0.00805385 9.9937E-005 0.00198509
9.9946E-005 9.9946E-005 9.9946E-005 9.9946E-005 0.00991663 0.973541 9.9946E-005 9.9946E-005 0.00403673 0.0119058
9.99281E-005 9.99281E-005 9.99281E-005 0.017043 9.99281E-005 9.99281E-005 0.982158 9.99281E-005 9.99281E-005 9.99281E-005
9.99636E-005 0.00184108 0.011392 0.0233615 9.99636E-005 9.99636E-005 0.95905 9.99636E-005 0.00385574 9.99636E-005
9.9946E-005 9.9946E-005 0.00378069 0.0179341 9.9946E-005 9.9946E-005 0.972513 9.9946E-005 0.00517261 9.9946E-005
9.99201E-005 9.99201E-005 9.99201E-005 9.99201E-005 9.99201E-005 9.99201E-005 0.999101 9.99201E-005 9.99201E-005 9.99201E-005
9.9946E-005 0.00545434 9.9946E-005 9.9946E-005 0.00252449 0.00516907 0.986252 9.9946E-005 9.9946E-005 9.9946E-005
0.0106904 9.9928E-005 9.9928E-005 9.9928E-005 9.9928E-005 9.9928E-005 0.98851 9.9928E-005 9.9928E-005 9.9928E-005
9.99201E-005 0.999101 9.99201E-005 9.99201E-005 9.99201E-005 9.99201E-005 9.99201E-005 9.99201E-005 9.99201E-005 9.99201E-005
9.99201E-005 9.99201E-005 9.99201E-005 9.99201E-005 9.99201E-005 0.999101 9.99201E-005 9.99201E-005 9.99201E-005 9.99201E-005
9.9937E-005 0.997402 9.9937E-005 9.9937E-005 0.000775766 9.9937E-005 9.9937E-005 9.9937E-005 9.9937E-005 0.00112297
9.9928E-005 9.9928E-005 9.9928E-005 9.9928E-005 9.9928E-005 0.999051 9.9928E-005 9.9928E-005 9.9928E-005 0.000150023
0.00197597 9.9928E-005 9.9928E-005 9.9928E-005 9.9928E-005 0.997225 9.9928E-005 9.9928E-005 9.9928E-005 9.9928E-005
0.0224541 0.000320423 0.0113343 0.921833 9.9973E-005 0.00145663 0.0251568 9.9973E-005 0.0171444 9.9973E-005
9.99201E-005 9.99201E-005 9.99201E-005 0.999101 9.99201E-005 9.99201E-005 9.99201E-005 9.99201E-005 9.99201E-005 9.99201E-005
9.99201E-005 9.99201E-005 9.99201E-005 0.999101 9.99201E-005 9.99201E-005 9.99201E-005 9.99201E-005 9.99201E-005 9.99201E-005
0.0209353 0.00162882 0.00361929 0.914017 0.00380819 9.9973E-005 0.0425556 9.9973E-005 0.0131356 9.9973E-005
0.0213468 0.00137844 0.00259984 0.92977 9.9973E-005 9.9973E-005 0.0346749 9.9973E-005 0.00940018 0.000530127
9.9937E-005 9.9937E-005 9.9937E-005 0.996675 9.9937E-005 9.9937E-005 0.00223764 0.000387725 9.9937E-005 9.9937E-005
9.99201E-005 9.99201E-005 9.99201E-005 9.99201E-005 9.99201E-005 0.999101 9.99201E-005 9.99201E-005 9.99201E-005 9.99201E-005
0.00135479 0.00797289 9.9964E-005 9.9964E-005 0.0521495 0.92094 9.9964E-005 0.0151105 0.00207195 9.9964E-005
9.9937E-005 9.9937E-005 0.00352311 9.9937E-005 9.9937E-005 0.993065 9.9937E-005 0.00271282 9.9937E-005 9.9937E-005
9.9946E-005 0.00267734 0.00228013 9.9946E-005 9.9946E-005 0.984871 9.9946E-005 0.00957233 9.9946E-005 9.9946E-005
9.9937E-005 9.9937E-005 0.0026694 9.9937E-005 9.9937E-005 0.98668 9.9937E-005 0.00995083 9.9937E-005 9.9937E-005
9.99317E-005 9.99317E-005 9.99317E-005 9.99317E-005 0.0102807 0.98892 9.99317E-005 9.99317E-005 9.99317E-005 9.99317E-005
9.9946E-005 9.9946E-005 0.00115259 9.9946E-005 0.0617764 0.922843 9.9946E-005 9.9946E-005 9.9946E-005 0.0136284
9.9946E-005 9.9946E-005 9.9946E-005 9.9946E-005 0.0801481 0.90117 9.9946E-005 9.9946E-005 0.00285669 0.0152254
9.9973E-005 0.004497 9.9973E-005 0.000766981 0.0636081 0.916629 9.9973E-005 0.00548682 0.00354454 0.00516774
9.9928E-005 9.9928E-005 0.00759227 9.9928E-005 9.9928E-005 0.991608 9.9928E-005 9.9928E-005 9.9928E-005 9.9928E-005
9.9937E-005 9.9937E-005 9.9937E-005 9.9937E-005 0.0737106 0.905914 9.9937E-005 9.9937E-005 9.9937E-005 0.0196762
9.9946E-005 9.9946E-005 9.9946E-005 9.9946E-005 0.0911809 0.890605 0.000154207 9.9946E-005 9.9946E-005 0.01746
9.99552E-005 0.00532142 9.99552E-005 9.99552E-005 0.0435736 0.923256 9.99552E-005 0.0271701 0.000179397 9.99552E-005
9.9946E-005 9.9946E-005 0.00118859 9.9946E-005 0.0643362 0.920637 9.9946E-005 0.0132381 9.9946E-005 9.9946E-005
0.0500206 9.9964E-005 0.0115103 0.897589 9.9964E-005 9.9964E-005 0.0373391 9.9964E-005 0.00292703 0.00021371
0.915019 9.9955E-005 0.00242249 0.0426394 9.9955E-005 9.9955E-005 0.0364548 9.9955E-005 0.00296503 9.9955E-005
0.975801 9.9955E-005 0.00431363 0.00594316 9.9955E-005 9.9955E-005 0.0103866 9.9955E-005 0.0030562 9.9955E-005
9.9937E-005 9.9937E-005 9.9937E-005 9.9937E-005 0.015959 9.9937E-005 0.000120735 9.9937E-005 9.9937E-005 0.983221
9.9928E-005 9.9928E-005 9.9928E-005 9.9928E-005 9.9928E-005 9.9928E-005 9.9928E-005 0.00558914 9.9928E-005 0.993611
0.981387 0.000652285 9.9937E-005 9.9937E-005 9.9937E-005 9.9937E-005 0.0172615 9.9937E-005 9.9937E-005 9.9937E-005
0.446861 0.00605763 0.0369104 0.322446 9.9982E-005 0.00737956 0.13641 0.00225443 0.0414808 9.9982E-005
0.34858 0.0661115 0.0539827 0.215115 9.9991E-005 0.076905 0.14404 0.019464 0.0586094 0.017092
0.0585211 0.000137972 0.0936019 0.0746638 9.9973E-005 9.9973E-005 0.0216873 0.00603146 0.745057 9.9973E-005
0.0645421 9.9973E-005 0.1046 0.0625104 9.9973E-005 0.00260579 0.031886 0.00220595 0.73135 9.9973E-005
9.9937E-005 9.9937E-005 9.9937E-005 0.00231858 0.000510838 9.9937E-005 9.9937E-005 9.9937E-005 9.9937E-005 0.996471
9.99201E-005 9.99201E-005 9.99201E-005 9.99201E-005 9.99201E-005 9.99201E-005 9.99201E-005 9.99201E-005 9.99201E-005 0.999101
0.0530244 0.00390039 0.102074 0.0632291 0.00033189 0.00330645 0.0197174 0.00428463 0.750031 9.9991E-005
0.436935 0.00118507 0.0435945 0.346852 9.9973E-005 9.9973E-005 0.128655 9.9973E-005 0.040714 0.00176373
9.99201E-005 9.99201E-005 9.99201E-005 9.99201E-005 9.99201E-005 9.99201E-005 9.99201E-005 9.99201E-005 9.99201E-005 0.999101
0.0619566 9.9973E-005 0.102128 0.0562473 0.00130406 9.9973E-005 0.0196668 0.00298925 0.755408 9.9973E-005
0.904791 0.0045437 0.00799195 0.0337096 9.9982E-005 0.00367919 0.0332225 0.00535388 0.00650806 9.9982E-005
0.985316 9.9937E-005 9.9937E-005 0.00995 9.9937E-005 9.9937E-005 0.00403396 9.9937E-005 9.9937E-005 9.9937E-005
0.423276 0.0365851 0.0552382 0.224834 0.00346486 0.0329711 0.162579 0.016337 0.0387992 0.00591567
0.148197 0.00901589 0.296425 0.142802 9.998E-005 0.0096894 0.116884 0.00623732 0.270551 9.998E-005
0.959596 9.9955E-005 9.9955E-005 0.00850468 9.9955E-005 9.9955E-005 0.0166983 9.9955E-005 0.0107095 0.00399197
0.956355 9.9955E-005 0.00846206 0.00765578 9.9955E-005 9.9955E-005 0.0182284 9.9955E-005 0.00879902 9.9955E-005
0.966729 9.9955E-005 0.00247361 9.9955E-005 9.9955E-005 9.9955E-005 0.0217381 9.9955E-005 0.00601624 0.00254283
9.9955E-005 0.00424951 0.00258251 9.9955E-005 9.9955E-005 9.9955E-005 0.00493748 0.0452877 9.9955E-005 0.942443
0.968891 9.9964E-005 0.00576489 0.00975214 9.9964E-005 0.00231019 0.00806093 9.9964E-005 0.00482135 9.9964E-005
9.9964E-005 0.00142362 9.9964E-005 9.9964E-005 0.00387178 0.000945382 9.9964E-005 0.0013687 0.00302253 0.988968
0.999101 9.99201E-005 9.99201E-005 9.99201E-005 9.99201E-005 9.99201E-005 9.99201E-005 9.99201E-005 9.99201E-005 9.99201E-005
9.9928E-005 9.9928E-005 9.9928E-005 9.9928E-005 0.00643728 9.9928E-005 9.9928E-005 9.9928E-005 9.9928E-005 0.992763
9.9928E-005 9.9928E-005 9.9928E-005 9.9928E-005 9.9928E-005 9.9928E-005 9.9928E-005 9.9928E-005 0.998534 0.000666793
0.999101 9.99201E-005 9.99201E-005 9.99201E-005 9.99201E-005 9.99201E-005 9.99201E-005 9.99201E-005 9.99201E-005 9.99201E-005
9.9946E-005 9.9946E-005 0.0272072 0.0106386 9.9946E-005 9.9946E-005 0.0147384 9.9946E-005 0.946816 9.9946E-005
0.999101 9.99201E-005 9.99201E-005 9.99201E-005 9.99201E-005 9.99201E-005 9.99201E-005 9.99201E-005 9.99201E-005 9.99201E-005
0.995053 9.9928E-005 0.00414803 9.9928E-005 9.9928E-005 9.9928E-005 9.9928E-005 9.9928E-005 9.9928E-005 9.9928E-005
0.999101 9.99201E-005 9.99201E-005 9.99201E-005 9.99201E-005 9.99201E-005 9.99201E-005 9.99201E-005 9.99201E-005 9.99201E-005
0.999101 9.99201E-005 9.99201E-005 9.99201E-005 9.99201E-005 9.99201E-005 9.99201E-005 9.99201E-005 9.99201E-005 9.99201E-005
9.9928E-005 9.9928E-005 9.9928E-005 9.9928E-005 9.9928E-005 9.9928E-005 9.9928E-005 0.00166929 9.9928E-005 0.997531
9.9937E-005 9.9937E-005 0.014036 0.954514 9.9937E-005 9.9937E-005 0.0307504 9.9937E-005 9.9937E-005 9.9937E-005
9.99371E-005 9.99371E-005 0.0102941 0.97305 9.99371E-005 9.99371E-005 0.0159564 9.99371E-005 9.99371E-005 9.99371E-005
0.0496627 0.000483261 0.00111324 0.909852 9.9973E-005 9.9973E-005 0.0258234 9.9973E-005 0.00932591 0.00344009
9.9946E-005 0.000240673 0.00519148 9.9946E-005 9.9946E-005 9.9946E-005 0.99054 9.9946E-005 9.9946E-005 0.00342825
9.9955E-005 0.0094419 9.9955E-005 0.0070524 0.00484563 9.9955E-005 0.00674899 9.9955E-005 9.9955E-005 0.971411
0.0196933 9.9946E-005 9.9946E-005 0.0128405 9.9946E-005 9.9946E-005 0.954649 9.9946E-005 0.0122176 9.9946E-005
9.9928E-005 9.9928E-005 9.9928E-005 9.9928E-005 9.9928E-005 9.9928E-005 0.99589 9.9928E-005 0.00331107 9.9928E-005
0.00716434 9.9964E-005 0.00108373 0.0187602 0.000647724 9.9964E-005 0.967539 9.9964E-005 0.00440474 9.9964E-005
9.99201E-005 9.99201E-005 9.99201E-005 9.99201E-005 9.99201E-005 9.99201E-005 0.999101 9.99201E-005 9.99201E-005 9.99201E-005
0.00975939 9.9937E-005 9.9937E-005 9.9937E-005 9.9937E-005 9.9937E-005 0.988841 9.9937E-005 0.000699687 9.9937E-005
9.99201E-005 9.99201E-005 9.99201E-005 9.99201E-005 9.99201E-005 9.99201E-005 9.99201E-005 9.99201E-005 0.999101 9.99201E-005
9.99201E-005 9.99201E-005 9.99201E-005 9.99201E-005 9.99201E-005 9.99201E-005 9.99201E-005 9.99201E-005 0.999101 9.99201E-005
9.99201E-005 9.99201E-005 9.99201E-005 9.99201E-005 9.99201E-005 9.99201E-005 9.99201E-005 9.99201E-005 0.999101 9.99201E-005
9.9937E-005 0.00297196 9.9937E-005 9.9937E-005 0.00375217 9.9937E-005 9.9937E-005 9.9937E-005 0.992576 9.9937E-005
0.00480753 9.9955E-005 0.00590847 9.9955E-005 9.9955E-005 9.9955E-005 0.94222 9.9955E-005 0.0155694 0.0309952
9.9937E-005 9.9937E-005 9.9937E-005 0.0145143 9.9937E-005 9.9937E-005 0.00476569 9.9937E-005 0.98002 9.9937E-005
9.99201E-005 9.99201E-005 9.99201E-005 9.99201E-005 9.99201E-005 9.99201E-005 0.999101 9.99201E-005 9.99201E-005 9.99201E-005
0.011615 9.9946E-005 9.9946E-005 0.010582 9.9946E-005 9.9946E-005 0.975851 9.9946E-005 9.9946E-005 0.0013523
0.0218752 9.9946E-005 9.9946E-005 0.0133452 9.9946E-005 9.9946E-005 0.962668 9.9946E-005 0.00151159 9.9946E-005
0.00778886 0.000693835 9.9946E-005 9.9946E-005 9.9946E-005 9.9946E-005 0.987745 9.9946E-005 0.0031723 9.9946E-005
0.0152955 9.9937E-005 9.9937E-005 0.0144171 9.9937E-005 9.9937E-005 0.969588 9.9937E-005 9.9937E-005 9.9937E-005
9.9946E-005 0.000123936 0.00683894 0.00876627 9.9946E-005 9.9946E-005 0.983671 9.9946E-005 9.9946E-005 9.9946E-005
0.0190045 9.9946E-005 9.9946E-005 9.9946E-005 9.9946E-005 0.000943006 0.978023 0.00142961 9.9946E-005 9.9946E-005
0.0260298 9.9946E-005 9.9946E-005 0.0149944 9.9946E-005 9.9946E-005 0.9539 9.9946E-005 0.00447629 9.9946E-005
0.00121793 0.000622503 0.0158777 0.0340398 9.9964E-005 9.9964E-005 0.947163 9.9964E-005 0.000678992 9.9964E-005
0.00603396 9.9955E-005 9.9955E-005 0.0213061 0.00147403 9.9955E-005 0.968425 9.9955E-005 0.00226084 9.9955E-005
9.9955E-005 0.00250232 0.00386437 9.9955E-005 9.9955E-005 0.00232443 0.987246 9.9955E-005 0.00356342 9.9955E-005
9.9937E-005 9.9937E-005 0.00999763 9.9937E-005 9.9937E-005 0.00103639 0.988266 9.9937E-005 9.9937E-005 9.9937E-005
0.0164572 9.9946E-005 9.9946E-005 0.0100664 9.9946E-005 9.9946E-005 0.970479 9.9946E-005 0.00239734 9.9946E-005
0.0106007 0.00266844 0.00205119 0.0200358 9.9964E-005 0.00279271 0.961451 9.9964E-005 9.9964E-005 9.9964E-005
0.0127597 9.9964E-005 0.000557776 0.00778827 9.9964E-005 9.9964E-005 0.973405 0.00211863 0.00297093 9.9964E-005
9.99886E-005 0.0117906 9.99886E-005 0.00617508 0.0130046 0.00230367 0.962178 0.000691208 0.0025245 0.00113223
9.9937E-005 9.9937E-005 9.9937E-005 9.9937E-005 0.0117345 0.980328 9.9937E-005 9.9937E-005 9.9937E-005 0.00723834
9.9928E-005 9.9928E-005 9.9928E-005 9.9928E-005 0.00234115 0.996859 9.9928E-005 9.9928E-005 9.9928E-005 9.9928E-005
9.9937E-005 0.0023078 9.9937E-005 0.0045653 9.9937E-005 0.992427 9.9937E-005 9.9937E-005 9.9937E-005 9.9937E-005
0.00503952 0.00407995 9.9964E-005 9.9964E-005 9.9964E-005 0.00248164 0.968206 9.9964E-005 0.0146073 0.00518534
0.135874 0.0244691 0.27602 0.129696 0.00954565 0.00732459 0.121733 0.0343063 0.260931 9.9991E-005
9.99329E-005 0.997441 9.99329E-005 9.99329E-005 9.99329E-005 9.99329E-005 9.99329E-005 9.99329E-005 9.99329E-005 0.00175945
9.9928E-005 0.992325 9.9928E-005 9.9928E-005 9.9928E-005 9.9928E-005 9.9928E-005 9.9928E-005 0.0068755 9.9928E-005
9.9928E-005 0.997186 9.9928E-005 9.9928E-005 9.9928E-005 9.9928E-005 9.9928E-005 9.9928E-005 0.00201414 9.9928E-005
9.99281E-005 0.996027 9.99281E-005 9.99281E-005 9.99281E-005 9.99281E-005 9.99281E-005 0.00317366 9.99281E-005 9.99281E-005
9.99201E-005 0.999101 9.99201E-005 9.99201E-005 9.99201E-005 9.99201E-005 9.99201E-005 9.99201E-005 9.99201E-005 9.99201E-005
9.99201E-005 0.999101 9.99201E-005 9.99201E-005 9.99201E-005 9.99201E-005 9.99201E-005 9.99201E-005 9.99201E-005 9.99201E-005
9.9928E-005 9.9928E-005 9.9928E-005 9.9928E-005 0.972639 0.0265613 9.9928E-005 9.9928E-005 9.9928E-005 9.9928E-005
9.9937E-005 0.997218 0.00186743 9.9937E-005 9.9937E-005 0.00021497 9.9937E-005 9.9937E-005 9.9937E-005 9.9937E-005
9.9928E-005 9.9928E-005 9.9928E-005 0.00155921 9.9928E-005 0.997641 9.9928E-005 9.9928E-005 9.9928E-005 9.9928E-005
9.9955E-005 0.976062 0.00487879 0.0079973 0.00542591 9.9955E-005 0.00513622 9.9955E-005 9.9955E-005 9.9955E-005
9.99281E-005 0.992805 9.99281E-005 9.99281E-005 9.99281E-005 9.99281E-005 9.99281E-005 0.00639601 9.99281E-005 9.99281E-005
9.99201E-005 0.999101 9.99201E-005 9.99201E-005 9.99201E-005 9.99201E-005 9.99201E-005 9.99201E-005 9.99201E-005 9.99201E-005
9.99281E-005 0.997041 9.99281E-005 9.99281E-005 9.99281E-005 9.99281E-005 9.99281E-005 0.00215971 9.99281E-005 9.99281E-005
0.00828875 0.00101099 0.00803088 0.0169544 9.9955E-005 9.9955E-005 0.965215 9.9955E-005 9.9955E-005 9.9955E-005
9.9928E-005 0.996797 9.9928E-005 9.9928E-005 0.00240343 9.9928E-005 9.9928E-005 9.9928E-005 9.9928E-005 9.9928E-005
9.9937E-005 0.00251792 9.9937E-005 9.9937E-005 9.9937E-005 0.991754 9.9937E-005 0.00502864 9.9937E-005 9.9937E-005
0.00339349 9.9955E-005 9.9955E-005 9.9955E-005 9.9955E-005 0.00247848 0.988041 0.00300178 0.00258568 9.9955E-005
0.00382388 9.9946E-005 0.00335264 0.977989 9.9946E-005 9.9946E-005 0.0142349 9.9946E-005 9.9946E-005 9.9946E-005
9.9937E-005 0.996558 9.9937E-005 0.00245344 9.9937E-005 9.9937E-005 9.9937E-005 9.9937E-005 9.9937E-005 0.000289474
0.00189372 9.9946E-005 9.9946E-005 0.000373385 9.9946E-005 9.9946E-005 9.9946E-005 0.00301573 9.9946E-005 0.994117
9.9955E-005 0.00385073 9.9955E-005 0.00134089 9.9955E-005 9.9955E-005 0.0043188 0.0191939 9.9955E-005 0.970796
9.99201E-005 9.99201E-005 9.99201E-005 0.999101 9.99201E-005 9.99201E-005 9.99201E-005 9.99201E-005 9.99201E-005 9.99201E-005
9.99393E-005 0.0014647 9.99393E-005 9.99393E-005 9.99393E-005 9.99393E-005 9.99393E-005 0.0195905 9.99393E-005 0.978245
0.00575675 9.9937E-005 9.9937E-005 9.9937E-005 9.9937E-005 9.9937E-005 0.99318 0.000364092 9.9937E-005 9.9937E-005
9.9937E-005 9.9937E-005 9.9937E-005 0.00715945 9.9937E-005 9.9937E-005 0.991886 9.9937E-005 0.000254925 9.9937E-005
0.0376215 0.00538797 9.9973E-005 0.00632261 0.00231543 0.000960439 0.944583 0.00250924 9.9973E-005 9.9973E-005
0.013497 9.9955E-005 0.00409976 0.00213594 9.9955E-005 9.9955E-005 0.977222 9.9955E-005 0.00254515 9.9955E-005
0.0213771 9.9946E-005 9.9946E-005 0.0256782 9.9946E-005 9.9946E-005 0.949082 9.9946E-005 0.00326337 9.9946E-005
0.00429314 0.00332302 0.00127704 0.0204988 0.0112496 9.9982E-005 0.957308 0.000886738 0.000963343 9.9982E-005
0.00511289 9.9946E-005 9.9946E-005 9.9946E-005 9.9946E-005 0.00115258 0.98398 9.9946E-005 0.00915527 9.9946E-005
9.99201E-005 9.99201E-005 9.99201E-005 0.999101 9.99201E-005 9.99201E-005 9.99201E-005 9.99201E-005 9.99201E-005 9.99201E-005
9.9937E-005 9.9937E-005 9.9937E-005 0.992945 9.9937E-005 9.9937E-005 0.00455565 9.9937E-005 0.00179943 9.9937E-005
9.99281E-005 9.99281E-005 9.99281E-005 0.00307823 9.99281E-005 9.99281E-005 0.996122 9.99281E-005 9.99281E-005 9.99281E-005
9.9946E-005 9.9946E-005 9.9946E-005 9.9946E-005 0.0159779 0.971261 0.00126093 9.9946E-005 9.9946E-005 0.0109004
9.9928E-005 9.9928E-005 9.9928E-005 9.9928E-005 0.99338 0.00582008 9.9928E-005 9.9928E-005 9.9928E-005 9.9928E-005
9.99201E-005 9.99201E-005 9.99201E-005 9.99201E-005 0.999101 9.99201E-005 9.99201E-005 9.99201E-005 9.99201E-005 9.99201E-005
9.9973E-005 0.0474072 0.033223 0.0616401 0.737852 9.9973E-005 0.0927986 9.9973E-005 0.0125869 0.0141926
9.9928E-005 9.9928E-005 9.9928E-005 9.9928E-005 0.965686 0.0335148 9.9928E-005 9.9928E-005 9.9928E-005 9.9928E-005
0.00277295 0.00745386 9.9955E-005 9.9955E-005 9.9955E-005 0.970461 0.00676312 9.9955E-005 9.9955E-005 0.0120489
9.9937E-005 9.9937E-005 9.9937E-005 0.000544432 9.9937E-005 0.996709 9.9937E-005 9.9937E-005 9.9937E-005 0.00204671
9.99201E-005 9.99201E-005 9.99201E-005 9.99201E-005 9.99201E-005 0.999101 9.99201E-005 9.99201E-005 9.99201E-005 9.99201E-005
9.9928E-005 9.9928E-005 9.9928E-005 9.9928E-005 0.978807 0.0203931 9.9928E-005 9.9928E-005 9.9928E-005 9.9928E-005
9.9928E-005 9.9928E-005 9.9928E-005 0.991725 9.9928E-005 9.9928E-005 0.00747574 9.9928E-005 9.9928E-005 9.9928E-005
9.9928E-005 9.9928E-005 9.9928E-005 9.9928E-005 9.9928E-005 9.9928E-005 9.9928E-005 0.00873897 9.9928E-005 0.990462
0.00223632 0.081382 0.0488043 0.6053 0.0274903 0.0419318 0.0907919 0.0280718 0.052684 0.0213071
9.99393E-005 9.99393E-005 9.99393E-005 0.994648 0.000812062 9.99393E-005 9.99393E-005 9.99393E-005 0.00383997 9.99393E-005
0.000684113 9.9946E-005 9.9946E-005 0.974715 9.9946E-005 9.9946E-005 0.0138907 9.9946E-005 0.0101107 9.9946E-005
9.9946E-005 9.9946E-005 9.9946E-005 0.00294509 0.00485402 9.9946E-005 9.9946E-005 9.9946E-005 0.00233025 0.989271
9.9937E-005 0.997637 9.9937E-005 9.9937E-005 9.9937E-005 9.9937E-005 0.000277132 9.9937E-005 0.00138602 9.9937E-005
0.147694 9.9964E-005 0.0340138 0.1492 9.9964E-005 9.9964E-005 0.632911 0.00211207 0.033669 9.9964E-005
9.99201E-005 9.99201E-005 9.99201E-005 0.999101 9.99201E-005 9.99201E-005 9.99201E-005 9.99201E-005 9.99201E-005 9.99201E-005
9.99201E-005 9.99201E-005 9.99201E-005 0.999101 9.99201E-005 9.99201E-005 9.99201E-005 9.99201E-005 9.99201E-005 9.99201E-005
9.99201E-005 9.99201E-005 9.99201E-005 0.999101 9.99201E-005 9.99201E-005 9.99201E-005 9.99201E-005 9.99201E-005 9.99201E-005
9.9946E-005 0.00065063 9.9946E-005 0.996586 0.00111395 9.9946E-005 9.9946E-005 9.9946E-005 9.9946E-005 0.00104972
9.99201E-005 9.99201E-005 9.99201E-005 0.999101 9.99201E-005 9.99201E-005 9.99201E-005 9.99201E-005 9.99201E-005 9.99201E-005
9.99201E-005 9.99201E-005 9.99201E-005 0.999101 9.99201E-005 9.99201E-005 9.99201E-005 9.99201E-005 9.99201E-005 9.99201E-005
