0.00122949 0.667299 0.0040082 0.215986 0.10394 0.00753684
0.0109184 0.673054 0.00555958 0.194087 0.11394 0.00244066
0.00124292 0.00230054 0.000814904 0.990383 0.00173852 0.00352024
9.996E-005 9.996E-005 9.996E-005 0.9995 9.996E-005 9.996E-005
0.00351856 9.9982E-005 0.00146528 0.993459 9.9982E-005 0.00135741
9.996E-005 9.996E-005 9.996E-005 0.9995 9.996E-005 9.996E-005
9.996E-005 9.996E-005 9.996E-005 0.9995 9.996E-005 9.996E-005
9.996E-005 9.996E-005 9.996E-005 0.9995 9.996E-005 9.996E-005
0.995788 9.9964E-005 0.00381261 9.9964E-005 9.9964E-005 9.9964E-005
0.00113094 9.9973E-005 0.00518236 9.9973E-005 0.993387 9.9973E-005
0.000446265 9.9982E-005 0.0015135 9.9982E-005 0.996334 0.0015062
0.119634 0.0335279 0.0524406 0.00273301 9.9991E-005 0.791564
0.00505383 9.9982E-005 0.0022579 9.9982E-005 0.991811 0.000677177
9.9964E-005 9.9964E-005 0.00106149 9.9964E-005 0.998539 9.9964E-005
9.9973E-005 9.9973E-005 0.00290031 9.9973E-005 0.993517 0.0032829
0.00212347 9.9982E-005 0.000969299 9.9982E-005 0.994704 0.00200345
0.12816 0.0248895 0.0456421 0.0186326 0.00151428 0.781161
0.00117518 0.0472993 0.000309568 0.863513 0.0858039 0.00189867
0.00879587 0.712822 0.00436542 0.168972 0.095617 0.0094273
0.0145758 0.694406 0.00830787 0.185086 0.0975235 9.9991E-005
0.00677297 0.707151 0.00540787 0.188332 0.0887162 0.00361962
0.00711103 0.734646 0.00720036 0.17011 0.0781096 0.00282361
0.00467083 0.706818 0.00795178 0.17725 0.0952411 0.00806918
0.0029719 0.709193 0.00850842 0.187488 0.0869476 0.0048912
0.00450006 0.721981 0.0050306 0.170612 0.0908878 0.00698811
0.00745572 0.703306 0.00832186 0.180461 0.0992302 0.00122496
0.00520587 0.71033 0.00721464 0.178356 0.0902721 0.00862158
0.00586836 0.71797 0.0114265 0.161323 0.0972156 0.00619649
9.996E-005 0.9995 9.996E-005 9.996E-005 9.996E-005 9.996E-005
9.996E-005 0.9995 9.996E-005 9.996E-005 9.996E-005 9.996E-005
9.996E-005 0.9995 9.996E-005 9.996E-005 9.996E-005 9.996E-005
9.996E-005 0.9995 9.996E-005 9.996E-005 9.996E-005 9.996E-005
9.996E-005 0.9995 9.996E-005 9.996E-005 9.996E-005 9.996E-005
0.00172144 0.0300192 9.9991E-005 0.894459 0.0708854 0.00281513
9.999E-005 0.0332079 0.00256544 0.871295 0.0897014 0.00313061
9.9982E-005 0.0311891 0.00108177 0.901317 0.0662121 9.9982E-005
9.9982E-005 0.0393086 9.9982E-005 0.872193 0.0819796 0.00631858
9.996E-005 9.996E-005 9.996E-005 9.996E-005 9.996E-005 0.9995
9.996E-005 0.9995 9.996E-005 9.996E-005 9.996E-005 9.996E-005
9.996E-005 0.9995 9.996E-005 9.996E-005 9.996E-005 9.996E-005
9.996E-005 0.9995 9.996E-005 9.996E-005 9.996E-005 9.996E-005
9.996E-005 0.9995 9.996E-005 9.996E-005 9.996E-005 9.996E-005
0.997872 9.9964E-005 0.00172842 9.9964E-005 9.9964E-005 9.9964E-005
0.980332 0.0041676 9.9982E-005 0.00620067 9.9982E-005 0.00910004
0.99693 0.00124838 0.00152183 9.9973E-005 9.9973E-005 9.9973E-005
0.992305 9.9964E-005 9.9964E-005 0.00729519 9.9964E-005 9.9964E-005
0.99015 9.9964E-005 9.9964E-005 0.00945025 9.9964E-005 9.9964E-005
0.997202 0.00181382 9.9973E-005 0.000684163 9.9973E-005 9.9973E-005
0.998194 9.9964E-005 9.9964E-005 9.9964E-005 0.0014066 9.9964E-005
0.998732 9.9964E-005 9.9964E-005 9.9964E-005 9.9964E-005 0.000868207
0.00579506 9.9973E-005 9.9973E-005 0.00244354 0.991461 9.9973E-005
0.00110041 0.0104261 0.00145069 0.00721173 0.979711 9.9991E-005
9.9973E-005 0.00600219 9.9973E-005 0.016139 0.977559 9.9973E-005
9.996E-005 9.996E-005 9.996E-005 9.996E-005 0.9995 9.996E-005
0.002127 9.9982E-005 0.00650957 9.9982E-005 0.988034 0.00312917
9.996E-005 9.996E-005 9.996E-005 9.996E-005 0.9995 9.996E-005
9.996E-005 9.996E-005 0.9995 9.996E-005 9.996E-005 9.996E-005
0.9995 9.996E-005 9.996E-005 9.996E-005 9.996E-005 9.996E-005
9.9964E-005 9.9964E-005 0.994701 0.0048988 9.9964E-005 9.9964E-005
0.9995 9.996E-005 9.996E-005 9.996E-005 9.996E-005 9.996E-005
0.999142 9.9964E-005 9.9964E-005 9.9964E-005 0.000458482 9.9964E-005
0.00239913 0.00521902 0.0016651 0.990517 9.9982E-005 9.9982E-005
9.996E-005 9.996E-005 9.996E-005 0.9995 9.996E-005 9.996E-005
9.996E-005 9.996E-005 9.996E-005 0.9995 9.996E-005 9.996E-005
0.00113078 9.9991E-005 0.00351218 0.987627 0.00570005 0.00192958
0.000418455 9.9982E-005 0.00236175 0.995202 9.9982E-005 0.00181781
9.996E-005 9.996E-005 9.996E-005 0.9995 9.996E-005 9.996E-005
0.997004 9.9964E-005 9.9964E-005 0.00259657 9.9964E-005 9.9964E-005
0.983523 0.00574488 0.00863978 9.9982E-005 0.00189257 9.9982E-005
0.9995 9.996E-005 9.996E-005 9.996E-005 9.996E-005 9.996E-005
0.9995 9.996E-005 9.996E-005 9.996E-005 9.996E-005 9.996E-005
0.998953 9.9964E-005 0.000647641 9.9964E-005 9.9964E-005 9.9964E-005
0.9995 9.996E-005 9.996E-005 9.996E-005 9.996E-005 9.996E-005
0.990233 9.9964E-005 9.9964E-005 9.9964E-005 9.9964E-005 0.00936673
0.97598 0.00125072 9.9991E-005 0.00248829 0.00246839 0.0177127
0.981666 9.9982E-005 0.00755497 0.00751598 9.9982E-005 0.00306274
0.993721 0.00587942 9.99666E-005 9.99666E-005 9.99666E-005 9.99666E-005
0.979933 9.9964E-005 9.9964E-005 9.9964E-005 9.9964E-005 0.0196668
0.984063 9.9973E-005 9.9973E-005 9.9973E-005 0.00113375 0.0145033
0.975264 0.0116103 0.00751234 9.9982E-005 9.9982E-005 0.00541331
0.993176 0.00146692 9.9973E-005 9.9973E-005 9.9973E-005 0.00505754
9.9982E-005 9.9982E-005 0.00123915 0.985152 0.0128308 0.000578105
0.00295097 0.0342461 9.9991E-005 0.859278 0.103007 0.000418659
0.00368113 0.0363478 9.9991E-005 0.866322 0.0916236 0.00192561
9.9973E-005 0.00176001 9.9973E-005 9.9973E-005 0.000930806 0.997009
9.996E-005 9.996E-005 9.996E-005 9.996E-005 9.996E-005 0.9995
0.00718848 0.0294949 0.000250833 0.874419 0.0885463 9.9991E-005
0.00590928 0.0809153 0.00871113 0.745344 0.154239 0.0048815
0.0783261 0.0925265 0.0734561 0.553954 0.160595 0.0411423
0.00648087 0.854015 0.00099125 0.119292 0.0191213 9.9991E-005
9.9991E-005 0.854986 0.000420225 0.106326 0.0370523 0.00111537
9.996E-005 9.996E-005 9.996E-005 9.996E-005 9.996E-005 0.9995
9.996E-005 9.996E-005 9.996E-005 9.996E-005 9.996E-005 0.9995
0.00438934 0.856045 0.00276535 0.123583 0.0130266 0.000191499
9.9991E-005 0.0754584 0.00132656 0.766247 0.15078 0.00608764
9.996E-005 9.996E-005 9.996E-005 9.996E-005 9.996E-005 0.9995
0.000847161 0.868482 9.9991E-005 0.107369 0.0203019 0.00289991
0.0106525 0.0459229 0.00536984 0.837242 0.100713 9.9991E-005
9.9982E-005 0.0336699 9.9982E-005 0.868043 0.0965673 0.00152014
0.0411031 0.0873562 0.0391963 0.63162 0.183787 0.0169368
0.0145265 0.495763 0.014143 0.317426 0.156229 0.00191333
0.00427707 0.0444241 9.9991E-005 0.867458 0.0808531 0.00288783
0.00432983 0.0511607 9.9982E-005 0.841862 0.102447 9.9982E-005
0.00154875 0.0470865 0.00419548 0.839195 0.105368 0.00260628
9.9973E-005 0.00156361 0.00596403 9.9973E-005 9.9973E-005 0.992172
9.9982E-005 0.038596 9.9982E-005 0.870364 0.0839512 0.00688924
9.996E-005 9.996E-005 9.996E-005 9.996E-005 9.996E-005 0.9995
9.9982E-005 0.0321196 9.9982E-005 0.880696 0.0855233 0.00146065
9.996E-005 9.996E-005 9.996E-005 9.996E-005 9.996E-005 0.9995
9.996E-005 0.9995 9.996E-005 9.996E-005 9.996E-005 9.996E-005
9.99871E-005 0.0314626 9.99871E-005 0.89794 0.0671711 0.00322647
9.996E-005 0.9995 9.996E-005 9.996E-005 9.996E-005 9.996E-005
0.00203567 0.0297527 0.00444506 0.875504 0.088163 9.9991E-005
0.00105135 0.0554902 0.00503163 0.853016 0.0853108 9.9991E-005
9.9982E-005 0.0284354 9.9982E-005 0.899215 0.0674752 0.00467462
0.00202946 0.0253201 9.9982E-005 0.894687 0.0777636 9.9982E-005
9.996E-005 9.996E-005 9.996E-005 9.996E-005 9.996E-005 0.9995
9.996E-005 9.996E-005 9.996E-005 0.9995 9.996E-005 9.996E-005
9.9964E-005 9.9964E-005 0.0019268 0.997673 9.9964E-005 9.9964E-005
9.9964E-005 9.9964E-005 9.9964E-005 0.999166 9.9964E-005 0.000433776
9.9973E-005 9.9973E-005 0.00132544 9.9973E-005 0.996147 0.00222776
0.000347381 9.9991E-005 0.00207225 0.0132473 0.00410352 0.98013
9.9964E-005 9.9964E-005 9.9964E-005 0.0256944 0.973906 9.9964E-005
9.9964E-005 9.9964E-005 9.9964E-005 9.9964E-005 0.998695 0.000904811
9.9973E-005 0.000300629 9.9973E-005 0.0348121 0.964587 9.9973E-005
9.996E-005 9.996E-005 9.996E-005 9.996E-005 0.9995 9.996E-005
9.9973E-005 9.9973E-005 9.9973E-005 0.00792818 0.991147 0.000625303
9.996E-005 0.9995 9.996E-005 9.996E-005 9.996E-005 9.996E-005
9.996E-005 0.9995 9.996E-005 9.996E-005 9.996E-005 9.996E-005
9.996E-005 0.9995 9.996E-005 9.996E-005 9.996E-005 9.996E-005
9.996E-005 0.9995 9.996E-005 9.996E-005 9.996E-005 9.996E-005
9.9973E-005 0.0148472 9.9973E-005 9.9973E-005 0.954382 0.0304704
9.996E-005 0.9995 9.996E-005 9.996E-005 9.996E-005 9.996E-005
9.996E-005 9.996E-005 9.996E-005 9.996E-005 0.9995 9.996E-005
9.9982E-005 0.000915296 9.9982E-005 0.0244194 0.972567 0.00189818
9.9964E-005 9.9964E-005 9.9964E-005 0.0342303 0.96537 9.9964E-005
9.9964E-005 9.9964E-005 9.9964E-005 0.0051329 0.994467 9.9964E-005
9.9973E-005 9.9973E-005 0.000871475 0.0200445 0.978784 9.9973E-005
9.9982E-005 0.00333252 0.00319806 0.00197675 0.991293 9.9982E-005
0.00508624 0.00690379 0.000216629 0.0175305 0.970163 9.9991E-005
9.9964E-005 9.9964E-005 9.9964E-005 0.0471121 0.952488 9.9964E-005
0.0008288 0.0106555 0.00189942 0.0240839 0.962432 9.9991E-005
0.00195096 0.00109522 0.00262319 0.0196511 0.972939 0.00174042
0.00253266 0.0030845 0.00342423 9.9982E-005 0.990759 9.9982E-005
9.9964E-005 0.013788 9.9964E-005 9.9964E-005 0.985812 9.9964E-005
9.9973E-005 0.00482091 9.9973E-005 0.0242707 0.970609 9.9973E-005
9.9973E-005 9.9973E-005 0.00408458 0.0256174 0.969998 9.9973E-005
9.9964E-005 9.9964E-005 9.9964E-005 0.0098321 0.989768 9.9964E-005
0.011467 0.000870337 0.0125387 0.0124234 0.961234 0.00146697
0.999335 9.9964E-005 9.9964E-005 9.9964E-005 9.9964E-005 0.000264827
0.9995 9.996E-005 9.996E-005 9.996E-005 9.996E-005 9.996E-005
0.9995 9.996E-005 9.996E-005 9.996E-005 9.996E-005 9.996E-005
0.00611273 0.00495126 0.00668376 0.00633577 0.975816 9.9991E-005
0.0298986 0.46531 0.0246245 0.306694 0.151399 0.0220745
9.9973E-005 9.9973E-005 0.99624 9.9973E-005 0.00196959 0.00149078
0.00238742 0.000895128 0.99155 9.9982E-005 9.9982E-005 0.00496759
9.996E-005 9.996E-005 0.9995 9.996E-005 9.996E-005 9.996E-005
9.9973E-005 0.00157651 0.992234 9.9973E-005 9.9973E-005 0.00588912
0.000860229 9.9973E-005 0.997995 9.9973E-005 9.9973E-005 0.000845077
9.996E-005 9.996E-005 0.9995 9.996E-005 9.996E-005 9.996E-005
0.921972 0.000896152 0.0121121 0.00409003 9.9991E-005 0.06083
9.996E-005 9.996E-005 0.9995 9.996E-005 9.996E-005 9.996E-005
0.9995 9.996E-005 9.996E-005 9.996E-005 9.996E-005 9.996E-005
0.00381812 0.0134959 0.982386 9.9973E-005 9.9973E-005 9.9973E-005
0.0023999 9.9973E-005 0.993413 9.9973E-005 9.9973E-005 0.00388754
9.996E-005 9.996E-005 0.9995 9.996E-005 9.996E-005 9.996E-005
9.9964E-005 9.9964E-005 0.996705 9.9964E-005 0.00289543 9.9964E-005
0.000763679 0.0101743 9.9991E-005 0.0329403 0.952506 0.00351579
9.996E-005 9.996E-005 0.9995 9.996E-005 9.996E-005 9.996E-005
0.998335 9.9964E-005 9.9964E-005 0.00126523 9.9964E-005 9.9964E-005
9.9982E-005 9.9982E-005 0.00155428 0.00464462 0.988241 0.00535983
9.9964E-005 9.9964E-005 9.9964E-005 0.999342 9.9964E-005 0.000258297
9.9964E-005 9.9964E-005 0.996295 9.9964E-005 0.00330513 9.9964E-005
9.996E-005 9.996E-005 9.996E-005 9.996E-005 9.996E-005 0.9995
9.9964E-005 9.9964E-005 9.9964E-005 9.9964E-005 0.00263242 0.996968
9.996E-005 9.996E-005 9.996E-005 0.9995 9.996E-005 9.996E-005
9.9964E-005 9.9964E-005 0.000631979 9.9964E-005 9.9964E-005 0.998968
9.9964E-005 9.9964E-005 9.9964E-005 0.000801117 0.998799 9.9964E-005
9.9964E-005 9.9964E-005 9.9964E-005 0.00499655 0.994604 9.9964E-005
0.0036162 0.00348869 0.0010262 0.0466617 0.940818 0.0043893
9.9964E-005 0.00911198 9.9964E-005 9.9964E-005 0.990488 9.9964E-005
9.9964E-005 9.9964E-005 9.9964E-005 0.0381712 0.961429 9.9964E-005
0.00473886 0.00100487 0.00487264 0.0204728 0.968504 0.000406315
0.000294874 9.9964E-005 9.9964E-005 9.9964E-005 0.999305 9.9964E-005
9.996E-005 9.996E-005 9.996E-005 0.9995 9.996E-005 9.996E-005
0.000807076 9.9964E-005 9.9964E-005 0.998793 9.9964E-005 9.9964E-005
9.996E-005 9.996E-005 9.996E-005 9.996E-005 0.9995 9.996E-005
0.994654 9.9973E-005 9.9973E-005 0.00302683 0.00201905 9.9973E-005
0.913022 0.00441084 0.0156489 0.0115368 9.9991E-005 0.0552815
0.897625 0.000825221 0.0116357 0.00594237 0.0133983 0.0705736
0.59949 0.0508838 0.0733322 0.0890525 0.0914358 0.0958053
0.923229 0.00420602 0.0124928 0.00225921 9.9991E-005 0.0577132
0.984525 9.9991E-005 0.00321299 0.000141579 0.00951062 0.00250962
0.9995 9.996E-005 9.996E-005 9.996E-005 9.996E-005 9.996E-005
0.9995 9.996E-005 9.996E-005 9.996E-005 9.996E-005 9.996E-005
0.916734 0.00507519 0.0167363 9.9982E-005 9.9982E-005 0.0612547
9.996E-005 9.996E-005 9.996E-005 0.9995 9.996E-005 9.996E-005
9.996E-005 9.996E-005 9.996E-005 9.996E-005 9.996E-005 0.9995
0.0763378 0.0679895 0.0831768 0.630573 0.0975872 0.0443362
9.996E-005 9.996E-005 9.996E-005 0.9995 9.996E-005 9.996E-005
0.00139131 9.9964E-005 9.9964E-005 0.998209 9.9964E-005 9.9964E-005
0.000526716 9.9973E-005 9.9973E-005 9.9973E-005 0.00576095 0.993412
9.9973E-005 9.9973E-005 0.99862 9.9973E-005 0.000944795 0.000134999
9.9982E-005 0.060883 9.9982E-005 0.284653 0.650272 0.00399231
9.996E-005 9.996E-005 9.996E-005 0.9995 9.996E-005 9.996E-005
9.996E-005 9.996E-005 9.996E-005 0.9995 9.996E-005 9.996E-005
9.996E-005 9.996E-005 9.996E-005 0.9995 9.996E-005 9.996E-005
9.996E-005 9.996E-005 9.996E-005 0.9995 9.996E-005 9.996E-005
9.996E-005 9.996E-005 9.996E-005 0.9995 9.996E-005 9.996E-005
9.996E-005 9.996E-005 9.996E-005 0.9995 9.996E-005 9.996E-005
