0.0249531 9.99681E-005 9.99681E-005 0.026475 0.0126974 0.00792333 0.00399564 0.0138013 9.99681E-005 9.99681E-005 0.909754
0.00286094 9.9973E-005 9.9973E-005 0.048536 0.0139605 0.0241555 0.00199259 0.0110368 0.00178757 9.9973E-005 0.89537
0.0590392 9.9973E-005 9.9973E-005 0.89189 0.0117652 0.0248292 0.00295958 0.00131022 9.9973E-005 0.00224949 0.00565734
0.0594753 9.9937E-005 9.9937E-005 0.892022 0.0233424 0.0244602 9.9937E-005 9.9937E-005 9.9937E-005 9.9937E-005 9.9937E-005
0.0417276 0.0054513 9.9973E-005 0.904786 0.00543244 0.0243822 9.9973E-005 0.00863737 0.003138 9.9973E-005 0.00614503
9.99101E-005 9.99101E-005 9.99101E-005 0.999001 9.99101E-005 9.99101E-005 9.99101E-005 9.99101E-005 9.99101E-005 9.99101E-005 9.99101E-005
9.99101E-005 9.99101E-005 9.99101E-005 0.999001 9.99101E-005 9.99101E-005 9.99101E-005 9.99101E-005 9.99101E-005 9.99101E-005 9.99101E-005
9.99101E-005 9.99101E-005 9.99101E-005 0.999001 9.99101E-005 9.99101E-005 9.99101E-005 9.99101E-005 9.99101E-005 9.99101E-005 9.99101E-005
9.9955E-005 9.9955E-005 0.980949 0.000235555 0.00127682 9.9955E-005 0.0107649 0.000161081 0.00611289 9.9955E-005 9.9955E-005
9.9937E-005 9.9937E-005 0.00308942 9.9937E-005 9.9937E-005 0.982747 9.9937E-005 9.9937E-005 0.00299867 9.9937E-005 0.0104653
9.9928E-005 0.00395542 9.9928E-005 9.9928E-005 9.9928E-005 0.991368 9.9928E-005 9.9928E-005 0.00387739 9.9928E-005 9.9928E-005
9.99105E-005 9.99105E-005 9.99105E-005 9.99105E-005 9.99105E-005 9.99105E-005 0.999001 9.99105E-005 9.99105E-005 9.99105E-005 9.99105E-005
9.9946E-005 0.00328269 0.000139945 9.9946E-005 9.9946E-005 0.990892 9.9946E-005 9.9946E-005 0.00318761 9.9946E-005 0.00189838
9.99191E-005 0.00359165 9.99191E-005 9.99191E-005 9.99191E-005 0.995509 9.99191E-005 9.99191E-005 9.99191E-005 9.99191E-005 9.99191E-005
9.9928E-005 0.00306993 9.9928E-005 9.9928E-005 9.9928E-005 0.992772 9.9928E-005 9.9928E-005 0.00335826 9.9928E-005 9.9928E-005
9.9928E-005 9.9928E-005 0.00320269 9.9928E-005 9.9928E-005 0.993704 9.9928E-005 9.9928E-005 0.00229385 9.9928E-005 9.9928E-005
9.99101E-005 9.99101E-005 9.99101E-005 9.99101E-005 9.99101E-005 9.99101E-005 0.999001 9.99101E-005 9.99101E-005 9.99101E-005 9.99101E-005
0.965032 9.9937E-005 9.9937E-005 0.0164291 9.9937E-005 0.0111395 9.9937E-005 9.9937E-005 9.9937E-005 9.9937E-005 0.00669985
9.9919E-005 0.000331386 9.9919E-005 9.9919E-005 9.9919E-005 9.9919E-005 9.9919E-005 9.9919E-005 9.9919E-005 9.9919E-005 0.998769
9.9919E-005 9.9919E-005 9.9919E-005 9.9919E-005 9.9919E-005 9.9919E-005 9.9919E-005 9.9919E-005 0.000919828 9.9919E-005 0.998181
9.99101E-005 9.99101E-005 9.99101E-005 9.99101E-005 9.99101E-005 9.99101E-005 9.99101E-005 9.99101E-005 9.99101E-005 9.99101E-005 0.999001
9.99101E-005 9.99101E-005 9.99101E-005 9.99101E-005 9.99101E-005 9.99101E-005 9.99101E-005 9.99101E-005 9.99101E-005 9.99101E-005 0.999001
9.9919E-005 0.000736213 9.9919E-005 9.9919E-005 9.9919E-005 9.9919E-005 9.9919E-005 9.9919E-005 9.9919E-005 9.9919E-005 0.998365
9.99101E-005 9.99101E-005 9.99101E-005 9.99101E-005 9.99101E-005 9.99101E-005 9.99101E-005 9.99101E-005 9.99101E-005 9.99101E-005 0.999001
9.9919E-005 9.9919E-005 9.9919E-005 9.9919E-005 0.00203675 9.9919E-005 9.9919E-005 9.9919E-005 9.9919E-005 9.9919E-005 0.997064
9.99101E-005 9.99101E-005 9.99101E-005 9.99101E-005 9.99101E-005 9.99101E-005 9.99101E-005 9.99101E-005 9.99101E-005 9.99101E-005 0.999001
0.00597948 9.9919E-005 9.9919E-005 9.9919E-005 9.9919E-005 9.9919E-005 9.9919E-005 9.9919E-005 9.9919E-005 9.9919E-005 0.993121
9.9928E-005 9.9928E-005 9.9928E-005 9.9928E-005 9.9928E-005 9.9928E-005 9.9928E-005 9.9928E-005 0.00278999 0.00301646 0.993394
9.9937E-005 9.9937E-005 9.9937E-005 0.0145914 0.0807619 9.9937E-005 9.9937E-005 0.875856 9.9937E-005 9.9937E-005 0.0280912
9.9937E-005 9.9937E-005 9.9937E-005 0.0208761 0.0870103 9.9937E-005 9.9937E-005 0.884109 9.9937E-005 9.9937E-005 0.00730459
9.99101E-005 9.99101E-005 9.99101E-005 9.99101E-005 9.99101E-005 9.99101E-005 9.99101E-005 0.999001 9.99101E-005 9.99101E-005 9.99101E-005
9.99212E-005 0.000194338 9.99212E-005 9.99212E-005 9.99212E-005 9.99212E-005 9.99212E-005 0.998906 9.99212E-005 9.99212E-005 9.99212E-005
9.99101E-005 9.99101E-005 9.99101E-005 9.99101E-005 9.99101E-005 9.99101E-005 9.99101E-005 0.999001 9.99101E-005 9.99101E-005 9.99101E-005
0.999001 9.99101E-005 9.99101E-005 9.99101E-005 9.99101E-005 9.99101E-005 9.99101E-005 9.99101E-005 9.99101E-005 9.99101E-005 9.99101E-005
0.999001 9.99101E-005 9.99101E-005 9.99101E-005 9.99101E-005 9.99101E-005 9.99101E-005 9.99101E-005 9.99101E-005 9.99101E-005 9.99101E-005
0.999001 9.99101E-005 9.99101E-005 9.99101E-005 9.99101E-005 9.99101E-005 9.99101E-005 9.99101E-005 9.99101E-005 9.99101E-005 9.99101E-005
0.999001 9.99101E-005 9.99101E-005 9.99101E-005 9.99101E-005 9.99101E-005 9.99101E-005 9.99101E-005 9.99101E-005 9.99101E-005 9.99101E-005
9.9928E-005 0.983688 9.9928E-005 9.9928E-005 9.9928E-005 9.9928E-005 0.013211 9.9928E-005 0.00230148 9.9928E-005 9.9928E-005
9.9928E-005 9.9928E-005 0.000735065 9.9928E-005 9.9928E-005 0.00126332 9.9928E-005 0.997202 9.9928E-005 9.9928E-005 9.9928E-005
0.0124344 0.00264112 0.00236895 9.9955E-005 9.9955E-005 0.00678701 9.9955E-005 0.972801 0.00246729 9.9955E-005 9.9955E-005
9.99101E-005 9.99101E-005 9.99101E-005 9.99101E-005 9.99101E-005 9.99101E-005 9.99101E-005 0.999001 9.99101E-005 9.99101E-005 9.99101E-005
9.994E-005 0.00202853 9.994E-005 9.994E-005 9.994E-005 9.994E-005 9.994E-005 0.993078 0.00109856 0.000755139 0.00243967
9.9928E-005 9.9928E-005 0.982234 9.9928E-005 9.9928E-005 9.9928E-005 0.0085724 9.9928E-005 0.00839436 9.9928E-005 9.9928E-005
0.00190143 0.00474904 0.923027 9.9964E-005 9.9964E-005 9.9964E-005 0.00284925 0.00107096 9.9964E-005 0.0604493 0.00555314
9.9928E-005 9.9928E-005 0.989651 9.9928E-005 9.9928E-005 9.9928E-005 0.00312492 9.9928E-005 9.9928E-005 9.9928E-005 0.00642419
9.9964E-005 0.00249551 0.987342 0.00035384 0.00303266 0.00254344 9.9964E-005 9.9964E-005 9.9964E-005 0.000207899 0.00362513
9.9937E-005 0.00587851 0.988785 9.9937E-005 9.9937E-005 0.00299941 9.9937E-005 9.9937E-005 0.00163715 9.9937E-005 9.9937E-005
0.0017265 9.9928E-005 0.989316 9.9928E-005 9.9928E-005 9.9928E-005 9.9928E-005 9.9928E-005 9.9928E-005 0.00815802 9.9928E-005
9.9928E-005 9.9928E-005 0.99432 9.9928E-005 9.9928E-005 9.9928E-005 0.00289105 9.9928E-005 0.00198999 9.9928E-005 9.9928E-005
9.9937E-005 0.00754436 0.974995 9.9937E-005 0.000509423 9.9937E-005 9.9937E-005 9.9937E-005 9.9937E-005 0.016252 9.9937E-005
0.00630387 9.99447E-005 9.99447E-005 0.013246 9.99447E-005 0.975998 9.99447E-005 9.99447E-005 9.99447E-005 0.00375225 9.99447E-005
9.9955E-005 9.9955E-005 0.00127045 0.00434789 0.0126587 0.973314 9.9955E-005 9.9955E-005 0.00110543 9.9955E-005 0.00680351
0.00636933 9.9937E-005 9.9937E-005 0.0264882 9.9937E-005 0.965321 9.9937E-005 9.9937E-005 9.9937E-005 9.9937E-005 0.00112226
9.9937E-005 0.00171723 9.9937E-005 9.9937E-005 0.00327863 0.993936 9.9937E-005 9.9937E-005 0.000368572 9.9937E-005 9.9937E-005
9.9946E-005 0.00583009 0.00273535 9.9946E-005 9.9946E-005 0.986855 9.9946E-005 9.9946E-005 0.00365971 9.9946E-005 0.0003205
0.0206436 9.99191E-005 9.99191E-005 9.99191E-005 9.99191E-005 0.978457 9.99191E-005 9.99191E-005 9.99191E-005 9.99191E-005 9.99191E-005
9.99101E-005 9.99101E-005 9.99101E-005 9.99101E-005 9.99101E-005 9.99101E-005 9.99101E-005 9.99101E-005 0.999001 9.99101E-005 9.99101E-005
9.99191E-005 9.99191E-005 0.998422 9.99191E-005 9.99191E-005 9.99191E-005 0.00067859 9.99191E-005 9.99191E-005 9.99191E-005 9.99191E-005
9.9946E-005 9.9946E-005 9.9946E-005 9.9946E-005 9.9946E-005 0.00111007 0.00369362 0.00305276 0.989893 0.00165086 9.9946E-005
9.99101E-005 9.99101E-005 0.999001 9.99101E-005 9.99101E-005 9.99101E-005 9.99101E-005 9.99101E-005 9.99101E-005 9.99101E-005 9.99101E-005
9.9928E-005 0.00380562 0.995082 9.9928E-005 9.9928E-005 9.9928E-005 9.9928E-005 0.000313306 9.9928E-005 9.9928E-005 9.9928E-005
0.0349047 9.9964E-005 9.9964E-005 0.901522 0.0208429 0.0202431 9.9964E-005 0.00912822 0.00308697 9.9964E-005 0.00987229
9.9919E-005 9.9919E-005 9.9919E-005 0.997932 0.00116893 9.9919E-005 9.9919E-005 9.9919E-005 9.9919E-005 9.9919E-005 9.9919E-005
9.99101E-005 9.99101E-005 9.99101E-005 0.999001 9.99101E-005 9.99101E-005 9.99101E-005 9.99101E-005 9.99101E-005 9.99101E-005 9.99101E-005
0.017465 9.9964E-005 0.00472007 0.919833 0.00450262 0.0419687 9.9964E-005 0.00997653 0.00113413 9.9964E-005 9.9964E-005
0.0204861 0.00300375 9.9964E-005 0.937012 0.00259068 0.0288321 9.9964E-005 9.9964E-005 0.000690008 9.9964E-005 0.00698532
0.0013016 9.9937E-005 9.9937E-005 0.990645 0.00359389 0.00375975 9.9937E-005 9.9937E-005 9.9937E-005 9.9937E-005 9.9937E-005
9.99191E-005 9.99191E-005 0.9975 0.00160076 9.99191E-005 9.99191E-005 9.99191E-005 9.99191E-005 9.99191E-005 9.99191E-005 9.99191E-005
9.9946E-005 9.9946E-005 0.922157 9.9946E-005 9.9946E-005 9.9946E-005 0.0235905 9.9946E-005 0.00793845 0.0396795 0.00603512
9.9919E-005 9.9919E-005 0.993879 9.9919E-005 9.9919E-005 9.9919E-005 9.9919E-005 9.9919E-005 9.9919E-005 0.00522157 9.9919E-005
9.9937E-005 9.9937E-005 0.994656 9.9937E-005 9.9937E-005 9.9937E-005 0.000154353 9.9937E-005 0.000998144 9.9937E-005 0.00349208
9.9937E-005 9.9937E-005 0.990721 9.9937E-005 9.9937E-005 9.9937E-005 0.00342766 9.9937E-005 0.00269701 9.9937E-005 0.00245476
9.9928E-005 0.00308226 0.988823 9.9928E-005 9.9928E-005 9.9928E-005 9.9928E-005 9.9928E-005 9.9928E-005 0.00729562 9.9928E-005
9.9928E-005 0.00815157 0.930961 9.9928E-005 9.9928E-005 9.9928E-005 9.9928E-005 9.9928E-005 9.9928E-005 0.0600879 9.9928E-005
9.9955E-005 0.0229343 0.90885 9.9955E-005 9.9955E-005 9.9955E-005 0.0025496 9.9955E-005 0.000306506 0.0614111 0.00344829
9.9964E-005 0.0133975 0.909046 0.00147618 9.9964E-005 9.9964E-005 0.00105932 9.9964E-005 0.0026972 0.0680955 0.00382872
9.99191E-005 9.99191E-005 0.992817 9.99191E-005 9.99191E-005 9.99191E-005 9.99191E-005 9.99191E-005 9.99191E-005 9.99191E-005 0.00628373
9.99281E-005 0.0194792 0.909664 9.99281E-005 9.99281E-005 9.99281E-005 9.99281E-005 9.99281E-005 9.99281E-005 0.0700576 9.99281E-005
9.99281E-005 0.0116886 0.900363 9.99281E-005 9.99281E-005 9.99281E-005 9.99281E-005 9.99281E-005 9.99281E-005 0.0871491 9.99281E-005
9.9946E-005 9.9946E-005 0.922311 9.9946E-005 9.9946E-005 9.9946E-005 0.0289314 0.000777913 0.00526786 0.0421121 9.9946E-005
9.9937E-005 9.9937E-005 0.919826 9.9937E-005 9.9937E-005 9.9937E-005 0.0140142 0.000911157 9.9937E-005 0.0645493 9.9937E-005
0.0540481 9.9964E-005 9.9964E-005 0.887306 0.015211 0.0272696 0.00146168 0.000456992 9.9964E-005 9.9964E-005 0.0138468
0.909683 9.9955E-005 9.9955E-005 0.0453528 0.00781026 0.0264107 9.9955E-005 0.00263242 9.9955E-005 9.9955E-005 0.00761147
0.996915 0.00218548 9.99191E-005 9.99191E-005 9.99191E-005 9.99191E-005 9.99191E-005 9.99191E-005 9.99191E-005 9.99191E-005 9.99191E-005
0.00254732 0.992502 0.00399601 9.9937E-005 9.9937E-005 9.9937E-005 9.9937E-005 0.000254864 9.9937E-005 9.9937E-005 9.9937E-005
9.9937E-005 0.988544 9.9937E-005 9.9937E-005 0.000899636 9.9937E-005 0.00901707 9.9937E-005 0.00084023 9.9937E-005 9.9937E-005
0.978956 9.9928E-005 9.9928E-005 9.9928E-005 9.9928E-005 0.0189305 9.9928E-005 9.9928E-005 9.9928E-005 0.00131442 9.9928E-005
0.440863 9.9991E-005 0.00079273 0.324516 0.0244563 0.1275 0.00413854 0.0206572 0.00870028 0.00423174 0.0440452
0.340678 0.0238174 0.0748811 0.230259 0.0246411 0.160535 0.012299 0.0249214 0.0642643 9.9991E-005 0.0436035
9.99101E-005 9.99101E-005 9.99101E-005 9.99101E-005 0.999001 9.99101E-005 9.99101E-005 9.99101E-005 9.99101E-005 9.99101E-005 9.99101E-005
0.00817113 9.9937E-005 9.9937E-005 9.9937E-005 0.962269 0.00383333 9.9937E-005 0.0250275 9.9937E-005 9.9937E-005 9.9937E-005
9.99191E-005 0.991256 9.99191E-005 9.99191E-005 9.99191E-005 9.99191E-005 0.00784487 9.99191E-005 9.99191E-005 9.99191E-005 9.99191E-005
9.99191E-005 0.997454 9.99191E-005 9.99191E-005 9.99191E-005 9.99191E-005 9.99191E-005 9.99191E-005 9.99191E-005 0.0016467 9.99191E-005
9.99101E-005 9.99101E-005 9.99101E-005 9.99101E-005 0.999001 9.99101E-005 9.99101E-005 9.99101E-005 9.99101E-005 9.99101E-005 9.99101E-005
0.458584 0.00097261 9.9982E-005 0.325672 0.0171503 0.132842 0.00224287 0.0305216 0.00124872 9.9982E-005 0.0305664
9.99191E-005 0.990113 0.00898724 9.99191E-005 9.99191E-005 9.99191E-005 9.99191E-005 9.99191E-005 9.99191E-005 9.99191E-005 9.99191E-005
9.99101E-005 9.99101E-005 9.99101E-005 9.99101E-005 0.999001 9.99101E-005 9.99101E-005 9.99101E-005 9.99101E-005 9.99101E-005 9.99101E-005
0.929981 9.9991E-005 0.003094 0.0103277 0.00272227 0.0310868 0.00203326 0.0063922 0.00316524 0.00225377 0.00884378
0.98308 9.9928E-005 9.9928E-005 0.0120626 9.9928E-005 0.00405775 9.9928E-005 9.9928E-005 9.9928E-005 9.9928E-005 9.9928E-005
0.455051 9.9991E-005 0.0259518 0.215684 0.0148567 0.132205 0.0150808 0.0372212 0.0377005 0.0141468 0.0520026
0.14521 9.9982E-005 0.00573411 0.125139 0.221731 0.107938 0.00755848 0.113049 0.00757964 9.9982E-005 0.265861
0.956319 9.9973E-005 9.9973E-005 0.0167168 0.00166284 0.0109275 0.00227544 0.00566556 9.9973E-005 0.00224657 0.00388628
0.952931 9.9946E-005 9.9946E-005 0.00117233 0.0100742 0.0250703 9.9946E-005 9.9946E-005 9.9946E-005 9.9946E-005 0.0101525
0.98373 0.00366406 9.9955E-005 9.9955E-005 0.000759029 0.00748957 9.9955E-005 0.00253993 0.00131797 9.9955E-005 9.9955E-005
0.00355638 0.943787 9.9946E-005 9.9946E-005 0.00314523 9.9946E-005 0.0464122 9.9946E-005 0.00249948 9.9946E-005 9.9946E-005
0.968192 9.9946E-005 9.9946E-005 0.0161806 9.9946E-005 0.00247546 9.9946E-005 0.0119241 9.9946E-005 9.9946E-005 0.000628388
9.99191E-005 0.98941 9.99191E-005 9.99191E-005 9.99191E-005 9.99191E-005 9.99191E-005 9.99191E-005 9.99191E-005 0.00969049 9.99191E-005
0.999001 9.99101E-005 9.99101E-005 9.99101E-005 9.99101E-005 9.99101E-005 9.99101E-005 9.99101E-005 9.99101E-005 9.99101E-005 9.99101E-005
9.99191E-005 0.992885 9.99191E-005 9.99191E-005 9.99191E-005 9.99191E-005 9.99191E-005 9.99191E-005 9.99191E-005 0.00621566 9.99191E-005
9.9946E-005 0.0028453 9.9946E-005 9.9946E-005 0.00764017 0.000229682 9.9946E-005 0.984958 9.9946E-005 9.9946E-005 0.00372702
0.999001 9.99101E-005 9.99101E-005 9.99101E-005 9.99101E-005 9.99101E-005 9.99101E-005 9.99101E-005 9.99101E-005 9.99101E-005 9.99101E-005
9.9946E-005 9.9946E-005 9.9946E-005 0.00994969 0.087273 0.0116324 9.9946E-005 0.859712 9.9946E-005 9.9946E-005 0.030833
0.998753 9.99191E-005 0.000347654 9.99191E-005 9.99191E-005 9.99191E-005 9.99191E-005 9.99191E-005 9.99191E-005 9.99191E-005 9.99191E-005
0.997124 9.9919E-005 9.9919E-005 9.9919E-005 0.00197661 9.9919E-005 9.9919E-005 9.9919E-005 9.9919E-005 9.9919E-005 9.9919E-005
0.999001 9.99101E-005 9.99101E-005 9.99101E-005 9.99101E-005 9.99101E-005 9.99101E-005 9.99101E-005 9.99101E-005 9.99101E-005 9.99101E-005
0.999001 9.99101E-005 9.99101E-005 9.99101E-005 9.99101E-005 9.99101E-005 9.99101E-005 9.99101E-005 9.99101E-005 9.99101E-005 9.99101E-005
9.99191E-005 0.996972 9.99191E-005 9.99191E-005 9.99191E-005 0.00212906 9.99191E-005 9.99191E-005 9.99191E-005 9.99191E-005 9.99191E-005
9.9928E-005 9.9928E-005 9.9928E-005 0.964613 9.9928E-005 0.0191725 9.9928E-005 9.9928E-005 9.9928E-005 9.9928E-005 0.0154153
9.9928E-005 9.9928E-005 9.9928E-005 0.968281 9.9928E-005 0.0189783 9.9928E-005 9.9928E-005 9.9928E-005 9.9928E-005 0.0119413
0.0325834 0.00199361 9.9964E-005 0.929216 0.0109418 0.0162368 9.9964E-005 0.00545482 9.9964E-005 9.9964E-005 0.00317407
9.9937E-005 0.00140006 9.9937E-005 9.9937E-005 9.9937E-005 0.991678 9.9937E-005 9.9937E-005 0.000448352 9.9937E-005 0.00577412
0.000108098 0.966451 0.0012231 0.00791988 0.00235865 0.0041918 9.997E-005 9.997E-005 0.000875892 0.0165713 9.997E-005
0.0181429 9.9937E-005 9.9937E-005 0.00308394 0.00552759 0.972546 9.9937E-005 9.9937E-005 9.9937E-005 9.9937E-005 9.9937E-005
9.99101E-005 9.99101E-005 9.99101E-005 9.99101E-005 9.99101E-005 0.999001 9.99101E-005 9.99101E-005 9.99101E-005 9.99101E-005 9.99101E-005
0.0117975 9.9946E-005 9.9946E-005 0.00738868 0.00508896 0.969828 9.9946E-005 9.9946E-005 9.9946E-005 9.9946E-005 0.00529706
9.99101E-005 9.99101E-005 9.99101E-005 9.99101E-005 9.99101E-005 0.999001 9.99101E-005 9.99101E-005 9.99101E-005 9.99101E-005 9.99101E-005
9.99101E-005 9.99101E-005 9.99101E-005 9.99101E-005 9.99101E-005 0.999001 9.99101E-005 9.99101E-005 9.99101E-005 9.99101E-005 9.99101E-005
9.99101E-005 9.99101E-005 9.99101E-005 9.99101E-005 9.99101E-005 9.99101E-005 9.99101E-005 0.999001 9.99101E-005 9.99101E-005 9.99101E-005
9.99101E-005 9.99101E-005 9.99101E-005 9.99101E-005 9.99101E-005 9.99101E-005 9.99101E-005 0.999001 9.99101E-005 9.99101E-005 9.99101E-005
9.99101E-005 9.99101E-005 9.99101E-005 9.99101E-005 9.99101E-005 9.99101E-005 9.99101E-005 0.999001 9.99101E-005 9.99101E-005 9.99101E-005
9.9937E-005 9.9937E-005 9.9937E-005 9.9937E-005 9.9937E-005 9.9937E-005 0.00174581 0.992909 0.0039019 0.00074347 9.9937E-005
0.0060851 0.0297802 9.9955E-005 9.9955E-005 0.00489173 0.938872 9.9955E-005 0.0164407 9.9955E-005 9.9955E-005 0.00343012
0.0101372 9.99472E-005 9.99472E-005 0.0106941 0.0762384 0.00240911 9.99472E-005 0.899921 9.99472E-005 9.99472E-005 9.99472E-005
9.99101E-005 9.99101E-005 9.99101E-005 9.99101E-005 9.99101E-005 0.999001 9.99101E-005 9.99101E-005 9.99101E-005 9.99101E-005 9.99101E-005
0.0106961 9.9946E-005 9.9946E-005 0.0117818 9.9946E-005 0.968695 9.9946E-005 0.00546249 9.9946E-005 9.9946E-005 0.00276531
0.00466259 9.9928E-005 9.9928E-005 0.0161017 9.9928E-005 0.978436 9.9928E-005 9.9928E-005 9.9928E-005 9.9928E-005 9.9928E-005
0.0111279 0.00131901 9.9946E-005 0.0114444 0.0017165 0.973792 9.9946E-005 9.9946E-005 9.9946E-005 9.9946E-005 9.9946E-005
9.99459E-005 0.000630343 9.99459E-005 0.0245672 9.99459E-005 0.973388 0.000714554 9.99459E-005 9.99459E-005 9.99459E-005 9.99459E-005
9.9946E-005 9.9946E-005 9.9946E-005 9.9946E-005 9.9946E-005 0.987598 9.9946E-005 0.00500857 0.00066168 0.00154446 0.00458722
0.0102703 9.9964E-005 9.9964E-005 0.00346717 9.9964E-005 0.976295 0.00214114 0.00608639 0.00108393 9.9964E-005 0.000255986
0.0155228 9.9928E-005 9.9928E-005 0.0174181 9.9928E-005 0.96626 9.9928E-005 9.9928E-005 9.9928E-005 9.9928E-005 9.9928E-005
9.9955E-005 9.9955E-005 9.9955E-005 0.0160436 0.00219051 0.960355 9.9955E-005 0.00851875 9.9955E-005 0.00383879 0.00855341
0.00875003 9.9955E-005 9.9955E-005 0.0136839 9.9955E-005 0.966486 0.00332009 0.00694802 0.00031238 9.9955E-005 9.9955E-005
9.9946E-005 9.9946E-005 9.9946E-005 9.9946E-005 0.00205055 0.985754 9.9946E-005 0.0033324 0.00211346 9.9946E-005 0.00615027
9.9946E-005 9.9946E-005 9.9946E-005 9.9946E-005 0.00206865 0.984909 0.00114499 9.9946E-005 0.000142032 9.9946E-005 0.0111361
0.0201503 9.9946E-005 9.9946E-005 0.0114663 0.00548287 0.956737 9.9946E-005 0.0055634 9.9946E-005 9.9946E-005 9.9946E-005
0.00440164 9.9946E-005 9.9946E-005 0.0358468 0.00302655 0.955719 9.9946E-005 9.9946E-005 9.9946E-005 0.000406618 9.9946E-005
0.0040047 9.9946E-005 9.9946E-005 0.0024082 0.00615507 0.98285 9.9946E-005 9.9946E-005 9.9946E-005 9.9946E-005 0.00398202
0.00238175 9.9964E-005 0.0100439 0.0174944 9.9964E-005 0.940644 9.9964E-005 0.00968474 0.0114786 0.0078726 9.9964E-005
9.99281E-005 0.0113193 0.97422 9.99281E-005 9.99281E-005 9.99281E-005 9.99281E-005 9.99281E-005 9.99281E-005 0.0136617 9.99281E-005
9.9946E-005 0.000113593 0.991493 9.9946E-005 9.9946E-005 0.00403385 9.9946E-005 0.00104204 9.9946E-005 0.00271769 9.9946E-005
9.99191E-005 9.99191E-005 0.996906 0.00219483 9.99191E-005 9.99191E-005 9.99191E-005 9.99191E-005 9.99191E-005 9.99191E-005 9.99191E-005
0.0125216 9.9973E-005 9.9973E-005 0.00551906 0.00220435 0.967448 0.00169144 0.000234622 0.00433707 0.0057437 9.9973E-005
0.107693 9.999E-005 0.00658303 0.122813 0.225405 0.122646 0.0218072 0.0920185 0.021387 0.0241503 0.255397
9.9928E-005 9.9928E-005 9.9928E-005 9.9928E-005 0.00336333 9.9928E-005 9.9928E-005 0.000266233 0.995571 9.9928E-005 9.9928E-005
9.99191E-005 9.99191E-005 9.99191E-005 9.99191E-005 0.0020893 9.99191E-005 9.99191E-005 9.99191E-005 0.997011 9.99191E-005 9.99191E-005
9.99101E-005 9.99101E-005 9.99101E-005 9.99101E-005 9.99101E-005 9.99101E-005 9.99101E-005 9.99101E-005 0.999001 9.99101E-005 9.99101E-005
9.9946E-005 0.00486737 0.00307042 9.9946E-005 9.9946E-005 9.9946E-005 0.000980074 9.9946E-005 0.987955 0.00252783 9.9946E-005
9.99101E-005 9.99101E-005 9.99101E-005 9.99101E-005 9.99101E-005 9.99101E-005 9.99101E-005 9.99101E-005 0.999001 9.99101E-005 9.99101E-005
9.99101E-005 9.99101E-005 9.99101E-005 9.99101E-005 9.99101E-005 9.99101E-005 9.99101E-005 9.99101E-005 0.999001 9.99101E-005 9.99101E-005
9.9919E-005 9.9919E-005 0.0192487 9.9919E-005 9.9919E-005 9.9919E-005 9.9919E-005 9.9919E-005 9.9919E-005 0.979852 9.9919E-005
9.99191E-005 9.99191E-005 9.99191E-005 0.000515629 9.99191E-005 9.99191E-005 9.99191E-005 9.99191E-005 0.998585 9.99191E-005 9.99191E-005
9.99101E-005 9.99101E-005 0.999001 9.99101E-005 9.99101E-005 9.99101E-005 9.99101E-005 9.99101E-005 9.99101E-005 9.99101E-005 9.99101E-005
0.00332285 9.9955E-005 9.9955E-005 0.00609805 9.9955E-005 0.00411376 9.9955E-005 9.9955E-005 0.975725 0.00516758 0.00507333
9.9937E-005 9.9937E-005 0.00565767 0.000206136 9.9937E-005 9.9937E-005 0.0037039 9.9937E-005 0.989733 9.9937E-005 9.9937E-005
9.99191E-005 9.99191E-005 9.99191E-005 9.99191E-005 9.99191E-005 9.99191E-005 0.000308334 9.99191E-005 0.998792 9.99191E-005 9.99191E-005
0.000744332 9.9937E-005 0.000767628 9.9937E-005 9.9937E-005 9.9937E-005 0.00077614 9.9937E-005 0.997012 9.9937E-005 9.9937E-005
0.00624385 9.99501E-005 0.00102353 0.0230429 9.99501E-005 0.949027 9.99501E-005 0.00945825 9.99501E-005 9.99501E-005 0.010705
9.99101E-005 9.99101E-005 9.99101E-005 9.99101E-005 9.99101E-005 9.99101E-005 9.99101E-005 9.99101E-005 0.999001 9.99101E-005 9.99101E-005
0.00391631 9.9937E-005 0.98512 9.9937E-005 9.9937E-005 9.9937E-005 0.00977709 9.9937E-005 0.000487334 9.9937E-005 9.9937E-005
0.0150776 0.00174095 9.9955E-005 9.9955E-005 9.9955E-005 0.972057 0.000926925 0.00448638 9.9955E-005 0.00521123 9.9955E-005
9.9946E-005 0.00114716 9.9946E-005 0.976765 9.9946E-005 0.0176258 0.00103443 9.9946E-005 9.9946E-005 9.9946E-005 0.0028284
9.99328E-005 9.99328E-005 9.99328E-005 0.00445268 9.99328E-005 9.99328E-005 0.00200671 9.99328E-005 0.992741 9.99328E-005 9.99328E-005
9.99191E-005 0.994948 9.99191E-005 9.99191E-005 9.99191E-005 9.99191E-005 0.00415253 9.99191E-005 9.99191E-005 9.99191E-005 9.99191E-005
9.9937E-005 0.971613 9.9937E-005 9.9937E-005 9.9937E-005 0.00370209 0.0184562 9.9937E-005 0.00552921 9.9937E-005 9.9937E-005
9.99101E-005 9.99101E-005 9.99101E-005 0.999001 9.99101E-005 9.99101E-005 9.99101E-005 9.99101E-005 9.99101E-005 9.99101E-005 9.99101E-005
9.9928E-005 0.97284 9.9928E-005 9.9928E-005 9.9928E-005 9.9928E-005 0.0237341 9.9928E-005 0.00262692 9.9928E-005 9.9928E-005
0.0116328 9.99443E-005 9.99443E-005 9.99443E-005 9.99443E-005 0.980419 9.99443E-005 0.00546666 9.99443E-005 9.99443E-005 0.0017824
0.00698345 9.9937E-005 9.9937E-005 0.00648976 9.9937E-005 0.983492 9.9937E-005 0.0023353 9.9937E-005 9.9937E-005 9.9937E-005
0.0296827 0.00384211 0.00182887 0.0201696 0.00513179 0.936758 9.997E-005 9.997E-005 0.00124049 0.00104659 9.997E-005
9.9928E-005 9.9928E-005 9.9928E-005 9.9928E-005 9.9928E-005 0.994678 9.9928E-005 0.00213679 9.9928E-005 9.9928E-005 0.00238542
0.018482 9.9946E-005 9.9946E-005 0.0193328 0.00246827 0.957098 9.9946E-005 0.00201914 9.9946E-005 9.9946E-005 9.9946E-005
0.00490429 0.000748863 9.9973E-005 0.0195932 9.9973E-005 0.960759 0.00151825 9.9973E-005 0.00369608 0.00496657 0.00351422
9.9928E-005 9.9928E-005 9.9928E-005 9.9928E-005 0.000289836 0.990088 9.9928E-005 0.00882236 9.9928E-005 9.9928E-005 9.9928E-005
9.99101E-005 9.99101E-005 9.99101E-005 0.999001 9.99101E-005 9.99101E-005 9.99101E-005 9.99101E-005 9.99101E-005 9.99101E-005 9.99101E-005
9.9928E-005 9.9928E-005 9.9928E-005 0.990645 9.9928E-005 0.00791315 9.9928E-005 9.9928E-005 9.9928E-005 0.000642653 9.9928E-005
9.99191E-005 9.99191E-005 9.99191E-005 0.00314321 9.99191E-005 0.995958 9.99191E-005 9.99191E-005 9.99191E-005 9.99191E-005 9.99191E-005
9.9937E-005 0.00668472 0.97486 9.9937E-005 9.9937E-005 0.00282205 9.9937E-005 9.9937E-005 9.9937E-005 0.0149335 9.9937E-005
9.9919E-005 9.9919E-005 0.00460405 9.9919E-005 9.9919E-005 9.9919E-005 9.9919E-005 9.9919E-005 9.9919E-005 0.994497 9.9919E-005
9.99101E-005 9.99101E-005 9.99101E-005 9.99101E-005 9.99101E-005 9.99101E-005 9.99101E-005 9.99101E-005 9.99101E-005 0.999001 9.99101E-005
0.0442028 0.0114396 9.998E-005 0.063054 0.00545192 0.0674082 9.998E-005 0.017364 0.0498331 0.729015 0.0120318
9.9919E-005 9.9919E-005 0.0317802 9.9919E-005 9.9919E-005 9.9919E-005 9.9919E-005 9.9919E-005 9.9919E-005 0.967321 9.9919E-005
0.00438049 0.00558887 0.977784 0.0035282 9.995E-005 0.00262934 9.995E-005 9.995E-005 0.00558948 9.995E-005 9.995E-005
9.99281E-005 0.0059797 0.9924 0.000821188 9.99281E-005 9.99281E-005 9.99281E-005 9.99281E-005 9.99281E-005 9.99281E-005 9.99281E-005
9.99191E-005 9.99191E-005 0.998961 9.99191E-005 9.99191E-005 9.99191E-005 9.99191E-005 9.99191E-005 0.000140065 9.99191E-005 9.99191E-005
9.9919E-005 9.9919E-005 0.0247482 9.9919E-005 9.9919E-005 9.9919E-005 9.9919E-005 9.9919E-005 9.9919E-005 0.974353 9.9919E-005
9.99101E-005 9.99101E-005 9.99101E-005 0.999001 9.99101E-005 9.99101E-005 9.99101E-005 9.99101E-005 9.99101E-005 9.99101E-005 9.99101E-005
9.9928E-005 0.996527 9.9928E-005 9.9928E-005 9.9928E-005 9.9928E-005 9.9928E-005 9.9928E-005 0.000959914 0.00171354 9.9928E-005
0.0136975 0.0221873 0.0527137 0.586874 9.999E-005 0.0866331 0.0284075 0.0579326 0.0709084 0.0266839 0.0538619
9.9937E-005 9.9937E-005 9.9937E-005 0.988198 0.00129457 0.00777086 9.9937E-005 0.00203738 9.9937E-005 9.9937E-005 9.9937E-005
9.9937E-005 9.9937E-005 9.9937E-005 0.97705 9.9937E-005 0.013825 9.9937E-005 0.00594747 9.9937E-005 0.00247846 9.9937E-005
9.9928E-005 0.990703 9.9928E-005 0.00256722 9.9928E-005 9.9928E-005 9.9928E-005 9.9928E-005 9.9928E-005 0.00593086 9.9928E-005
9.99101E-005 9.99101E-005 9.99101E-005 9.99101E-005 9.99101E-005 9.99101E-005 9.99101E-005 9.99101E-005 0.999001 9.99101E-005 9.99101E-005
0.143886 0.00119092 9.9973E-005 0.136777 0.0136371 0.650165 0.00221644 0.0177037 9.9973E-005 9.9973E-005 0.0341238
9.99101E-005 9.99101E-005 9.99101E-005 0.999001 9.99101E-005 9.99101E-005 9.99101E-005 9.99101E-005 9.99101E-005 9.99101E-005 9.99101E-005
9.99101E-005 9.99101E-005 9.99101E-005 0.999001 9.99101E-005 9.99101E-005 9.99101E-005 9.99101E-005 9.99101E-005 9.99101E-005 9.99101E-005
9.99101E-005 9.99101E-005 9.99101E-005 0.999001 9.99101E-005 9.99101E-005 9.99101E-005 9.99101E-005 9.99101E-005 9.99101E-005 9.99101E-005
9.99191E-005 9.99191E-005 9.99191E-005 0.995282 9.99191E-005 9.99191E-005 9.99191E-005 9.99191E-005 0.00381832 9.99191E-005 9.99191E-005
9.99101E-005 9.99101E-005 9.99101E-005 0.999001 9.99101E-005 9.99101E-005 9.99101E-005 9.99101E-005 9.99101E-005 9.99101E-005 9.99101E-005
9.99101E-005 9.99101E-005 9.99101E-005 0.999001 9.99101E-005 9.99101E-005 9.99101E-005 9.99101E-005 9.99101E-005 9.99101E-005 9.99101E-005
