9.9991E-005 0.0154295 0.977054 0.00741646
9.999E-005 0.0145611 0.97688 0.00845891
0.212292 9.9982E-005 0.787508 9.9982E-005
0.211259 9.9982E-005 0.788541 9.9982E-005
0.212912 9.9982E-005 0.786888 9.9982E-005
0.197839 9.9982E-005 0.801961 9.9982E-005
0.194073 9.9982E-005 0.805727 9.9982E-005
0.184138 9.9982E-005 0.815662 9.9982E-005
9.998E-005 0.9997 9.998E-005 9.998E-005
0.99517 0.00236969 9.9991E-005 0.00236035
0.995986 0.0019931 9.9991E-005 0.00192101
9.999E-005 0.812198 0.0925145 0.0951872
0.993816 0.00352553 9.9991E-005 0.00255842
0.998001 9.9982E-005 9.9982E-005 0.00179862
0.997127 0.0026726 9.9982E-005 9.9982E-005
0.995439 0.00261284 9.9991E-005 0.00184846
9.9991E-005 0.812708 0.0952161 0.0919758
0.270447 9.9982E-005 0.729353 9.9982E-005
9.9991E-005 0.0186377 0.97545 0.0058127
9.9991E-005 0.017989 0.970706 0.011205
9.9991E-005 0.0139167 0.97885 0.0071331
9.9991E-005 0.0142943 0.97732 0.00828606
9.9991E-005 0.0200816 0.974079 0.00573923
9.9991E-005 0.0159682 0.975434 0.00849811
9.9991E-005 0.0183693 0.974071 0.00745926
9.9991E-005 0.0119677 0.979318 0.00861447
9.9991E-005 0.0161541 0.977 0.00674559
9.9991E-005 0.0213909 0.967607 0.0109024
9.9982E-005 0.00654956 0.99325 9.9982E-005
9.9991E-005 0.00880695 0.989147 0.00194652
9.9982E-005 0.00602283 0.993777 9.9982E-005
9.9991E-005 0.0055715 0.988533 0.00579554
9.9982E-005 0.0047533 0.995047 9.9982E-005
0.251696 9.9982E-005 0.748104 9.9982E-005
0.257243 9.9982E-005 0.742557 9.9982E-005
0.251387 9.9991E-005 0.746527 0.00198646
0.269282 0.000401926 0.730216 9.9991E-005
9.9991E-005 0.876623 0.0691671 0.05411
9.9982E-005 0.00975182 0.990048 9.9982E-005
9.9991E-005 0.0100652 0.985476 0.00435909
9.9991E-005 0.00644521 0.990651 0.00280357
9.9991E-005 0.00952764 0.985628 0.0047447
9.998E-005 0.9997 9.998E-005 9.998E-005
0.00245303 0.997347 9.9982E-005 9.9982E-005
9.998E-005 0.9997 9.998E-005 9.998E-005
9.998E-005 0.9997 9.998E-005 9.998E-005
9.998E-005 0.9997 9.998E-005 9.998E-005
9.998E-005 0.9997 9.998E-005 9.998E-005
9.998E-005 0.9997 9.998E-005 9.998E-005
9.998E-005 0.9997 9.998E-005 9.998E-005
0.999231 0.000568848 9.99822E-005 9.99822E-005
0.993286 0.00172712 0.00257377 0.00241348
0.9995 0.000299846 9.9982E-005 9.9982E-005
0.9997 9.998E-005 9.998E-005 9.998E-005
0.991985 0.00162476 9.9991E-005 0.0062902
0.9997 9.998E-005 9.998E-005 9.998E-005
9.998E-005 9.998E-005 9.998E-005 0.9997
9.998E-005 0.9997 9.998E-005 9.998E-005
9.9982E-005 9.9982E-005 0.000221073 0.999579
9.998E-005 0.9997 9.998E-005 9.998E-005
9.998E-005 0.9997 9.998E-005 9.998E-005
0.204722 0.00130086 0.793877 9.9991E-005
0.187067 9.9982E-005 0.812733 9.9982E-005
0.191511 9.9982E-005 0.808289 9.9982E-005
0.217292 9.9991E-005 0.781538 0.00107071
0.219723 9.9982E-005 0.780077 9.9982E-005
0.181119 9.9982E-005 0.818681 9.9982E-005
9.998E-005 0.9997 9.998E-005 9.998E-005
0.00235781 0.997442 9.99855E-005 9.99855E-005
9.998E-005 0.9997 9.998E-005 9.998E-005
9.998E-005 0.9997 9.998E-005 9.998E-005
9.998E-005 0.9997 9.998E-005 9.998E-005
9.998E-005 0.9997 9.998E-005 9.998E-005
9.998E-005 0.9997 9.998E-005 9.998E-005
9.998E-005 0.9997 9.998E-005 9.998E-005
9.998E-005 0.9997 9.998E-005 9.998E-005
9.998E-005 0.9997 9.998E-005 9.998E-005
9.998E-005 0.9997 9.998E-005 9.998E-005
9.998E-005 0.9997 9.998E-005 9.998E-005
9.9982E-005 0.994408 0.00539203 9.9982E-005
9.998E-005 0.9997 9.998E-005 9.998E-005
0.203436 9.9982E-005 0.796364 9.9982E-005
0.284537 9.9982E-005 0.715263 9.9982E-005
0.273776 0.00159821 0.724526 9.9991E-005
9.9991E-005 0.87972 0.0739975 0.0461828
9.9991E-005 0.877354 0.071021 0.0515252
0.28568 0.00437201 0.709848 9.9991E-005
0.295324 0.00969394 0.68763 0.00735244
0.270808 0.110674 0.546421 0.0720972
9.9991E-005 0.0157897 0.982062 0.00204849
9.9991E-005 0.00974121 0.987804 0.00235483
9.9991E-005 0.884401 0.0671159 0.0483834
9.9991E-005 0.881625 0.0699456 0.0483295
9.9991E-005 0.01079 0.98571 0.00339952
0.310479 0.00131613 0.686693 0.00151211
9.9991E-005 0.882994 0.0655138 0.0513926
9.9991E-005 0.0132398 0.981512 0.00514789
0.289411 0.0101361 0.699529 0.000924129
0.278306 9.9982E-005 0.721494 9.9982E-005
0.29196 0.0527637 0.613033 0.0422434
0.0942084 0.0181785 0.873185 0.0144277
0.273496 0.00139092 0.725013 9.9991E-005
0.279353 0.000332124 0.720215 9.9991E-005
0.272913 0.00440065 0.722587 9.9991E-005
9.9991E-005 0.859878 0.0748453 0.0651771
0.261972 0.000426382 0.737502 9.9991E-005
9.9991E-005 0.875896 0.0696745 0.0543294
0.261254 9.9982E-005 0.738546 9.9982E-005
9.9991E-005 0.883784 0.0642189 0.0518973
9.9991E-005 0.0104725 0.987654 0.00177367
0.263205 9.9982E-005 0.736595 9.9982E-005
9.9991E-005 0.00748759 0.989167 0.00324525
0.273291 0.00393207 0.721201 0.00157587
0.261833 9.9991E-005 0.73673 0.00133723
0.253936 9.9982E-005 0.745864 9.9982E-005
0.266083 9.9982E-005 0.733717 9.9982E-005
0.00301096 0.876407 0.0640667 0.0565158
0.21138 9.9982E-005 0.78842 9.9982E-005
0.206476 9.9982E-005 0.793324 9.9982E-005
0.19976 9.9982E-005 0.80004 9.9982E-005
0.998862 0.000938154 9.9982E-005 9.9982E-005
0.00763601 0.86248 0.0736264 0.0562573
0.99623 9.9982E-005 0.00356995 9.9982E-005
0.9997 9.998E-005 9.998E-005 9.998E-005
0.996917 0.00288273 9.9982E-005 9.9982E-005
0.9997 9.998E-005 9.998E-005 9.998E-005
0.9997 9.998E-005 9.998E-005 9.998E-005
9.9982E-005 0.00577192 0.994028 9.9982E-005
9.9991E-005 0.00570458 0.992977 0.00121856
9.9991E-005 0.00577027 0.991582 0.00254743
9.9991E-005 0.0074846 0.983803 0.00861224
0.975211 0.0243214 9.9991E-005 0.000367151
9.9991E-005 0.00143152 0.995888 0.0025806
0.9997 9.998E-005 9.998E-005 9.998E-005
0.997537 0.00226293 9.9982E-005 9.9982E-005
0.9997 9.998E-005 9.998E-005 9.998E-005
0.9997 9.998E-005 9.998E-005 9.998E-005
0.9997 9.998E-005 9.998E-005 9.998E-005
0.997404 0.000543273 9.9991E-005 0.00195312
0.997683 0.00113138 9.9991E-005 0.00108534
0.9997 9.998E-005 9.998E-005 9.998E-005
0.979455 0.00243694 0.0121607 0.005947
0.99471 9.9982E-005 9.9982E-005 0.00508998
0.994607 0.000803129 9.9991E-005 0.00449007
0.994807 0.00320906 9.9991E-005 0.00188357
0.9997 9.998E-005 9.998E-005 9.998E-005
0.993899 0.0035491 9.9991E-005 0.00245183
0.999341 0.000458882 9.9982E-005 9.9982E-005
0.975533 0.0113297 9.9991E-005 0.0130372
9.998E-005 0.9997 9.998E-005 9.998E-005
9.998E-005 0.9997 9.998E-005 9.998E-005
9.998E-005 0.9997 9.998E-005 9.998E-005
0.989893 0.00493871 9.9991E-005 0.00506815
0.0926115 0.0552126 0.826904 0.0252719
0.00348839 9.9982E-005 9.9982E-005 0.996312
9.9982E-005 9.9982E-005 0.00678039 0.99302
9.998E-005 9.998E-005 9.998E-005 0.9997
9.9982E-005 0.00770738 9.9982E-005 0.992093
9.998E-005 9.998E-005 9.998E-005 0.9997
9.998E-005 9.998E-005 9.998E-005 0.9997
0.00100093 0.994805 0.0037033 0.00049086
9.998E-005 9.998E-005 9.998E-005 0.9997
9.998E-005 0.9997 9.998E-005 9.998E-005
0.00410963 0.0013389 0.0117089 0.982843
9.9982E-005 0.00780072 9.9982E-005 0.991999
9.998E-005 9.998E-005 9.998E-005 0.9997
9.9982E-005 9.9982E-005 0.00463827 0.995162
0.987239 0.00209911 0.010374 0.000287944
9.998E-005 9.998E-005 9.998E-005 0.9997
9.998E-005 0.9997 9.998E-005 9.998E-005
0.991485 0.00831493 9.99875E-005 9.99875E-005
0.203553 9.9982E-005 0.796247 9.9982E-005
0.00379871 9.9982E-005 9.9982E-005 0.996001
9.9991E-005 0.881983 0.0658128 0.0521046
0.00590508 0.868434 0.0634845 0.0621764
0.185805 9.9982E-005 0.813995 9.9982E-005
0.000625279 0.869563 0.0709025 0.0589094
0.9997 9.998E-005 9.998E-005 9.998E-005
0.9997 9.998E-005 9.998E-005 9.998E-005
0.974449 0.00554978 0.0171238 0.00287692
0.9997 9.998E-005 9.998E-005 9.998E-005
0.9997 9.998E-005 9.998E-005 9.998E-005
0.99155 0.00432788 9.9991E-005 0.00402179
0.9997 9.998E-005 9.998E-005 9.998E-005
0.198967 9.9982E-005 0.800833 9.9982E-005
0.186457 9.9982E-005 0.813343 9.9982E-005
0.9997 9.998E-005 9.998E-005 9.998E-005
9.998E-005 0.9997 9.998E-005 9.998E-005
0.0116214 0.978338 0.000383835 0.00965654
0.0163921 0.972296 0.00645448 0.00485703
0.109668 0.695862 0.126014 0.0684562
9.9991E-005 0.989567 0.00834489 0.0019882
0.00313182 0.996668 9.9982E-005 9.9982E-005
9.998E-005 0.9997 9.998E-005 9.998E-005
9.998E-005 0.9997 9.998E-005 9.998E-005
9.9991E-005 0.987481 0.00701267 0.00540617
0.194475 9.9982E-005 0.805325 9.9982E-005
0.0104512 0.880397 0.0571969 0.0519545
0.211277 0.109192 0.599612 0.0799196
0.200487 9.9982E-005 0.799313 9.9982E-005
0.204992 9.9982E-005 0.794808 9.9982E-005
0.00589931 0.875677 0.0724287 0.0459949
0.00204276 9.9982E-005 9.9982E-005 0.997757
0.716496 0.00220041 0.279772 0.00153165
0.18694 9.9982E-005 0.81286 9.9982E-005
0.170294 9.9982E-005 0.829507 9.9982E-005
0.179325 9.9982E-005 0.820475 9.9982E-005
0.194735 9.9982E-005 0.805065 9.9982E-005
0.184405 9.9982E-005 0.815396 9.9982E-005
0.184281 9.9982E-005 0.81552 9.9982E-005
