0.893769 0.0211178 0.0230195 9.9946E-005 0.0236591 0.0225191 9.9946E-005 9.9946E-005 9.9946E-005 0.0153157 9.9946E-005 9.9946E-005
0.903087 0.00973632 0.048967 9.9946E-005 9.9946E-005 0.0141197 9.9946E-005 9.9946E-005 9.9946E-005 0.0180635 9.9946E-005 0.00542636
0.00239629 0.0103462 0.886644 0.00358382 0.0503241 0.00950127 0.000171214 9.9982E-005 0.012037 0.0244828 9.9982E-005 0.000312878
0.00423086 0.023704 0.883674 0.000375877 0.0636703 9.9964E-005 0.000760303 9.9964E-005 0.000994948 0.0221903 9.9964E-005 9.9964E-005
0.00465132 0.00136373 0.919367 0.000924624 0.0305594 0.0051374 0.0019314 0.0020865 9.9982E-005 0.031591 9.9982E-005 0.00218789
9.9919E-005 9.9919E-005 0.991859 9.9919E-005 0.00465632 9.9919E-005 9.9919E-005 9.9919E-005 9.9919E-005 0.00258511 9.9919E-005 9.9919E-005
9.9928E-005 0.000810675 0.986251 9.9928E-005 0.0119735 0.000165417 9.9928E-005 9.9928E-005 9.9928E-005 9.9928E-005 9.9928E-005 9.9928E-005
9.99011E-005 9.99011E-005 0.998901 9.99011E-005 9.99011E-005 9.99011E-005 9.99011E-005 9.99011E-005 9.99011E-005 9.99011E-005 9.99011E-005 9.99011E-005
9.99191E-005 9.99191E-005 0.000137329 0.992867 9.99191E-005 9.99191E-005 9.99191E-005 9.99191E-005 9.99191E-005 9.99191E-005 9.99191E-005 0.00609608
9.9928E-005 9.9928E-005 9.9928E-005 0.000833808 9.9928E-005 9.9928E-005 9.9928E-005 9.9928E-005 9.9928E-005 0.987943 0.00367967 0.00674451
9.99191E-005 9.99191E-005 9.99191E-005 9.99191E-005 9.99191E-005 9.99191E-005 0.00627844 9.99191E-005 9.99191E-005 0.99024 9.99191E-005 0.00258265
0.00126764 0.013306 9.9955E-005 0.0667849 9.9955E-005 9.9955E-005 0.786498 9.9955E-005 0.0301888 9.9955E-005 0.0508239 0.0506311
9.9928E-005 9.9928E-005 9.9928E-005 9.9928E-005 9.9928E-005 9.9928E-005 0.00513899 0.00127361 9.9928E-005 0.990902 9.9928E-005 0.00188631
9.99191E-005 9.99191E-005 9.99191E-005 9.99191E-005 9.99191E-005 9.99191E-005 0.00170465 9.99191E-005 9.99191E-005 0.995804 9.99191E-005 0.00159175
9.99191E-005 9.99191E-005 9.99191E-005 9.99191E-005 9.99191E-005 9.99191E-005 0.00206365 9.99191E-005 9.99191E-005 0.994204 9.99191E-005 0.00283262
9.99191E-005 9.99191E-005 9.99191E-005 9.99191E-005 9.99191E-005 9.99191E-005 0.00338145 0.00405426 9.99191E-005 0.991665 9.99191E-005 9.99191E-005
9.9946E-005 0.0204146 9.9946E-005 0.0797127 9.9946E-005 9.9946E-005 0.78077 9.9946E-005 0.0312678 9.9946E-005 0.0449928 0.0422427
0.0102579 0.00283992 0.00861703 9.9946E-005 0.963276 0.00406217 9.9946E-005 9.9946E-005 9.9946E-005 0.0103477 9.9946E-005 9.9946E-005
0.998901 9.99011E-005 9.99011E-005 9.99011E-005 9.99011E-005 9.99011E-005 9.99011E-005 9.99011E-005 9.99011E-005 9.99011E-005 9.99011E-005 9.99011E-005
0.994046 9.9928E-005 9.9928E-005 9.9928E-005 9.9928E-005 9.9928E-005 9.9928E-005 0.00350926 9.9928E-005 0.00105728 9.9928E-005 0.000588249
0.998901 9.99011E-005 9.99011E-005 9.99011E-005 9.99011E-005 9.99011E-005 9.99011E-005 9.99011E-005 9.99011E-005 9.99011E-005 9.99011E-005 9.99011E-005
0.998901 9.99011E-005 9.99011E-005 9.99011E-005 9.99011E-005 9.99011E-005 9.99011E-005 9.99011E-005 9.99011E-005 9.99011E-005 9.99011E-005 9.99011E-005
0.996839 9.9919E-005 9.9919E-005 9.9919E-005 9.9919E-005 9.9919E-005 0.00189422 9.9919E-005 9.9919E-005 9.9919E-005 0.000367317 9.9919E-005
0.998901 9.99011E-005 9.99011E-005 9.99011E-005 9.99011E-005 9.99011E-005 9.99011E-005 9.99011E-005 9.99011E-005 9.99011E-005 9.99011E-005 9.99011E-005
0.998615 9.99101E-005 9.99101E-005 9.99101E-005 9.99101E-005 9.99101E-005 9.99101E-005 9.99101E-005 0.000386301 9.99101E-005 9.99101E-005 9.99101E-005
0.998901 9.99011E-005 9.99011E-005 9.99011E-005 9.99011E-005 9.99011E-005 9.99011E-005 9.99011E-005 9.99011E-005 9.99011E-005 9.99011E-005 9.99011E-005
0.998901 9.99011E-005 9.99011E-005 9.99011E-005 9.99011E-005 9.99011E-005 9.99011E-005 9.99011E-005 9.99011E-005 9.99011E-005 9.99011E-005 9.99011E-005
0.99406 0.00088283 9.9937E-005 9.9937E-005 9.9937E-005 9.9937E-005 0.000748524 9.9937E-005 9.9937E-005 9.9937E-005 0.00270368 0.000905699
0.0213289 0.0854886 0.00342368 9.9937E-005 9.9937E-005 0.885356 0.00370277 9.9937E-005 9.9937E-005 9.9937E-005 9.9937E-005 9.9937E-005
0.00248964 0.0725238 0.010332 9.9937E-005 0.00915539 0.9048 9.9937E-005 9.9937E-005 9.9937E-005 9.9937E-005 9.9937E-005 9.9937E-005
9.99011E-005 9.99011E-005 9.99011E-005 9.99011E-005 9.99011E-005 0.998901 9.99011E-005 9.99011E-005 9.99011E-005 9.99011E-005 9.99011E-005 9.99011E-005
9.99011E-005 9.99011E-005 9.99011E-005 9.99011E-005 9.99011E-005 0.998901 9.99011E-005 9.99011E-005 9.99011E-005 9.99011E-005 9.99011E-005 9.99011E-005
9.99011E-005 9.99011E-005 9.99011E-005 9.99011E-005 9.99011E-005 0.998901 9.99011E-005 9.99011E-005 9.99011E-005 9.99011E-005 9.99011E-005 9.99011E-005
9.99011E-005 9.99011E-005 9.99011E-005 9.99011E-005 0.998901 9.99011E-005 9.99011E-005 9.99011E-005 9.99011E-005 9.99011E-005 9.99011E-005 9.99011E-005
9.99011E-005 9.99011E-005 9.99011E-005 9.99011E-005 0.998901 9.99011E-005 9.99011E-005 9.99011E-005 9.99011E-005 9.99011E-005 9.99011E-005 9.99011E-005
9.99011E-005 9.99011E-005 9.99011E-005 9.99011E-005 0.998901 9.99011E-005 9.99011E-005 9.99011E-005 9.99011E-005 9.99011E-005 9.99011E-005 9.99011E-005
9.99101E-005 9.99101E-005 9.99101E-005 9.99101E-005 0.996551 9.99101E-005 0.00244954 9.99101E-005 9.99101E-005 9.99101E-005 9.99101E-005 9.99101E-005
9.99011E-005 9.99011E-005 9.99011E-005 9.99011E-005 9.99011E-005 9.99011E-005 0.998901 9.99011E-005 9.99011E-005 9.99011E-005 9.99011E-005 9.99011E-005
9.99101E-005 9.99101E-005 9.99101E-005 0.000494048 9.99101E-005 0.998507 9.99101E-005 9.99101E-005 9.99101E-005 9.99101E-005 9.99101E-005 9.99101E-005
9.9937E-005 9.9937E-005 9.9937E-005 0.00394108 0.00943196 0.98303 9.9937E-005 9.9937E-005 9.9937E-005 0.00263277 9.9937E-005 0.00026458
0.000904232 9.99191E-005 0.00373979 9.99191E-005 9.99191E-005 0.994457 9.99191E-005 9.99191E-005 9.99191E-005 9.99191E-005 9.99191E-005 9.99191E-005
0.00473306 9.9928E-005 9.9928E-005 9.9928E-005 9.9928E-005 0.992098 9.9928E-005 9.9928E-005 0.000367821 9.9928E-005 9.9928E-005 0.00200151
0.000657406 9.9919E-005 9.9919E-005 0.994357 9.9919E-005 9.9919E-005 9.9919E-005 9.9919E-005 9.9919E-005 9.9919E-005 9.9919E-005 0.00408658
0.00673034 0.00104551 9.9955E-005 0.916872 9.9955E-005 9.9955E-005 0.0105524 0.0088624 9.9955E-005 0.00137525 0.0540627 9.9955E-005
0.000897681 9.99191E-005 9.99191E-005 0.994072 9.99191E-005 9.99191E-005 9.99191E-005 9.99191E-005 9.99191E-005 9.99191E-005 9.99191E-005 0.00413118
0.00501857 0.000457726 0.0035463 0.979191 9.9937E-005 9.9937E-005 9.9937E-005 0.0110868 9.9937E-005 9.9937E-005 9.9937E-005 9.9937E-005
9.99319E-005 9.99319E-005 0.00116676 0.990996 0.00619462 9.99319E-005 9.99319E-005 0.000843397 9.99319E-005 9.99319E-005 9.99319E-005 9.99319E-005
9.9928E-005 9.9928E-005 9.9928E-005 0.987487 9.9928E-005 0.00234702 9.9928E-005 9.9928E-005 0.00193912 9.9928E-005 0.00742792 9.9928E-005
9.99191E-005 9.99191E-005 0.00288649 0.99564 0.000574297 9.99191E-005 9.99191E-005 9.99191E-005 9.99191E-005 9.99191E-005 9.99191E-005 9.99191E-005
9.99191E-005 9.99191E-005 9.99191E-005 0.983123 9.99191E-005 9.99191E-005 0.00675206 9.99191E-005 9.99191E-005 9.99191E-005 0.00922612 9.99191E-005
9.99191E-005 9.99191E-005 9.99191E-005 9.99191E-005 9.99191E-005 9.99191E-005 9.99191E-005 9.99191E-005 0.0159702 0.980272 0.00285811 9.99191E-005
0.00781729 0.013785 0.0087205 9.9928E-005 9.9928E-005 9.9928E-005 9.9928E-005 9.9928E-005 9.9928E-005 0.968878 9.9928E-005 9.9928E-005
9.9937E-005 0.00350488 0.0156331 9.9937E-005 0.0107544 9.9937E-005 9.9937E-005 9.9937E-005 0.000816265 0.968592 9.9937E-005 9.9937E-005
9.9919E-005 9.9919E-005 9.9919E-005 9.9919E-005 0.003983 9.9919E-005 9.9919E-005 9.9919E-005 9.9919E-005 0.994906 9.9919E-005 0.000211521
9.9928E-005 9.9928E-005 9.9928E-005 9.9928E-005 9.9928E-005 9.9928E-005 0.00255967 0.00160556 9.9928E-005 0.989353 9.9928E-005 0.00568201
9.99101E-005 9.99101E-005 0.00579488 9.99101E-005 9.99101E-005 9.99101E-005 9.99101E-005 9.99101E-005 9.99101E-005 0.993206 9.99101E-005 9.99101E-005
9.99011E-005 9.99011E-005 9.99011E-005 9.99011E-005 9.99011E-005 9.99011E-005 9.99011E-005 9.99011E-005 9.99011E-005 9.99011E-005 9.99011E-005 0.998901
9.99011E-005 9.99011E-005 9.99011E-005 0.998901 9.99011E-005 9.99011E-005 9.99011E-005 9.99011E-005 9.99011E-005 9.99011E-005 9.99011E-005 9.99011E-005
9.99191E-005 0.00381393 9.99191E-005 9.99191E-005 9.99191E-005 9.99191E-005 0.000459063 9.99191E-005 9.99191E-005 9.99191E-005 9.99191E-005 0.994828
9.99101E-005 9.99101E-005 9.99101E-005 0.997964 9.99101E-005 9.99101E-005 0.00103734 9.99101E-005 9.99101E-005 9.99101E-005 9.99101E-005 9.99101E-005
9.99191E-005 0.000593797 9.99191E-005 0.997831 9.99191E-005 9.99191E-005 0.000675691 9.99191E-005 9.99191E-005 9.99191E-005 9.99191E-005 9.99191E-005
0.00505906 0.0291932 0.914227 9.9955E-005 0.032249 9.9955E-005 9.9955E-005 9.9955E-005 9.9955E-005 0.0155063 0.00305541 0.00021001
9.99101E-005 9.99101E-005 0.998136 9.99101E-005 9.99101E-005 0.000865009 9.99101E-005 9.99101E-005 9.99101E-005 9.99101E-005 9.99101E-005 9.99101E-005
9.9928E-005 0.000353838 0.994715 9.9928E-005 0.00344314 0.000688431 9.9928E-005 9.9928E-005 9.9928E-005 9.9928E-005 9.9928E-005 9.9928E-005
0.00430975 0.00651133 0.928952 0.00636087 0.0150231 0.000751249 0.000487056 9.99743E-005 9.99743E-005 0.0335515 9.99743E-005 0.0037527
0.0051542 0.0120901 0.916437 9.9973E-005 0.0275484 0.000438481 0.000740675 0.00547833 9.9973E-005 0.0291202 9.9973E-005 0.00269291
0.00192118 0.00864335 0.985665 9.9937E-005 9.9937E-005 9.9937E-005 0.0010783 9.9937E-005 9.9937E-005 0.00199229 9.9937E-005 9.9937E-005
0.00197465 9.9928E-005 9.9928E-005 0.996149 9.9928E-005 0.000109494 9.9928E-005 9.9928E-005 0.000967092 9.9928E-005 9.9928E-005 9.9928E-005
0.00821815 9.9946E-005 0.0018088 0.934806 9.9946E-005 9.9946E-005 0.00427708 9.9946E-005 9.9946E-005 9.9946E-005 0.0438073 0.00648307
9.99011E-005 9.99011E-005 9.99011E-005 0.998901 9.99011E-005 9.99011E-005 9.99011E-005 9.99011E-005 9.99011E-005 9.99011E-005 9.99011E-005 9.99011E-005
9.99101E-005 9.99101E-005 9.99101E-005 0.996601 9.99101E-005 9.99101E-005 9.99101E-005 9.99101E-005 9.99101E-005 9.99101E-005 9.99101E-005 0.00239964
0.000208813 9.9928E-005 9.9928E-005 0.994507 9.9928E-005 9.9928E-005 9.9928E-005 9.9928E-005 9.9928E-005 9.9928E-005 0.000334339 0.00415011
9.99101E-005 9.99101E-005 9.99101E-005 0.986705 9.99101E-005 9.99101E-005 9.99101E-005 9.99101E-005 9.99101E-005 9.99101E-005 0.0122962 9.99101E-005
9.99353E-005 0.00178705 9.99353E-005 0.92505 9.99353E-005 9.99353E-005 0.0128584 9.99353E-005 9.99353E-005 9.99353E-005 0.059505 9.99353E-005
0.00517283 0.00123692 0.000617858 0.900521 9.9973E-005 9.9973E-005 0.0119194 0.00639001 9.9973E-005 0.000223784 0.072951 0.000667077
0.00508519 9.9937E-005 9.9937E-005 0.898531 9.9937E-005 9.9937E-005 0.00794175 9.9937E-005 9.9937E-005 9.9937E-005 0.0818858 0.00585721
0.00747779 9.99101E-005 9.99101E-005 0.991523 9.99101E-005 9.99101E-005 9.99101E-005 9.99101E-005 9.99101E-005 9.99101E-005 9.99101E-005 9.99101E-005
9.9937E-005 9.9937E-005 9.9937E-005 0.901405 9.9937E-005 9.9937E-005 0.0197542 0.000797747 9.9937E-005 9.9937E-005 0.0763496 0.000994003
9.99281E-005 9.99281E-005 9.99281E-005 0.904836 9.99281E-005 9.99281E-005 0.0109929 0.0241601 9.99281E-005 9.99281E-005 0.0592113 9.99281E-005
9.9946E-005 9.9946E-005 9.9946E-005 0.922853 0.00482012 0.00447557 0.0131196 9.9946E-005 9.9946E-005 9.9946E-005 0.0454595 0.00867266
0.00139066 9.9946E-005 9.9946E-005 0.923261 9.9946E-005 9.9946E-005 0.00642415 9.9946E-005 0.0026542 9.9946E-005 0.0633949 0.00227578
0.0136081 0.00841665 0.884685 9.9955E-005 0.0572668 0.000558642 9.9955E-005 9.9955E-005 9.9955E-005 0.0325703 9.9955E-005 0.0023948
0.00528327 0.0111019 0.0386064 9.9955E-005 0.907372 9.9955E-005 9.9955E-005 0.00156286 0.00514605 0.0304281 9.9955E-005 9.9955E-005
9.99191E-005 9.99191E-005 9.99191E-005 9.99191E-005 0.996093 9.99191E-005 9.99191E-005 0.000104892 9.99191E-005 0.00290303 9.99191E-005 9.99191E-005
9.99101E-005 9.99101E-005 9.99101E-005 9.99101E-005 9.99101E-005 9.99101E-005 0.996993 0.00200774 9.99101E-005 9.99101E-005 9.99101E-005 9.99101E-005
9.99011E-005 9.99011E-005 9.99011E-005 9.99011E-005 9.99011E-005 9.99011E-005 0.998901 9.99011E-005 9.99011E-005 9.99011E-005 9.99011E-005 9.99011E-005
9.9937E-005 9.9937E-005 9.9937E-005 9.9937E-005 0.980349 0.00131172 9.9937E-005 0.00123943 0.00367665 0.0127237 9.9937E-005 9.9937E-005
0.0195239 0.0177518 0.246645 9.9955E-005 0.391441 0.00881003 9.9955E-005 9.9955E-005 0.217462 0.097867 9.9955E-005 9.9955E-005
9.99099E-005 9.99099E-005 9.99099E-005 9.99099E-005 0.0173608 9.99099E-005 9.99099E-005 9.99099E-005 0.98164 9.99099E-005 9.99099E-005 9.99099E-005
9.9901E-005 0.998901 9.9901E-005 9.9901E-005 9.9901E-005 9.9901E-005 9.9901E-005 9.9901E-005 9.9901E-005 9.9901E-005 9.9901E-005 9.9901E-005
9.9936E-005 0.960925 9.9936E-005 9.9936E-005 0.00882195 0.0249282 9.9936E-005 9.9936E-005 9.9936E-005 0.00452569 9.9936E-005 9.9936E-005
9.99011E-005 9.99011E-005 9.99011E-005 9.99011E-005 9.99011E-005 9.99011E-005 0.998901 9.99011E-005 9.99011E-005 9.99011E-005 9.99011E-005 9.99011E-005
9.99011E-005 9.99011E-005 9.99011E-005 9.99011E-005 9.99011E-005 9.99011E-005 0.998901 9.99011E-005 9.99011E-005 9.99011E-005 9.99011E-005 9.99011E-005
9.9901E-005 0.998901 9.9901E-005 9.9901E-005 9.9901E-005 9.9901E-005 9.9901E-005 9.9901E-005 9.9901E-005 9.9901E-005 9.9901E-005 9.9901E-005
0.0254674 0.0066037 0.250729 9.9955E-005 0.405392 0.0201886 9.9955E-005 9.9955E-005 0.183264 0.107855 9.9955E-005 9.9955E-005
9.99011E-005 9.99011E-005 9.99011E-005 9.99011E-005 9.99011E-005 9.99011E-005 0.998901 9.99011E-005 9.99011E-005 9.99011E-005 9.99011E-005 9.99011E-005
9.9901E-005 0.998901 9.9901E-005 9.9901E-005 9.9901E-005 9.9901E-005 9.9901E-005 9.9901E-005 9.9901E-005 9.9901E-005 9.9901E-005 9.9901E-005
0.0114986 0.0111381 0.0161418 0.00283684 0.924889 0.0020983 9.9982E-005 0.00388273 0.0114388 0.0120045 9.9982E-005 0.0038718
9.99191E-005 9.99191E-005 0.0112779 9.99191E-005 0.97111 9.99191E-005 9.99191E-005 9.99191E-005 9.99191E-005 0.0167132 9.99191E-005 9.99191E-005
0.0456706 0.00414648 0.193593 0.0245172 0.414221 0.0221136 0.0118981 9.9982E-005 0.118602 0.135596 9.9982E-005 0.0294407
0.257659 0.227243 0.12339 0.00674389 0.143622 0.100434 0.00150793 9.9982E-005 0.0295356 0.0998346 9.9982E-005 0.00983011
0.00476645 9.9964E-005 0.0186353 9.9964E-005 0.957055 0.00224855 0.0019048 0.00155255 0.00577938 0.00765831 9.9964E-005 9.9964E-005
0.00797854 0.00304816 0.0101643 9.9946E-005 0.938653 9.9946E-005 9.9946E-005 9.9946E-005 0.00952184 0.0300349 9.9946E-005 9.9946E-005
9.9964E-005 9.9964E-005 0.00292247 0.000162299 0.960489 0.00901957 0.000761416 0.00121697 0.0120798 0.0129487 9.9964E-005 9.9964E-005
0.00200071 9.9927E-005 9.9927E-005 9.9927E-005 9.9927E-005 9.9927E-005 0.990405 9.9927E-005 9.9927E-005 9.9927E-005 9.9927E-005 0.00669505
0.000676273 9.9955E-005 0.0152119 9.9955E-005 0.976485 0.0058832 9.9955E-005 0.000366731 0.000464207 0.000413183 9.9955E-005 9.9955E-005
9.99011E-005 9.99011E-005 9.99011E-005 9.99011E-005 9.99011E-005 9.99011E-005 0.998901 9.99011E-005 9.99011E-005 9.99011E-005 9.99011E-005 9.99011E-005
9.99011E-005 9.99011E-005 9.99011E-005 9.99011E-005 0.998901 9.99011E-005 9.99011E-005 9.99011E-005 9.99011E-005 9.99011E-005 9.99011E-005 9.99011E-005
9.99101E-005 9.99101E-005 9.99101E-005 9.99101E-005 9.99101E-005 9.99101E-005 0.995767 0.00323424 9.99101E-005 9.99101E-005 9.99101E-005 9.99101E-005
0.00501475 9.9946E-005 9.9946E-005 9.9946E-005 0.000341372 0.988994 0.00147096 9.9946E-005 0.00340814 9.9946E-005 9.9946E-005 0.000170808
9.99011E-005 9.99011E-005 9.99011E-005 9.99011E-005 0.998901 9.99011E-005 9.99011E-005 9.99011E-005 9.99011E-005 9.99011E-005 9.99011E-005 9.99011E-005
0.0281437 0.093891 0.0292823 9.9937E-005 9.9937E-005 0.845193 9.9937E-005 9.9937E-005 9.9937E-005 0.00279053 9.9937E-005 9.9937E-005
9.99191E-005 9.99191E-005 9.99191E-005 9.99191E-005 0.996616 9.99191E-005 9.99191E-005 9.99191E-005 9.99191E-005 9.99191E-005 0.00139678 0.00108783
0.00145382 0.000404032 9.9928E-005 9.9928E-005 0.995449 9.9928E-005 9.9928E-005 9.9928E-005 9.9928E-005 9.9928E-005 9.9928E-005 0.00189386
9.99011E-005 9.99011E-005 9.99011E-005 9.99011E-005 0.998901 9.99011E-005 9.99011E-005 9.99011E-005 9.99011E-005 9.99011E-005 9.99011E-005 9.99011E-005
9.99011E-005 9.99011E-005 9.99011E-005 9.99011E-005 0.998901 9.99011E-005 9.99011E-005 9.99011E-005 9.99011E-005 9.99011E-005 9.99011E-005 9.99011E-005
9.99011E-005 9.99011E-005 9.99011E-005 9.99011E-005 9.99011E-005 9.99011E-005 0.998901 9.99011E-005 9.99011E-005 9.99011E-005 9.99011E-005 9.99011E-005
0.0146425 9.9928E-005 0.96083 9.9928E-005 0.00409965 9.9928E-005 9.9928E-005 9.9928E-005 9.9928E-005 0.0196286 9.9928E-005 9.9928E-005
0.0072517 9.9955E-005 0.967599 9.9955E-005 9.9955E-005 0.0011199 9.9955E-005 9.9955E-005 0.00544725 0.0147136 0.00116138 0.00220756
0.000889797 0.00669281 0.916483 9.9964E-005 0.0463447 0.007176 0.00115601 9.9964E-005 9.9964E-005 0.0190373 9.9964E-005 0.00182084
0.00469196 9.9937E-005 9.9937E-005 9.9937E-005 9.9937E-005 0.00393563 0.00148507 9.9937E-005 9.9937E-005 0.98573 9.9937E-005 0.00345826
9.995E-005 9.995E-005 0.00108391 9.995E-005 0.0078752 9.995E-005 0.970945 0.014671 9.995E-005 0.000364115 0.00130815 0.00325276
9.9928E-005 9.9928E-005 0.0179945 9.9928E-005 0.0156036 0.00366676 9.9928E-005 9.9928E-005 9.9928E-005 0.961936 9.9928E-005 9.9928E-005
9.99101E-005 9.99101E-005 9.99101E-005 9.99101E-005 9.99101E-005 0.0035554 9.99101E-005 9.99101E-005 9.99101E-005 0.995445 9.99101E-005 9.99101E-005
0.00468741 0.00273176 0.00821837 9.9955E-005 0.00854625 9.9955E-005 9.9955E-005 0.00037562 0.0220762 0.952865 9.9955E-005 9.9955E-005
9.99101E-005 9.99101E-005 9.99101E-005 9.99101E-005 9.99101E-005 9.99101E-005 9.99101E-005 0.00206696 9.99101E-005 0.996934 9.99101E-005 9.99101E-005
9.9928E-005 0.00326418 0.00738421 9.9928E-005 0.00365042 9.9928E-005 9.9928E-005 9.9928E-005 9.9928E-005 0.984902 9.9928E-005 9.9928E-005
9.99011E-005 9.99011E-005 9.99011E-005 9.99011E-005 9.99011E-005 0.998901 9.99011E-005 9.99011E-005 9.99011E-005 9.99011E-005 9.99011E-005 9.99011E-005
9.99011E-005 9.99011E-005 9.99011E-005 9.99011E-005 9.99011E-005 0.998901 9.99011E-005 9.99011E-005 9.99011E-005 9.99011E-005 9.99011E-005 9.99011E-005
9.99101E-005 9.99101E-005 9.99101E-005 9.99101E-005 9.99101E-005 0.998054 9.99101E-005 0.000947306 9.99101E-005 9.99101E-005 9.99101E-005 9.99101E-005
9.99281E-005 9.99281E-005 9.99281E-005 9.99281E-005 9.99281E-005 0.984099 9.99281E-005 0.00560491 0.00718811 9.99281E-005 9.99281E-005 0.00230808
0.00217004 9.9937E-005 9.9937E-005 9.9937E-005 9.9937E-005 0.015767 0.0296287 0.0013175 9.9937E-005 0.950417 9.9937E-005 9.9937E-005
9.99191E-005 0.0873341 0.0332956 9.99191E-005 9.99191E-005 0.878471 9.99191E-005 9.99191E-005 9.99191E-005 9.99191E-005 9.99191E-005 9.99191E-005
9.99101E-005 9.99101E-005 9.99101E-005 9.99101E-005 9.99101E-005 9.99101E-005 9.99101E-005 9.99101E-005 0.0100351 0.988966 9.99101E-005 9.99101E-005
0.00245551 9.9937E-005 0.0160645 9.9937E-005 0.0171039 9.9937E-005 0.00116274 9.9937E-005 9.9937E-005 0.962514 9.9937E-005 9.9937E-005
9.9919E-005 9.9919E-005 0.0168134 9.9919E-005 0.0211754 9.9919E-005 9.9919E-005 9.9919E-005 9.9919E-005 0.961112 9.9919E-005 9.9919E-005
9.99191E-005 9.99191E-005 9.99191E-005 9.99191E-005 0.00729888 9.99191E-005 9.99191E-005 9.99191E-005 0.00384925 0.987953 9.99191E-005 9.99191E-005
9.9946E-005 9.9946E-005 0.0172245 9.9946E-005 0.0056655 0.000312385 0.00122564 9.9946E-005 9.9946E-005 0.97469 0.000282689 9.9946E-005
0.0110898 0.00116953 9.9955E-005 9.9955E-005 9.9955E-005 0.00338826 9.9955E-005 0.00130166 0.000414602 0.981631 9.9955E-005 0.000505309
0.00509557 9.9946E-005 0.0153972 9.9946E-005 0.0212155 9.9946E-005 0.000837771 0.00393829 9.9946E-005 0.952916 9.9946E-005 9.9946E-005
0.00439205 0.00635076 0.0163278 9.9955E-005 0.0229096 0.00259705 9.9955E-005 9.9955E-005 0.000572437 0.94635 9.9955E-005 9.9955E-005
0.00915832 0.00312922 0.0267322 9.9955E-005 0.00976015 9.9955E-005 9.9955E-005 0.00140419 0.0137164 0.9356 9.9955E-005 9.9955E-005
9.9955E-005 9.9955E-005 0.0127726 9.9955E-005 0.00146626 0.00738121 0.00156673 0.000204095 0.0177168 0.958392 9.9955E-005 9.9955E-005
0.0126888 0.000839191 9.994E-005 9.994E-005 9.994E-005 0.00228986 9.994E-005 9.994E-005 9.994E-005 0.980137 0.000994621 0.00245125
0.0129489 0.00406351 0.00511095 9.9928E-005 9.9928E-005 9.9928E-005 9.9928E-005 9.9928E-005 9.9928E-005 0.977077 9.9928E-005 9.9928E-005
9.9937E-005 0.00115838 0.00199277 9.9937E-005 0.0285793 9.9937E-005 9.9937E-005 9.9937E-005 0.00312067 0.964449 9.9937E-005 9.9937E-005
0.000453707 9.9955E-005 0.0235687 9.9955E-005 0.0166429 9.9955E-005 9.9955E-005 0.000680843 0.0100766 0.945289 9.9955E-005 0.00278851
0.0068846 0.00123109 0.00406999 9.9946E-005 0.0147578 9.9946E-005 9.9946E-005 9.9946E-005 0.00409084 0.968366 9.9946E-005 9.9946E-005
0.00123442 0.00617183 9.9964E-005 0.00126305 9.9964E-005 9.9964E-005 9.9964E-005 0.00551878 0.0375381 0.936069 0.00347392 0.00833078
9.99191E-005 9.99191E-005 9.99191E-005 0.972446 9.99191E-005 9.99191E-005 0.0124124 0.0142423 9.99191E-005 9.99191E-005 9.99191E-005 9.99191E-005
9.99281E-005 9.99281E-005 9.99281E-005 0.986209 9.99281E-005 9.99281E-005 9.99281E-005 0.00443372 9.99281E-005 0.00207437 0.00648305 9.99281E-005
9.99191E-005 9.99191E-005 9.99191E-005 0.996562 9.99191E-005 9.99191E-005 9.99191E-005 9.99191E-005 0.00185243 9.99191E-005 9.99191E-005 0.000686385
9.9946E-005 0.00413247 9.9946E-005 9.9946E-005 9.9946E-005 9.9946E-005 9.9946E-005 0.000101416 0.0298256 0.953997 0.0048832 0.00646016
0.227881 0.201708 9.99461E-005 9.99461E-005 0.0256582 0.0832455 9.99461E-005 9.99461E-005 0.399457 0.0614501 9.99461E-005 9.99461E-005
9.99191E-005 0.000689372 9.99191E-005 9.99191E-005 9.99191E-005 9.99191E-005 0.00245603 9.99191E-005 9.99191E-005 9.99191E-005 9.99191E-005 0.995955
0.00119171 9.9937E-005 9.9937E-005 9.9937E-005 9.9937E-005 0.00537204 0.00041642 9.9937E-005 9.9937E-005 9.9937E-005 0.00107056 0.99125
9.99011E-005 9.99011E-005 9.99011E-005 9.99011E-005 9.99011E-005 9.99011E-005 9.99011E-005 9.99011E-005 9.99011E-005 9.99011E-005 9.99011E-005 0.998901
0.00197525 9.99281E-005 9.99281E-005 9.99281E-005 9.99281E-005 9.99281E-005 0.00452468 9.99281E-005 9.99281E-005 9.99281E-005 0.0015819 0.991119
9.99191E-005 9.99191E-005 9.99191E-005 9.99191E-005 9.99191E-005 9.99191E-005 0.000664032 9.99191E-005 9.99191E-005 9.99191E-005 0.00185644 0.99658
9.99011E-005 9.99011E-005 9.99011E-005 9.99011E-005 9.99011E-005 9.99011E-005 9.99011E-005 9.99011E-005 9.99011E-005 9.99011E-005 9.99011E-005 0.998901
9.99011E-005 9.99011E-005 9.99011E-005 9.99011E-005 9.99011E-005 9.99011E-005 9.99011E-005 9.99011E-005 9.99011E-005 9.99011E-005 0.998901 9.99011E-005
9.99011E-005 9.99011E-005 9.99011E-005 9.99011E-005 9.99011E-005 9.99011E-005 9.99011E-005 9.99011E-005 9.99011E-005 9.99011E-005 9.99011E-005 0.998901
9.99191E-005 9.99191E-005 9.99191E-005 0.995947 9.99191E-005 9.99191E-005 9.99191E-005 0.00232322 0.000830023 9.99191E-005 9.99191E-005 9.99191E-005
9.99281E-005 9.99281E-005 9.99281E-005 9.99281E-005 9.99281E-005 0.000268511 9.99281E-005 0.00354978 0.0168266 9.99281E-005 9.99281E-005 0.978556
9.99281E-005 9.99281E-005 9.99281E-005 0.00076118 9.99281E-005 9.99281E-005 0.00213948 9.99281E-005 9.99281E-005 9.99281E-005 0.00540189 0.990898
9.99011E-005 9.99011E-005 9.99011E-005 9.99011E-005 9.99011E-005 9.99011E-005 9.99011E-005 9.99011E-005 9.99011E-005 9.99011E-005 9.99011E-005 0.998901
9.9928E-005 9.9928E-005 9.9928E-005 9.9928E-005 9.9928E-005 9.9928E-005 0.00175105 0.00106271 0.00290376 9.9928E-005 9.9928E-005 0.993483
0.012274 0.00896292 0.01009 9.9955E-005 0.0116612 9.9955E-005 0.000767281 9.9955E-005 0.0104699 0.945275 9.9955E-005 9.9955E-005
9.99101E-005 9.99101E-005 9.99101E-005 9.99101E-005 9.99101E-005 9.99101E-005 9.99101E-005 9.99101E-005 9.99101E-005 0.000981998 9.99101E-005 0.998019
9.99101E-005 9.99101E-005 9.99101E-005 0.994311 9.99101E-005 9.99101E-005 9.99101E-005 9.99101E-005 9.99101E-005 9.99101E-005 9.99101E-005 0.00468955
9.9937E-005 9.9937E-005 9.9937E-005 9.9937E-005 0.00640442 9.9937E-005 0.000419013 9.9937E-005 0.0182399 0.972264 0.00197313 9.9937E-005
0.00287931 9.9928E-005 0.979762 9.9928E-005 9.9928E-005 9.9928E-005 9.9928E-005 0.00151289 9.9928E-005 0.0150466 9.9928E-005 9.9928E-005
9.99191E-005 9.99191E-005 9.99191E-005 9.99191E-005 9.99191E-005 9.99191E-005 9.99191E-005 0.00081824 0.00441786 9.99191E-005 9.99191E-005 0.993865
9.99101E-005 9.99101E-005 0.000233116 9.99101E-005 9.99101E-005 9.99101E-005 0.998768 9.99101E-005 9.99101E-005 9.99101E-005 9.99101E-005 9.99101E-005
9.9919E-005 9.9919E-005 0.00112858 9.9919E-005 9.9919E-005 9.9919E-005 0.995386 9.9919E-005 9.9919E-005 9.9919E-005 9.9919E-005 0.00258607
9.9919E-005 9.9919E-005 0.986029 9.9919E-005 0.00892972 9.9919E-005 9.9919E-005 9.9919E-005 9.9919E-005 0.0041417 9.9919E-005 9.9919E-005
9.9919E-005 9.9919E-005 0.000846912 9.9919E-005 9.9919E-005 9.9919E-005 0.996894 9.9919E-005 9.9919E-005 9.9919E-005 9.9919E-005 0.00135971
9.99191E-005 0.00647503 9.99191E-005 9.99191E-005 0.0146578 9.99191E-005 9.99191E-005 9.99191E-005 9.99191E-005 0.977968 9.99191E-005 9.99191E-005
9.9937E-005 9.9937E-005 9.9937E-005 9.9937E-005 0.00664299 0.00481986 9.9937E-005 0.000803479 0.00263485 0.984399 9.9937E-005 9.9937E-005
9.995E-005 0.00504216 0.0117465 9.995E-005 0.0229488 9.995E-005 9.995E-005 9.995E-005 0.0166159 0.934011 0.00451015 0.00462604
0.00107284 0.0046001 9.9928E-005 9.9928E-005 0.00551013 9.9928E-005 9.9928E-005 9.9928E-005 9.9928E-005 0.988018 9.9928E-005 9.9928E-005
9.9937E-005 0.00316483 0.0282767 9.9937E-005 0.0175866 0.00677622 9.9937E-005 9.9937E-005 9.9937E-005 0.943496 9.9937E-005 9.9937E-005
0.00827527 9.9946E-005 0.0119454 9.9946E-005 9.9946E-005 9.9946E-005 9.9946E-005 0.00372757 0.0350592 0.939871 9.9946E-005 0.00052164
9.9928E-005 0.00167776 9.9928E-005 0.000229862 9.9928E-005 9.9928E-005 9.9928E-005 9.9928E-005 9.9928E-005 0.995559 0.00173403 9.9928E-005
9.9937E-005 9.9937E-005 0.988499 0.000399927 0.00623158 9.9937E-005 9.9937E-005 9.9937E-005 0.0023544 0.00181581 9.9937E-005 9.9937E-005
9.99238E-005 9.99238E-005 0.976317 9.99238E-005 9.99238E-005 9.99238E-005 9.99238E-005 0.00146647 0.0213171 9.99238E-005 9.99238E-005 9.99238E-005
9.99011E-005 9.99011E-005 9.99011E-005 9.99011E-005 9.99011E-005 9.99011E-005 9.99011E-005 9.99011E-005 9.99011E-005 0.998901 9.99011E-005 9.99011E-005
9.9937E-005 9.9937E-005 9.9937E-005 0.969912 9.9937E-005 9.9937E-005 0.00114113 0.0219372 9.9937E-005 0.00460698 0.00170288 9.9937E-005
9.9919E-005 9.9919E-005 0.0026365 9.9919E-005 9.9919E-005 9.9919E-005 9.9919E-005 9.9919E-005 9.9919E-005 9.9919E-005 0.993903 0.00256098
9.99281E-005 9.99281E-005 9.99281E-005 9.99281E-005 9.99281E-005 9.99281E-005 9.99281E-005 0.0281516 0.00350561 0.000172855 0.967371 9.99281E-005
9.99011E-005 9.99011E-005 9.99011E-005 9.99011E-005 9.99011E-005 9.99011E-005 9.99011E-005 0.998901 9.99011E-005 9.99011E-005 9.99011E-005 9.99011E-005
9.99101E-005 9.99101E-005 9.99101E-005 0.00560232 9.99101E-005 9.99101E-005 9.99101E-005 9.99101E-005 9.99101E-005 9.99101E-005 0.993399 9.99101E-005
9.9946E-005 9.9946E-005 0.00205425 0.968964 9.9946E-005 9.9946E-005 0.00665242 0.0129212 9.9946E-005 0.00740065 9.9946E-005 0.00140801
9.99101E-005 9.99101E-005 9.99101E-005 0.985014 9.99101E-005 9.99101E-005 9.99101E-005 0.013987 9.99101E-005 9.99101E-005 9.99101E-005 9.99101E-005
9.99011E-005 9.99011E-005 9.99011E-005 0.998901 9.99011E-005 9.99011E-005 9.99011E-005 9.99011E-005 9.99011E-005 9.99011E-005 9.99011E-005 9.99011E-005
9.99011E-005 9.99011E-005 9.99011E-005 9.99011E-005 9.99011E-005 9.99011E-005 9.99011E-005 9.99011E-005 9.99011E-005 9.99011E-005 0.998901 9.99011E-005
9.9919E-005 9.9919E-005 0.986964 9.9919E-005 9.9919E-005 9.9919E-005 9.9919E-005 0.001366 0.010771 9.9919E-005 9.9919E-005 9.9919E-005
9.99101E-005 9.99101E-005 9.99101E-005 9.99101E-005 9.99101E-005 9.99101E-005 0.998708 0.000293175 9.99101E-005 9.99101E-005 9.99101E-005 9.99101E-005
9.9928E-005 9.9928E-005 0.137506 9.9928E-005 9.9928E-005 9.9928E-005 9.9928E-005 9.9928E-005 0.83342 9.9928E-005 0.0170094 0.0112653
9.99191E-005 9.99191E-005 0.982344 9.99191E-005 9.99191E-005 9.99191E-005 9.99191E-005 0.00383214 0.0129243 9.99191E-005 9.99191E-005 9.99191E-005
9.9928E-005 0.00545761 0.969746 9.9928E-005 9.9928E-005 9.9928E-005 9.9928E-005 9.9928E-005 0.017017 0.00697974 9.9928E-005 9.9928E-005
9.99191E-005 9.99191E-005 9.99191E-005 9.99191E-005 9.99191E-005 9.99191E-005 0.988769 0.00904234 9.99191E-005 0.00128982 9.99191E-005 9.99191E-005
9.99191E-005 0.000416636 9.99191E-005 9.99191E-005 9.99191E-005 9.99191E-005 9.99191E-005 0.00377556 9.99191E-005 9.99191E-005 9.99191E-005 0.994909
0.0363064 0.0168297 0.128188 9.9964E-005 0.152511 0.02043 0.000466864 9.9964E-005 0.0155454 0.629322 9.9964E-005 9.9964E-005
9.99011E-005 9.99011E-005 0.998901 9.99011E-005 9.99011E-005 9.99011E-005 9.99011E-005 9.99011E-005 9.99011E-005 9.99011E-005 9.99011E-005 9.99011E-005
9.99011E-005 9.99011E-005 0.998901 9.99011E-005 9.99011E-005 9.99011E-005 9.99011E-005 9.99011E-005 9.99011E-005 9.99011E-005 9.99011E-005 9.99011E-005
9.99011E-005 9.99011E-005 0.998901 9.99011E-005 9.99011E-005 9.99011E-005 9.99011E-005 9.99011E-005 9.99011E-005 9.99011E-005 9.99011E-005 9.99011E-005
9.9937E-005 9.9937E-005 0.989823 9.9937E-005 9.9937E-005 9.9937E-005 9.9937E-005 0.0012696 0.00546385 9.9937E-005 0.00194098 0.000803136
9.99191E-005 9.99191E-005 0.997099 9.99191E-005 9.99191E-005 9.99191E-005 0.00154893 9.99191E-005 9.99191E-005 9.99191E-005 9.99191E-005 0.00045241
9.99011E-005 9.99011E-005 0.998901 9.99011E-005 9.99011E-005 9.99011E-005 9.99011E-005 9.99011E-005 9.99011E-005 9.99011E-005 9.99011E-005 9.99011E-005
