0.0202495 0.0164508 9.9955E-005 0.0114503 0.0216175 0.891842 9.9955E-005 9.9955E-005 9.9955E-005 9.9955E-005 0.0378901
0.0122316 0.0205292 9.9973E-005 0.00281467 0.00611887 0.913094 9.9973E-005 9.9973E-005 0.00384324 0.00189888 0.0391698
0.0339007 0.00483821 9.99644E-005 0.0511472 0.00679234 0.00228822 9.99644E-005 0.00296394 9.99644E-005 9.99644E-005 0.89767
0.0173754 0.00919679 9.9955E-005 0.0469645 0.00729761 0.00863488 9.9955E-005 9.9955E-005 9.9955E-005 9.9955E-005 0.910031
0.0230486 0.0123169 0.00343764 0.031335 9.99814E-005 0.0045998 9.99814E-005 0.00392025 0.00194595 9.99814E-005 0.919096
9.99101E-005 9.99101E-005 9.99101E-005 9.99101E-005 9.99101E-005 9.99101E-005 9.99101E-005 9.99101E-005 9.99101E-005 9.99101E-005 0.999001
9.9928E-005 9.9928E-005 9.9928E-005 0.000512002 0.00247239 9.9928E-005 9.9928E-005 9.9928E-005 9.9928E-005 9.9928E-005 0.996216
9.99101E-005 9.99101E-005 9.99101E-005 9.99101E-005 9.99101E-005 9.99101E-005 9.99101E-005 9.99101E-005 9.99101E-005 9.99101E-005 0.999001
9.9937E-005 0.00154402 9.9937E-005 0.0032199 9.9937E-005 9.9937E-005 9.9937E-005 9.9937E-005 0.00537059 0.989166 9.9937E-005
0.995551 9.99281E-005 9.99281E-005 9.99281E-005 9.99281E-005 9.99281E-005 9.99281E-005 9.99281E-005 0.00172164 0.00192839 9.99281E-005
0.990675 9.9937E-005 9.9937E-005 9.9937E-005 9.9937E-005 9.9937E-005 0.000586145 0.00503644 0.00300306 9.9937E-005 9.9937E-005
9.9955E-005 9.9955E-005 0.0634511 9.9955E-005 0.0309755 0.00946569 9.9955E-005 0.781065 0.0531977 0.0613452 9.9955E-005
0.994334 9.9928E-005 9.9928E-005 9.9928E-005 9.9928E-005 9.9928E-005 9.9928E-005 0.00226179 0.00260482 9.9928E-005 9.9928E-005
0.985564 9.9946E-005 9.9946E-005 9.9946E-005 9.9946E-005 0.0063079 0.0034385 0.0017681 0.00232221 9.9946E-005 9.9946E-005
0.993822 9.99191E-005 9.99191E-005 9.99191E-005 9.99191E-005 9.99191E-005 9.99191E-005 0.00527871 9.99191E-005 9.99191E-005 9.99191E-005
0.992356 9.9946E-005 0.000857434 9.9946E-005 9.9946E-005 0.00150028 9.9946E-005 0.00386137 0.000825256 9.9946E-005 9.9946E-005
9.9964E-005 9.9964E-005 0.0636443 0.0179942 0.0234962 0.00317496 9.9964E-005 0.782859 0.050607 0.0578242 9.9964E-005
0.01365 0.00628592 9.9946E-005 0.967838 9.9946E-005 0.00526597 9.9946E-005 9.9946E-005 9.9946E-005 9.9946E-005 0.00636039
9.99101E-005 9.99101E-005 9.99101E-005 9.99101E-005 9.99101E-005 0.999001 9.99101E-005 9.99101E-005 9.99101E-005 9.99101E-005 9.99101E-005
9.9937E-005 9.9937E-005 9.9937E-005 9.9937E-005 9.9937E-005 0.99523 9.9937E-005 0.00157049 0.00169184 0.000807923 9.9937E-005
9.99101E-005 9.99101E-005 9.99101E-005 9.99101E-005 9.99101E-005 0.999001 9.99101E-005 9.99101E-005 9.99101E-005 9.99101E-005 9.99101E-005
9.99101E-005 9.99101E-005 9.99101E-005 9.99101E-005 9.99101E-005 0.999001 9.99101E-005 9.99101E-005 9.99101E-005 9.99101E-005 9.99101E-005
9.99101E-005 9.99101E-005 9.99101E-005 9.99101E-005 9.99101E-005 0.999001 9.99101E-005 9.99101E-005 9.99101E-005 9.99101E-005 9.99101E-005
0.000166717 9.9928E-005 9.9928E-005 9.9928E-005 9.9928E-005 0.998435 9.9928E-005 9.9928E-005 9.9928E-005 9.9928E-005 0.000598463
9.99101E-005 9.99101E-005 9.99101E-005 9.99101E-005 9.99101E-005 0.999001 9.99101E-005 9.99101E-005 9.99101E-005 9.99101E-005 9.99101E-005
9.99101E-005 9.99101E-005 9.99101E-005 9.99101E-005 9.99101E-005 0.999001 9.99101E-005 9.99101E-005 9.99101E-005 9.99101E-005 9.99101E-005
0.00616718 9.99211E-005 9.99211E-005 9.99211E-005 9.99211E-005 0.992934 9.99211E-005 9.99211E-005 9.99211E-005 9.99211E-005 9.99211E-005
9.9919E-005 9.9919E-005 9.9919E-005 9.9919E-005 9.9919E-005 0.997744 9.9919E-005 9.9919E-005 0.00135682 9.9919E-005 9.9919E-005
9.9946E-005 0.879758 9.9946E-005 9.9946E-005 0.0818706 0.0251398 9.9946E-005 0.00105998 9.9946E-005 9.9946E-005 0.0115722
9.9937E-005 0.905133 9.9937E-005 9.9937E-005 0.0803772 0.00240648 9.9937E-005 9.9937E-005 9.9937E-005 9.9937E-005 0.0113838
9.99101E-005 0.999001 9.99101E-005 9.99101E-005 9.99101E-005 9.99101E-005 9.99101E-005 9.99101E-005 9.99101E-005 9.99101E-005 9.99101E-005
9.99191E-005 0.998693 0.000408076 9.99191E-005 9.99191E-005 9.99191E-005 9.99191E-005 9.99191E-005 9.99191E-005 9.99191E-005 9.99191E-005
9.9919E-005 0.994554 9.9919E-005 9.9919E-005 9.9919E-005 0.00454625 9.9919E-005 9.9919E-005 9.9919E-005 9.9919E-005 9.9919E-005
9.99101E-005 9.99101E-005 9.99101E-005 0.999001 9.99101E-005 9.99101E-005 9.99101E-005 9.99101E-005 9.99101E-005 9.99101E-005 9.99101E-005
9.9919E-005 9.9919E-005 9.9919E-005 0.998843 9.9919E-005 9.9919E-005 0.000257988 9.9919E-005 9.9919E-005 9.9919E-005 9.9919E-005
9.99101E-005 9.99101E-005 9.99101E-005 0.999001 9.99101E-005 9.99101E-005 9.99101E-005 9.99101E-005 9.99101E-005 9.99101E-005 9.99101E-005
9.9919E-005 0.000927504 9.9919E-005 0.998173 9.9919E-005 9.9919E-005 9.9919E-005 9.9919E-005 9.9919E-005 9.9919E-005 9.9919E-005
9.99101E-005 9.99101E-005 9.99101E-005 9.99101E-005 9.99101E-005 9.99101E-005 9.99101E-005 0.999001 9.99101E-005 9.99101E-005 9.99101E-005
0.000194209 0.997319 9.99457E-005 9.99457E-005 9.99457E-005 9.99457E-005 0.00142172 9.99457E-005 0.000365444 9.99457E-005 9.99457E-005
0.00837405 0.984748 0.000679763 0.00549888 9.9937E-005 9.9937E-005 9.9937E-005 9.9937E-005 9.9937E-005 9.9937E-005 9.9937E-005
9.99191E-005 0.994629 9.99191E-005 9.99191E-005 9.99191E-005 9.99191E-005 9.99191E-005 9.99191E-005 0.00447172 9.99191E-005 9.99191E-005
9.9919E-005 0.995966 0.00313462 9.9919E-005 9.9919E-005 9.9919E-005 9.9919E-005 9.9919E-005 9.9919E-005 9.9919E-005 9.9919E-005
9.99336E-005 9.99336E-005 9.99336E-005 9.99336E-005 9.99336E-005 0.00244497 9.99336E-005 9.99336E-005 0.00688688 0.989869 9.99336E-005
0.00158656 9.9964E-005 0.0615244 9.9964E-005 0.00529121 9.9964E-005 0.00418297 0.0139542 0.00363634 0.909424 9.9964E-005
9.9928E-005 9.9928E-005 9.9928E-005 9.9928E-005 9.9928E-005 0.00824812 9.9928E-005 0.00366711 9.9928E-005 0.987285 9.9928E-005
9.9928E-005 0.00251954 9.9928E-005 9.9928E-005 9.9928E-005 9.9928E-005 0.0173776 9.9928E-005 9.9928E-005 0.979303 9.9928E-005
9.9928E-005 0.0033302 9.9928E-005 9.9928E-005 9.9928E-005 9.9928E-005 0.00342366 9.9928E-005 9.9928E-005 0.992447 9.9928E-005
0.00106339 9.9928E-005 0.0132129 9.9928E-005 9.9928E-005 9.9928E-005 9.9928E-005 9.9928E-005 9.9928E-005 0.984924 9.9928E-005
0.00164501 9.993E-005 9.993E-005 9.993E-005 9.993E-005 9.993E-005 9.993E-005 0.0103837 0.00109712 0.986175 9.993E-005
9.9955E-005 0.00108174 0.00180951 9.9955E-005 0.000706539 9.9955E-005 0.00271562 0.00935263 9.9955E-005 0.983834 9.9955E-005
0.991583 9.9946E-005 0.000306549 9.9946E-005 9.9946E-005 9.9946E-005 0.0029404 9.9946E-005 9.9946E-005 0.000283938 0.00428675
0.961286 0.00417896 0.00193852 0.0102137 0.00608396 0.00446529 9.9982E-005 9.9982E-005 0.00153199 0.00133245 0.00876873
0.978697 9.9937E-005 9.9937E-005 0.00694226 0.00368833 9.9937E-005 9.9937E-005 9.9937E-005 9.9937E-005 9.9937E-005 0.00997247
0.995785 9.9937E-005 9.9937E-005 0.00200664 9.9937E-005 9.9937E-005 9.9937E-005 0.000997708 0.000511435 9.9937E-005 9.9937E-005
0.988777 9.9946E-005 9.9946E-005 9.9946E-005 9.9946E-005 9.9946E-005 0.00119588 0.00423879 0.00495381 0.000235233 9.9946E-005
0.999001 9.99101E-005 9.99101E-005 9.99101E-005 9.99101E-005 9.99101E-005 9.99101E-005 9.99101E-005 9.99101E-005 9.99101E-005 9.99101E-005
9.99101E-005 9.99101E-005 9.99101E-005 9.99101E-005 9.99101E-005 9.99101E-005 9.99101E-005 9.99101E-005 0.999001 9.99101E-005 9.99101E-005
9.99101E-005 9.99101E-005 9.99101E-005 9.99101E-005 9.99101E-005 9.99101E-005 9.99101E-005 9.99101E-005 9.99101E-005 0.999001 9.99101E-005
0.000942142 0.00217064 9.9946E-005 9.9946E-005 0.00181742 9.9946E-005 9.9946E-005 9.9946E-005 0.993243 0.00122755 9.9946E-005
9.99191E-005 0.000806461 9.99191E-005 9.99191E-005 9.99191E-005 9.99191E-005 9.99191E-005 9.99191E-005 9.99191E-005 0.998294 9.99191E-005
9.99191E-005 9.99191E-005 9.99191E-005 9.99191E-005 9.99191E-005 0.0011163 9.99191E-005 9.99191E-005 9.99191E-005 0.997984 9.99191E-005
0.0151869 0.00683624 9.9964E-005 0.0347997 0.0213664 0.0103874 9.9964E-005 9.9964E-005 0.000638114 9.9964E-005 0.910385
9.9928E-005 0.000592377 9.9928E-005 9.9928E-005 0.000194189 9.9928E-005 9.9928E-005 9.9928E-005 9.9928E-005 9.9928E-005 0.998414
9.99101E-005 9.99101E-005 9.99101E-005 9.99101E-005 9.99101E-005 9.99101E-005 9.99101E-005 9.99101E-005 9.99101E-005 9.99101E-005 0.999001
0.0327533 0.00221391 0.00250483 0.0114457 0.0122536 0.000544356 0.000846569 9.9982E-005 0.00219531 9.9982E-005 0.935042
0.0164676 0.0064597 0.00128276 0.0325614 0.00254145 0.00359283 9.9982E-005 9.9982E-005 0.000306813 0.00368629 0.932901
9.99101E-005 9.99101E-005 9.99101E-005 9.99101E-005 9.99101E-005 9.99101E-005 9.99101E-005 9.99101E-005 9.99101E-005 9.99101E-005 0.999001
0.000735102 9.99191E-005 9.99191E-005 9.99191E-005 9.99191E-005 9.99191E-005 9.99191E-005 9.99191E-005 9.99191E-005 0.998366 9.99191E-005
0.0025533 9.9964E-005 0.062302 0.00179418 0.00575097 9.9964E-005 9.9964E-005 0.000967451 0.00939553 0.916837 9.9964E-005
9.9919E-005 9.9919E-005 9.9919E-005 9.9919E-005 9.9919E-005 9.9919E-005 9.9919E-005 9.9919E-005 0.000585847 0.998515 9.9919E-005
9.9928E-005 9.9928E-005 9.9928E-005 9.9928E-005 9.9928E-005 0.00127342 9.9928E-005 9.9928E-005 0.00351529 0.994412 9.9928E-005
9.99288E-005 9.99288E-005 9.99288E-005 9.99288E-005 9.99288E-005 0.00146701 9.99288E-005 9.99288E-005 0.00248918 0.995244 9.99288E-005
9.9928E-005 9.9928E-005 0.00475385 9.9928E-005 9.9928E-005 9.9928E-005 0.00028998 9.9928E-005 9.9928E-005 0.994157 9.9928E-005
9.9937E-005 9.9937E-005 0.0583879 9.9937E-005 9.9937E-005 0.00233259 9.9937E-005 0.00763647 9.9937E-005 0.930943 9.9937E-005
0.000464367 9.9964E-005 0.0744162 9.9964E-005 0.00441443 9.9964E-005 0.00145531 0.0158061 0.00178974 0.901254 9.9964E-005
9.9973E-005 0.00340262 0.0696756 9.9973E-005 0.000936614 0.00336955 9.9973E-005 0.00672357 0.00323375 0.911783 0.000574939
9.99191E-005 9.99191E-005 9.99191E-005 9.99191E-005 9.99191E-005 0.00302104 9.99191E-005 9.99191E-005 9.99191E-005 0.99608 9.99191E-005
9.9937E-005 9.9937E-005 0.0498558 9.9937E-005 9.9937E-005 9.9937E-005 0.012535 0.017045 9.9937E-005 0.919865 9.9937E-005
9.99371E-005 9.99371E-005 0.0691337 9.99371E-005 9.99371E-005 9.99371E-005 0.0270956 0.0176326 9.99371E-005 0.885439 9.99371E-005
9.9955E-005 9.9955E-005 0.0649197 9.9955E-005 0.00551949 0.00493418 9.9955E-005 0.00531946 0.0115167 0.907291 9.9955E-005
0.00427734 9.9955E-005 0.0661103 9.9955E-005 0.00147161 0.000877145 9.9955E-005 0.00610131 9.9955E-005 0.920663 9.9955E-005
0.0242346 9.9946E-005 9.9946E-005 0.0538217 0.00722211 0.0140094 9.9946E-005 9.9946E-005 9.9946E-005 9.9946E-005 0.900113
0.0263105 9.9946E-005 9.9946E-005 0.914472 0.0134679 0.000431295 9.9946E-005 9.9946E-005 9.9946E-005 9.9946E-005 0.0447183
0.000274469 9.9928E-005 9.9928E-005 0.998806 9.9928E-005 9.9928E-005 0.000120387 9.9928E-005 9.9928E-005 9.9928E-005 9.9928E-005
9.99191E-005 9.99191E-005 9.99191E-005 9.99191E-005 9.99191E-005 9.99191E-005 0.00782252 0.991278 9.99191E-005 9.99191E-005 9.99191E-005
9.9919E-005 9.9919E-005 9.9919E-005 9.9919E-005 9.9919E-005 9.9919E-005 0.000735102 0.998366 9.9919E-005 9.9919E-005 9.9919E-005
0.00919148 9.99191E-005 9.99191E-005 0.989909 9.99191E-005 9.99191E-005 9.99191E-005 9.99191E-005 9.99191E-005 9.99191E-005 9.99191E-005
0.13365 0.0184004 0.00755503 0.451172 0.0297116 0.0379329 9.9973E-005 9.9973E-005 0.00472762 9.9973E-005 0.316551
0.145629 0.0464386 9.9991E-005 0.3511 0.00604519 0.0470571 0.00432557 0.0283504 0.0700317 0.0707139 0.230209
9.99101E-005 9.99101E-005 9.99101E-005 9.99101E-005 0.999001 9.99101E-005 9.99101E-005 9.99101E-005 9.99101E-005 9.99101E-005 9.99101E-005
9.9928E-005 0.0175849 9.9928E-005 0.00301247 0.978603 9.9928E-005 9.9928E-005 9.9928E-005 9.9928E-005 9.9928E-005 9.9928E-005
9.99101E-005 9.99101E-005 9.99101E-005 9.99101E-005 9.99101E-005 9.99101E-005 9.99101E-005 0.999001 9.99101E-005 9.99101E-005 9.99101E-005
9.99101E-005 9.99101E-005 9.99101E-005 9.99101E-005 9.99101E-005 9.99101E-005 9.99101E-005 0.999001 9.99101E-005 9.99101E-005 9.99101E-005
9.99101E-005 9.99101E-005 9.99101E-005 9.99101E-005 0.999001 9.99101E-005 9.99101E-005 9.99101E-005 9.99101E-005 9.99101E-005 9.99101E-005
0.130035 0.0266214 9.9964E-005 0.45104 0.0209113 0.0403597 9.9964E-005 9.9964E-005 0.000694022 9.9964E-005 0.329939
9.99101E-005 9.99101E-005 9.99101E-005 9.99101E-005 9.99101E-005 9.99101E-005 9.99101E-005 0.999001 9.99101E-005 9.99101E-005 9.99101E-005
9.99101E-005 9.99101E-005 9.99101E-005 9.99101E-005 0.999001 9.99101E-005 9.99101E-005 9.99101E-005 9.99101E-005 9.99101E-005 9.99101E-005
0.0361247 0.0135599 0.00618495 0.907053 0.00182832 0.0058261 9.9982E-005 9.9982E-005 0.00350817 0.00239891 0.0233162
0.0136096 9.9928E-005 9.9928E-005 0.977033 9.9928E-005 9.9928E-005 9.9928E-005 9.9928E-005 9.9928E-005 9.9928E-005 0.00855776
0.142463 0.0223643 0.0013049 0.448358 0.0238487 0.0376309 9.9991E-005 0.0148179 0.0398691 0.0325914 0.236652
0.106211 0.109936 0.00441175 0.128714 0.229334 0.272364 0.000303797 0.00193945 0.0105799 0.00413742 0.132068
0.0128067 0.00037487 9.9955E-005 0.974331 9.9955E-005 9.9955E-005 0.000342917 0.00312823 9.9955E-005 9.9955E-005 0.00851632
0.0128572 9.9946E-005 9.9946E-005 0.965721 0.00636107 0.00899752 9.9946E-005 9.9946E-005 9.9946E-005 9.9946E-005 0.00546378
0.0133174 0.00399574 0.00120145 0.965908 0.000853261 0.00221214 9.99862E-005 9.99862E-005 0.00269323 0.00204595 0.00757261
9.9937E-005 9.9937E-005 9.9937E-005 0.00375665 9.9937E-005 9.9937E-005 9.9937E-005 0.989368 0.00495201 9.9937E-005 0.00122383
0.0141683 0.00625301 9.9946E-005 0.96448 9.9946E-005 9.9946E-005 9.9946E-005 0.00218784 9.9946E-005 9.9946E-005 0.0123107
9.9928E-005 9.9928E-005 9.9928E-005 9.9928E-005 9.9928E-005 0.000521978 0.00902789 0.989651 9.9928E-005 9.9928E-005 9.9928E-005
9.99101E-005 9.99101E-005 9.99101E-005 0.999001 9.99101E-005 9.99101E-005 9.99101E-005 9.99101E-005 9.99101E-005 9.99101E-005 9.99101E-005
9.9919E-005 9.9919E-005 9.9919E-005 9.9919E-005 9.9919E-005 9.9919E-005 0.00452315 0.994578 9.9919E-005 9.9919E-005 9.9919E-005
9.9946E-005 0.987149 9.9946E-005 0.00363798 0.0016149 0.00453868 0.00245962 9.9946E-005 9.9946E-005 9.9946E-005 9.9946E-005
9.99101E-005 9.99101E-005 9.99101E-005 0.999001 9.99101E-005 9.99101E-005 9.99101E-005 9.99101E-005 9.99101E-005 9.99101E-005 9.99101E-005
0.00769611 0.862281 9.9946E-005 9.9946E-005 0.0827622 0.0263135 9.9946E-005 9.9946E-005 9.9946E-005 9.9946E-005 0.0203472
9.9928E-005 9.9928E-005 0.000300904 0.997225 9.9928E-005 9.9928E-005 9.9928E-005 0.00167447 9.9928E-005 9.9928E-005 9.9928E-005
0.000199169 0.00137584 9.9937E-005 0.994782 9.9937E-005 0.00294336 9.9937E-005 9.9937E-005 9.9937E-005 9.9937E-005 9.9937E-005
9.99101E-005 9.99101E-005 9.99101E-005 0.999001 9.99101E-005 9.99101E-005 9.99101E-005 9.99101E-005 9.99101E-005 9.99101E-005 9.99101E-005
9.99101E-005 9.99101E-005 9.99101E-005 0.999001 9.99101E-005 9.99101E-005 9.99101E-005 9.99101E-005 9.99101E-005 9.99101E-005 9.99101E-005
9.99101E-005 9.99101E-005 9.99101E-005 9.99101E-005 9.99101E-005 9.99101E-005 9.99101E-005 0.999001 9.99101E-005 9.99101E-005 9.99101E-005
0.0290506 9.9937E-005 9.9937E-005 0.00086031 9.9937E-005 0.0121786 9.9937E-005 9.9937E-005 9.9937E-005 9.9937E-005 0.957211
0.0247694 9.9937E-005 9.9937E-005 9.9937E-005 9.9937E-005 0.0116647 9.9937E-005 9.9937E-005 9.9937E-005 0.00177349 0.961093
0.0221774 0.00212373 9.9955E-005 0.0345771 0.0146156 0.00532681 9.9955E-005 9.9955E-005 9.9955E-005 9.9955E-005 0.920679
0.989803 9.9937E-005 9.9937E-005 9.9937E-005 0.00451159 0.00202333 0.00296218 9.9937E-005 9.9937E-005 9.9937E-005 9.9937E-005
0.000122238 9.9946E-005 0.00387667 9.9946E-005 9.9946E-005 9.9946E-005 0.00554962 0.976348 9.9946E-005 9.9946E-005 0.0135035
0.957068 0.000474271 9.9946E-005 0.0138429 0.00143587 9.9946E-005 9.9946E-005 9.9946E-005 9.9946E-005 9.9946E-005 0.0265791
0.995881 0.00255256 9.9928E-005 0.000766868 9.9928E-005 9.9928E-005 9.9928E-005 9.9928E-005 9.9928E-005 9.9928E-005 9.9928E-005
0.972438 9.9955E-005 9.9955E-005 0.0103677 0.00461582 0.00600648 9.9955E-005 0.000477167 9.9955E-005 9.9955E-005 0.00559472
0.999001 9.99101E-005 9.99101E-005 9.99101E-005 9.99101E-005 9.99101E-005 9.99101E-005 9.99101E-005 9.99101E-005 9.99101E-005 9.99101E-005
0.994531 9.9928E-005 9.9928E-005 9.9928E-005 0.00344283 9.9928E-005 9.9928E-005 9.9928E-005 9.9928E-005 9.9928E-005 0.00122683
9.99101E-005 0.999001 9.99101E-005 9.99101E-005 9.99101E-005 9.99101E-005 9.99101E-005 9.99101E-005 9.99101E-005 9.99101E-005 9.99101E-005
9.99101E-005 0.999001 9.99101E-005 9.99101E-005 9.99101E-005 9.99101E-005 9.99101E-005 9.99101E-005 9.99101E-005 9.99101E-005 9.99101E-005
0.00288986 0.994702 9.9928E-005 9.9928E-005 9.9928E-005 9.9928E-005 0.0016084 9.9928E-005 9.9928E-005 9.9928E-005 9.9928E-005
0.00263228 0.985911 0.00200319 0.0033761 9.9964E-005 9.9964E-005 0.00249443 9.9964E-005 0.00256624 9.9964E-005 0.000616541
0.94171 0.0174235 9.995E-005 9.995E-005 9.995E-005 0.00175802 0.00279343 0.0301847 9.995E-005 9.995E-005 0.00563111
0.0038197 0.909881 9.9946E-005 9.9946E-005 0.0699981 0.00343755 9.9946E-005 9.9946E-005 9.9946E-005 9.9946E-005 0.0122635
0.995921 9.99191E-005 9.99191E-005 9.99191E-005 9.99191E-005 9.99191E-005 9.99191E-005 9.99191E-005 9.99191E-005 9.99191E-005 0.00318014
0.964645 0.00153064 9.9937E-005 0.0195118 9.9937E-005 9.9937E-005 9.9937E-005 9.9937E-005 9.9937E-005 9.9937E-005 0.0136133
0.966846 0.00254076 9.9946E-005 0.0198727 0.00563116 9.9946E-005 9.9946E-005 9.9946E-005 9.9946E-005 9.9946E-005 0.00450947
0.977317 9.99191E-005 9.99191E-005 0.0217837 9.99191E-005 9.99191E-005 9.99191E-005 9.99191E-005 9.99191E-005 9.99191E-005 9.99191E-005
0.954064 9.9937E-005 9.9937E-005 0.0177293 9.9937E-005 0.00138757 9.9937E-005 9.9937E-005 9.9937E-005 9.9937E-005 0.0261198
0.989214 9.9928E-005 9.9928E-005 9.9928E-005 9.9928E-005 0.00880365 9.9928E-005 9.9928E-005 0.00118294 9.9928E-005 9.9928E-005
0.971787 0.00309367 9.9973E-005 0.0167043 0.00139581 0.000992711 9.9973E-005 0.00111467 9.9973E-005 0.001088 0.00352404
0.961362 9.9937E-005 9.9937E-005 0.0198702 0.00632681 9.9937E-005 9.9937E-005 9.9937E-005 9.9937E-005 9.9937E-005 0.0117413
0.948818 0.00578704 9.9964E-005 0.00516152 9.9964E-005 0.0100725 0.00302608 9.9964E-005 9.9964E-005 0.000621592 0.0261131
0.954972 0.0136475 0.00246461 0.000260423 9.9964E-005 9.9964E-005 9.9964E-005 9.9964E-005 0.00424815 0.00122057 0.0227867
0.980964 0.00380156 0.00103225 9.9955E-005 0.00066815 0.00906929 9.9955E-005 9.9955E-005 0.00396514 9.9955E-005 9.9955E-005
0.972484 0.0093966 9.9955E-005 9.9955E-005 0.000627437 0.01614 0.000350184 9.9955E-005 0.000501718 9.9955E-005 9.9955E-005
0.954317 0.00275453 9.997E-005 0.0214963 0.00916448 9.997E-005 0.000158878 0.000234223 9.997E-005 0.000951509 0.010623
0.968139 9.9946E-005 9.9946E-005 0.00294551 9.9946E-005 9.9946E-005 9.9946E-005 9.9946E-005 0.0016959 0.00329649 0.0233235
0.985288 0.000468283 9.9946E-005 0.00371702 0.00174921 0.00817807 9.9946E-005 9.9946E-005 9.9946E-005 9.9946E-005 9.9946E-005
0.945412 0.00887086 9.9973E-005 9.9973E-005 0.00481669 0.00238423 0.00458802 9.9973E-005 0.0128213 0.00669675 0.0141104
9.9937E-005 9.9937E-005 0.00199955 9.9937E-005 9.9937E-005 9.9937E-005 0.0124456 0.012006 9.9937E-005 0.972849 9.9937E-005
0.000781148 9.9946E-005 0.00724019 9.9946E-005 9.9946E-005 9.9946E-005 0.00468553 9.9946E-005 9.9946E-005 0.983707 0.00298654
9.9928E-005 0.00482246 9.9928E-005 9.9928E-005 9.9928E-005 9.9928E-005 9.9928E-005 9.9928E-005 0.000575703 0.993802 9.9928E-005
0.964203 0.0141267 0.00547788 0.00674612 9.9964E-005 9.9964E-005 0.000634805 0.00193876 0.00647279 9.9964E-005 9.9964E-005
0.115949 0.0966698 0.00525085 0.124418 0.222848 0.255781 0.00644159 0.0144046 0.0244087 0.0227099 0.111119
9.9946E-005 0.0039708 9.9946E-005 9.9946E-005 0.00238249 9.9946E-005 9.9946E-005 0.00134286 0.989959 0.00174489 9.9946E-005
9.9946E-005 9.9946E-005 0.000223389 9.9946E-005 0.00169044 9.9946E-005 9.9946E-005 0.00297155 0.99342 0.00109447 9.9946E-005
9.99101E-005 9.99101E-005 9.99101E-005 9.99101E-005 9.99101E-005 9.99101E-005 9.99101E-005 9.99101E-005 0.999001 9.99101E-005 9.99101E-005
9.99281E-005 9.99281E-005 0.00361852 9.99281E-005 9.99281E-005 9.99281E-005 9.99281E-005 0.00759857 0.987983 9.99281E-005 9.99281E-005
9.99191E-005 9.99191E-005 0.000123862 9.99191E-005 9.99191E-005 9.99191E-005 9.99191E-005 9.99191E-005 0.998977 9.99191E-005 9.99191E-005
9.99101E-005 9.99101E-005 9.99101E-005 9.99101E-005 9.99101E-005 9.99101E-005 9.99101E-005 9.99101E-005 0.999001 9.99101E-005 9.99101E-005
9.9919E-005 9.9919E-005 0.982459 9.9919E-005 9.9919E-005 9.9919E-005 9.9919E-005 9.9919E-005 9.9919E-005 0.0166417 9.9919E-005
9.99101E-005 9.99101E-005 9.99101E-005 9.99101E-005 9.99101E-005 9.99101E-005 9.99101E-005 9.99101E-005 0.999001 9.99101E-005 9.99101E-005
9.99101E-005 9.99101E-005 9.99101E-005 9.99101E-005 9.99101E-005 9.99101E-005 9.99101E-005 9.99101E-005 9.99101E-005 0.999001 9.99101E-005
0.0030049 9.9955E-005 9.9955E-005 9.9955E-005 9.9955E-005 0.000902509 0.0108678 0.000346181 0.974311 9.9955E-005 0.0100682
9.99191E-005 9.99191E-005 0.00773175 9.99191E-005 9.99191E-005 9.99191E-005 9.99191E-005 9.99191E-005 0.991369 9.99191E-005 9.99191E-005
9.99101E-005 9.99101E-005 9.99101E-005 9.99101E-005 9.99101E-005 9.99101E-005 9.99101E-005 9.99101E-005 0.999001 9.99101E-005 9.99101E-005
9.9928E-005 9.9928E-005 9.9928E-005 9.9928E-005 9.9928E-005 9.9928E-005 9.9928E-005 0.000334357 0.99793 0.000935963 9.9928E-005
0.940135 0.00161246 0.000348112 0.0205255 0.00825362 0.0102121 9.9964E-005 9.9964E-005 9.9964E-005 9.9964E-005 0.0185139
9.99191E-005 9.99191E-005 9.99191E-005 9.99191E-005 9.99191E-005 9.99191E-005 9.99191E-005 9.99191E-005 0.997313 9.99191E-005 0.00178743
9.99191E-005 9.99191E-005 9.99191E-005 9.99191E-005 9.99191E-005 9.99191E-005 9.99191E-005 9.99191E-005 0.00274651 0.996354 9.99191E-005
0.987146 0.000893411 0.00138646 0.0053273 9.9955E-005 9.9955E-005 9.9955E-005 0.000957699 9.9955E-005 0.00378939 9.9955E-005
0.000949656 9.9937E-005 9.9937E-005 0.0078341 9.9937E-005 0.00226919 9.9937E-005 9.9937E-005 9.9937E-005 9.9937E-005 0.988247
0.000865468 9.99191E-005 9.99191E-005 9.99191E-005 9.99191E-005 9.99191E-005 9.99191E-005 9.99191E-005 0.998235 9.99191E-005 9.99191E-005
9.99101E-005 9.99101E-005 9.99101E-005 9.99101E-005 9.99101E-005 9.99101E-005 9.99101E-005 0.999001 9.99101E-005 9.99101E-005 9.99101E-005
9.9919E-005 9.9919E-005 9.9919E-005 9.9919E-005 9.9919E-005 9.9919E-005 9.9919E-005 0.995839 0.00326153 9.9919E-005 9.9919E-005
0.00178406 9.9928E-005 9.9928E-005 0.00527289 9.9928E-005 9.9928E-005 9.9928E-005 9.9928E-005 9.9928E-005 9.9928E-005 0.992144
9.99101E-005 9.99101E-005 9.99101E-005 9.99101E-005 9.99101E-005 9.99101E-005 9.99101E-005 0.999001 9.99101E-005 9.99101E-005 9.99101E-005
0.989909 9.9928E-005 9.9928E-005 0.00771901 9.9928E-005 9.9928E-005 9.9928E-005 0.00157225 9.9928E-005 9.9928E-005 9.9928E-005
0.982258 0.00230916 9.9946E-005 0.00568627 0.00581663 9.9946E-005 9.9946E-005 9.9946E-005 9.9946E-005 9.9946E-005 0.00333008
0.942545 9.9964E-005 0.000885232 0.0279519 0.00257262 9.9964E-005 9.9964E-005 0.00327317 9.9964E-005 0.00181218 0.0205602
0.997357 9.99191E-005 9.99191E-005 9.99191E-005 0.0017439 9.99191E-005 9.99191E-005 9.99191E-005 9.99191E-005 9.99191E-005 9.99191E-005
0.949168 0.00529594 9.9955E-005 0.0147359 0.000302112 0.00678058 9.9955E-005 9.9955E-005 9.9955E-005 9.9955E-005 0.0232178
0.95556 9.9973E-005 0.00582384 0.0101331 9.9973E-005 0.00375244 0.000693344 0.000369783 0.00449899 9.9973E-005 0.0188684
0.99184 9.9928E-005 9.9928E-005 9.9928E-005 0.00332326 0.00403749 9.9928E-005 9.9928E-005 9.9928E-005 9.9928E-005 9.9928E-005
0.00668874 9.9937E-005 9.9937E-005 0.00500765 9.9937E-005 0.00161965 9.9937E-005 9.9937E-005 9.9937E-005 9.9937E-005 0.985984
0.00656684 9.9937E-005 0.0013723 9.9937E-005 9.9937E-005 9.9937E-005 0.00100069 9.9937E-005 9.9937E-005 9.9937E-005 0.990361
0.999001 9.99101E-005 9.99101E-005 9.99101E-005 9.99101E-005 9.99101E-005 9.99101E-005 9.99101E-005 9.99101E-005 9.99101E-005 9.99101E-005
9.9937E-005 9.9937E-005 9.9937E-005 9.9937E-005 9.9937E-005 9.9937E-005 0.0241027 0.00451592 9.9937E-005 0.96965 0.00103214
9.9919E-005 9.9919E-005 0.997295 9.9919E-005 9.9919E-005 9.9919E-005 9.9919E-005 9.9919E-005 0.0018061 9.9919E-005 9.9919E-005
0.0021928 9.9928E-005 0.970135 9.9928E-005 9.9928E-005 9.9928E-005 0.0268729 9.9928E-005 9.9928E-005 9.9928E-005 9.9928E-005
9.99101E-005 9.99101E-005 9.99101E-005 9.99101E-005 9.99101E-005 9.99101E-005 0.999001 9.99101E-005 9.99101E-005 9.99101E-005 9.99101E-005
9.9919E-005 9.9919E-005 0.989257 9.9919E-005 9.9919E-005 9.9919E-005 9.9919E-005 9.9919E-005 9.9919E-005 0.00984379 9.9919E-005
0.00269211 9.9955E-005 9.9955E-005 9.9955E-005 9.9955E-005 9.9955E-005 0.0146904 0.00388087 0.00450808 0.966401 0.0073277
9.99281E-005 9.99281E-005 9.99281E-005 9.99281E-005 9.99281E-005 9.99281E-005 0.0170779 9.99281E-005 9.99281E-005 0.981103 0.00101918
9.99143E-005 9.99143E-005 9.99143E-005 9.99143E-005 9.99143E-005 9.99143E-005 9.99143E-005 9.99143E-005 9.99143E-005 0.999001 9.99143E-005
9.9919E-005 9.9919E-005 0.983856 9.9919E-005 9.9919E-005 9.9919E-005 9.9919E-005 9.9919E-005 9.9919E-005 0.015245 9.9919E-005
9.99101E-005 9.99101E-005 9.99101E-005 9.99101E-005 9.99101E-005 9.99101E-005 9.99101E-005 9.99101E-005 9.99101E-005 9.99101E-005 0.999001
9.99101E-005 9.99101E-005 9.99101E-005 9.99101E-005 9.99101E-005 9.99101E-005 9.99101E-005 0.999001 9.99101E-005 9.99101E-005 9.99101E-005
0.101187 0.0294692 9.999E-005 0.015007 0.0178538 0.0481354 0.0315095 0.0355488 0.0771431 0.0656706 0.578375
0.00289232 0.00198466 9.9946E-005 9.9946E-005 0.00269022 9.9946E-005 0.000995112 9.9946E-005 9.9946E-005 9.9946E-005 0.990838
0.00709077 0.00344233 9.9928E-005 9.9928E-005 9.9928E-005 9.9928E-005 9.9928E-005 9.9928E-005 9.9928E-005 9.9928E-005 0.988667
9.9937E-005 9.9937E-005 0.00412465 9.9937E-005 9.9937E-005 9.9937E-005 0.00193632 0.989408 9.9937E-005 9.9937E-005 0.00383147
0.00305326 9.9928E-005 9.9928E-005 9.9928E-005 9.9928E-005 9.9928E-005 0.00255246 9.9928E-005 0.993595 9.9928E-005 9.9928E-005
0.652358 0.0223692 9.9955E-005 0.143933 0.0153925 0.0296809 9.9955E-005 9.9955E-005 9.9955E-005 9.9955E-005 0.135766
9.99101E-005 9.99101E-005 9.99101E-005 9.99101E-005 9.99101E-005 9.99101E-005 9.99101E-005 9.99101E-005 9.99101E-005 9.99101E-005 0.999001
9.99101E-005 9.99101E-005 9.99101E-005 9.99101E-005 9.99101E-005 9.99101E-005 9.99101E-005 9.99101E-005 9.99101E-005 9.99101E-005 0.999001
9.99101E-005 9.99101E-005 9.99101E-005 9.99101E-005 9.99101E-005 9.99101E-005 9.99101E-005 9.99101E-005 9.99101E-005 9.99101E-005 0.999001
9.99191E-005 9.99191E-005 9.99191E-005 9.99191E-005 9.99191E-005 9.99191E-005 0.000626198 9.99191E-005 9.99191E-005 9.99191E-005 0.998475
9.99101E-005 9.99101E-005 9.99101E-005 9.99101E-005 9.99101E-005 9.99101E-005 9.99101E-005 9.99101E-005 9.99101E-005 9.99101E-005 0.999001
9.99101E-005 9.99101E-005 9.99101E-005 9.99101E-005 9.99101E-005 9.99101E-005 9.99101E-005 9.99101E-005 9.99101E-005 9.99101E-005 0.999001
