0.00446195 0.00710857 0.0105452 0.977784 9.9991E-005
9.9982E-005 0.006376 0.0203872 0.973037 9.9982E-005
9.9982E-005 9.9982E-005 0.0015588 0.772314 0.225928
9.9973E-005 9.9973E-005 9.9973E-005 0.777933 0.221767
9.9982E-005 0.000430329 9.9982E-005 0.780584 0.218786
9.9973E-005 9.9973E-005 9.9973E-005 0.803948 0.195752
9.9973E-005 9.9973E-005 9.9973E-005 0.806317 0.193383
9.9973E-005 9.9973E-005 9.9973E-005 0.814708 0.184992
9.999E-005 0.00468638 0.990429 0.00100915 0.0037759
9.9982E-005 0.00623183 0.00272755 9.9982E-005 0.990841
0.00329535 0.00419808 9.9982E-005 9.9982E-005 0.992307
0.788738 0.0547465 0.117783 0.0386323 9.9991E-005
0.000721193 0.00315367 0.00221828 9.9991E-005 0.993807
0.00221145 0.000817759 9.9982E-005 9.9982E-005 0.996771
0.00278678 0.00311297 0.000170727 9.9991E-005 0.99383
0.000578832 0.00391672 0.00176409 9.9991E-005 0.99364
0.788571 0.0484926 0.121216 0.0389321 0.00278785
0.00062075 9.9982E-005 9.9982E-005 0.717901 0.281278
0.00191607 0.00628301 0.0182466 0.973454 9.9991E-005
9.9982E-005 0.00644455 0.0191456 0.97421 9.9982E-005
9.9982E-005 0.00704194 0.0109884 0.98177 9.9982E-005
0.00107146 0.00727377 0.0153358 0.976219 9.9991E-005
0.00660185 0.00647032 0.0140829 0.972745 9.9991E-005
9.9982E-005 0.00877684 0.0122651 0.978758 9.9982E-005
0.00175118 0.00507795 0.0171103 0.975961 9.9991E-005
0.00165187 0.0053939 0.0147849 0.978069 9.9991E-005
0.00239657 0.0043118 0.0142092 0.978982 9.9991E-005
0.00515234 0.0111264 0.0153721 0.968249 9.9991E-005
9.9982E-005 0.00377687 0.00871808 0.987305 9.9982E-005
0.00209798 0.00151862 0.0059447 0.990339 9.9991E-005
9.9982E-005 0.00123664 0.00501326 0.99355 9.9982E-005
9.9982E-005 0.000916912 0.00705949 0.991824 9.9982E-005
9.9973E-005 9.9973E-005 0.00401797 0.995682 9.9973E-005
9.9973E-005 9.9973E-005 9.9973E-005 0.738401 0.261299
0.000774947 9.9982E-005 9.9982E-005 0.730659 0.268366
9.9973E-005 9.9973E-005 9.9973E-005 0.729 0.2707
0.00459726 9.9982E-005 9.9982E-005 0.723252 0.271951
0.9996 9.997E-005 9.997E-005 9.997E-005 9.997E-005
0.0013249 0.000955357 0.00999824 0.987622 9.9991E-005
0.000732114 0.00241297 0.00962575 0.987129 9.9991E-005
0.00340949 0.00340212 0.00326118 0.989827 9.9991E-005
9.9982E-005 0.00571658 0.00776337 0.98632 9.9982E-005
9.9982E-005 0.00266689 0.992785 0.00434809 9.9982E-005
0.00637208 0.00198288 0.984313 0.00638403 0.000947709
9.9973E-005 9.9973E-005 0.998515 0.00118503 9.9973E-005
9.9982E-005 9.9982E-005 0.991746 0.00380383 0.00424997
9.9973E-005 9.9973E-005 0.994909 9.9973E-005 0.00479158
9.997E-005 9.997E-005 0.9996 9.997E-005 9.997E-005
9.997E-005 9.997E-005 0.9996 9.997E-005 9.997E-005
0.00246966 9.9982E-005 0.994738 9.9982E-005 0.00259263
0.000329337 9.9982E-005 0.005685 9.9982E-005 0.993786
9.9982E-005 0.0010814 0.0026725 9.9982E-005 0.996046
9.997E-005 9.997E-005 9.997E-005 9.997E-005 0.9996
0.000231437 0.000935772 9.9982E-005 9.9982E-005 0.998633
0.00282693 0.00566106 0.00206259 9.9991E-005 0.989349
9.997E-005 9.997E-005 9.997E-005 9.997E-005 0.9996
9.997E-005 0.9996 9.997E-005 9.997E-005 9.997E-005
9.9973E-005 0.000253038 0.999447 9.9973E-005 9.9973E-005
0.00075852 0.992444 0.00323492 9.9991E-005 0.00346305
9.997E-005 9.997E-005 0.9996 9.997E-005 9.997E-005
9.997E-005 9.997E-005 0.9996 9.997E-005 9.997E-005
9.9973E-005 9.9973E-005 9.9973E-005 0.792198 0.207502
9.9973E-005 9.9973E-005 9.9973E-005 0.803055 0.196645
9.9973E-005 9.9973E-005 9.9973E-005 0.800959 0.198741
9.9982E-005 9.9982E-005 0.000546969 0.759139 0.240114
0.00176365 9.9982E-005 9.9982E-005 0.775264 0.222772
9.9973E-005 9.9973E-005 9.9973E-005 0.792236 0.207465
9.997E-005 9.997E-005 0.9996 9.997E-005 9.997E-005
9.9991E-005 0.0091261 0.981435 0.00761584 0.00172346
9.997E-005 9.997E-005 0.9996 9.997E-005 9.997E-005
9.9973E-005 9.9973E-005 0.997259 0.00244068 9.9973E-005
9.9973E-005 0.00252477 0.997175 9.9973E-005 9.9973E-005
9.997E-005 9.997E-005 0.9996 9.997E-005 9.997E-005
0.00840511 9.9973E-005 0.991295 9.9973E-005 9.9973E-005
0.0159625 0.000772885 0.978347 9.9991E-005 0.00481794
0.0106592 0.00358321 0.978974 9.9991E-005 0.00668308
9.9973E-005 9.9973E-005 0.998249 0.00145143 9.9973E-005
0.0180116 0.00115854 0.98063 9.9982E-005 9.9982E-005
0.0116854 9.9982E-005 0.984964 9.9982E-005 0.00315102
0.00286843 0.00922751 0.984504 9.9991E-005 0.00330017
0.00646765 0.00261546 0.990645 9.9991E-005 0.000171402
9.9973E-005 9.9973E-005 9.9973E-005 0.777153 0.222547
0.000300012 9.9991E-005 0.00042187 0.715837 0.283341
0.00073838 9.9982E-005 9.9982E-005 0.711318 0.287743
0.999297 9.9973E-005 9.9973E-005 9.9973E-005 0.000403581
0.9996 9.997E-005 9.997E-005 9.997E-005 9.997E-005
0.00539321 0.00128938 0.000892713 0.696638 0.295787
9.9991E-005 0.00236481 0.0119761 0.671542 0.314017
0.0317448 0.0720449 0.0808131 0.545989 0.269408
0.00305745 0.0043236 0.0112762 0.981243 9.9991E-005
9.9982E-005 0.00394442 0.00996643 0.985889 9.9982E-005
0.9996 9.997E-005 9.997E-005 9.997E-005 9.997E-005
0.9996 9.997E-005 9.997E-005 9.997E-005 9.997E-005
9.9982E-005 0.00355862 0.0129068 0.983335 9.9982E-005
0.00439979 9.9982E-005 9.9982E-005 0.678377 0.317023
0.9996 9.997E-005 9.997E-005 9.997E-005 9.997E-005
9.9982E-005 0.00556676 0.0118576 0.982376 9.9982E-005
0.000307173 0.00463472 0.00996797 0.693226 0.291864
9.9973E-005 9.9973E-005 9.9973E-005 0.707857 0.291843
0.0110958 0.0398183 0.040468 0.60244 0.306178
0.00256648 0.0153218 0.0177148 0.86967 0.0947273
0.00431853 0.000568353 0.00275747 0.711512 0.280844
0.00387989 9.9982E-005 9.9982E-005 0.696065 0.299855
0.00253285 0.000601994 0.00158807 0.717988 0.27729
0.99472 0.00474848 9.9982E-005 0.000331934 9.9982E-005
0.00211361 9.9982E-005 9.9982E-005 0.725926 0.27176
0.9996 9.997E-005 9.997E-005 9.997E-005 9.997E-005
9.9973E-005 9.9973E-005 9.9973E-005 0.714238 0.285462
0.9996 9.997E-005 9.997E-005 9.997E-005 9.997E-005
9.9982E-005 0.00192475 0.00878817 0.989087 9.9982E-005
0.00163674 9.9982E-005 9.9982E-005 0.72647 0.271693
9.9982E-005 0.00243635 0.00477048 0.992593 9.9982E-005
9.9991E-005 0.000280445 0.0030818 0.721596 0.274942
9.9991E-005 0.000465003 0.00324309 0.713424 0.282768
0.000617465 9.9982E-005 9.9982E-005 0.734884 0.264299
0.000435543 9.9982E-005 9.9982E-005 0.731378 0.267987
0.9996 9.997E-005 9.997E-005 9.997E-005 9.997E-005
9.9973E-005 9.9973E-005 9.9973E-005 0.784661 0.215039
9.9973E-005 9.9973E-005 9.9973E-005 0.772677 0.227023
9.99754E-005 9.99754E-005 9.99754E-005 0.776112 0.223588
0.0016262 0.000580121 9.9982E-005 9.9982E-005 0.997594
0.974327 0.00010477 0.00962752 0.00480638 0.0111347
9.997E-005 9.997E-005 9.997E-005 9.997E-005 0.9996
9.997E-005 9.997E-005 9.997E-005 9.997E-005 0.9996
0.000719576 9.9982E-005 0.000479628 9.9982E-005 0.998601
9.997E-005 9.997E-005 9.997E-005 9.997E-005 0.9996
9.997E-005 9.997E-005 9.997E-005 9.997E-005 0.9996
9.99827E-005 0.00160104 0.00690337 0.991296 9.99827E-005
9.9982E-005 0.000104014 0.00580645 0.99389 9.9982E-005
9.9982E-005 0.000221205 0.00865978 0.990919 9.9982E-005
9.9982E-005 0.00388992 0.0147189 0.981191 9.9982E-005
0.0309209 9.9973E-005 9.9973E-005 9.9973E-005 0.968779
9.9973E-005 9.9973E-005 0.00860244 0.991098 9.9973E-005
9.997E-005 9.997E-005 9.997E-005 9.997E-005 0.9996
9.997E-005 9.997E-005 9.997E-005 9.997E-005 0.9996
9.997E-005 9.997E-005 9.997E-005 9.997E-005 0.9996
9.9973E-005 9.9973E-005 0.00129209 9.9973E-005 0.998408
9.997E-005 9.997E-005 9.997E-005 9.997E-005 0.9996
9.9982E-005 0.000418405 0.00437729 9.9982E-005 0.995004
9.9973E-005 9.9973E-005 0.00078268 9.9973E-005 0.998917
9.997E-005 9.997E-005 9.997E-005 9.997E-005 0.9996
9.9982E-005 0.0018366 0.00415281 9.9982E-005 0.993811
0.00103022 0.00147342 9.9982E-005 9.9982E-005 0.997296
9.9973E-005 0.00219337 9.9973E-005 9.9973E-005 0.997507
9.997E-005 9.997E-005 9.997E-005 9.997E-005 0.9996
0.00177009 9.9973E-005 9.9973E-005 9.9973E-005 0.99793
0.000102982 0.00137092 0.000579581 9.9991E-005 0.997847
9.997E-005 9.997E-005 9.997E-005 9.997E-005 0.9996
0.00192834 0.0120342 0.0140205 9.9991E-005 0.971917
0.0064366 9.9973E-005 0.993263 9.9973E-005 9.9973E-005
9.9973E-005 9.9973E-005 0.999021 0.000679254 9.9973E-005
9.9973E-005 9.9973E-005 0.995229 9.9973E-005 0.00447149
9.9982E-005 0.00772208 0.00490415 9.9982E-005 0.987174
0.0150716 0.0304917 0.0387994 0.824974 0.0906629
9.9973E-005 0.997235 9.9973E-005 9.9973E-005 0.00246545
9.9973E-005 0.998433 9.9973E-005 0.00126693 9.9973E-005
9.997E-005 0.9996 9.997E-005 9.997E-005 9.997E-005
0.00617107 0.988502 0.00512664 9.9982E-005 9.9982E-005
9.997E-005 0.9996 9.997E-005 9.997E-005 9.997E-005
9.997E-005 0.9996 9.997E-005 9.997E-005 9.997E-005
0.0668126 0.0119823 0.912846 0.00825865 9.9991E-005
9.997E-005 0.9996 9.997E-005 9.997E-005 9.997E-005
9.997E-005 9.997E-005 0.9996 9.997E-005 9.997E-005
0.00258251 0.978379 0.00444284 0.00120775 0.0133881
0.000692796 0.990678 0.00842923 9.9982E-005 9.9982E-005
9.997E-005 0.9996 9.997E-005 9.997E-005 9.997E-005
9.9973E-005 0.999316 0.000384051 9.9973E-005 9.9973E-005
9.9982E-005 9.9982E-005 0.00415599 0.0024941 0.99315
9.997E-005 0.9996 9.997E-005 9.997E-005 9.997E-005
9.9991E-005 0.000666204 0.997017 0.00077557 0.00144134
0.00320315 0.00204629 0.00268016 9.9991E-005 0.99197
9.9973E-005 9.9973E-005 9.9973E-005 0.793752 0.205948
0.00223981 0.994321 9.9982E-005 0.00323969 9.9982E-005
0.9996 9.997E-005 9.997E-005 9.997E-005 9.997E-005
0.996544 0.000969483 9.9982E-005 9.9982E-005 0.00228626
9.9973E-005 9.9973E-005 9.9973E-005 0.805157 0.194543
0.9996 9.997E-005 9.997E-005 9.997E-005 9.997E-005
9.9973E-005 0.000627733 9.9973E-005 9.9973E-005 0.999072
9.997E-005 9.997E-005 9.997E-005 9.997E-005 0.9996
0.00263791 0.00266668 0.00620088 0.0108808 0.977614
9.997E-005 9.997E-005 9.997E-005 9.997E-005 0.9996
9.9973E-005 9.9973E-005 0.00239862 9.9973E-005 0.997301
9.9982E-005 0.00440134 0.00578482 9.9982E-005 0.989614
9.997E-005 9.997E-005 9.997E-005 9.997E-005 0.9996
9.9973E-005 9.9973E-005 9.9973E-005 0.801473 0.198228
9.9973E-005 9.9973E-005 9.9973E-005 0.795169 0.204531
9.997E-005 9.997E-005 9.997E-005 9.997E-005 0.9996
0.00240424 9.9982E-005 0.993753 9.9982E-005 0.00364266
0.059389 0.0181003 0.906743 0.0156681 9.9991E-005
0.0695221 0.0088038 0.900725 9.9991E-005 0.0208486
0.0923537 0.0759176 0.593757 0.125724 0.112248
0.0636968 0.0113218 0.922514 0.00236711 9.9991E-005
0.000433548 0.000449559 0.987498 9.9991E-005 0.0115188
9.997E-005 9.997E-005 0.9996 9.997E-005 9.997E-005
9.997E-005 9.997E-005 0.9996 9.997E-005 9.997E-005
0.0564954 0.0171049 0.916248 0.0100521 9.9991E-005
9.9973E-005 9.9973E-005 9.9973E-005 0.794854 0.204846
0.9996 9.997E-005 9.997E-005 9.997E-005 9.997E-005
0.031624 0.086806 0.0815405 0.557935 0.242095
9.9973E-005 9.9973E-005 9.9973E-005 0.793264 0.206436
9.9973E-005 9.9973E-005 9.9973E-005 0.783178 0.216522
0.995894 9.9973E-005 9.9973E-005 9.9973E-005 0.00380596
0.00158991 0.99811 9.9973E-005 9.9973E-005 9.9973E-005
9.9982E-005 9.9982E-005 0.00167386 0.27083 0.727296
9.9973E-005 9.9973E-005 9.9973E-005 0.809382 0.190318
9.9973E-005 9.9973E-005 9.9973E-005 0.823659 0.176041
9.9973E-005 9.9973E-005 9.9973E-005 0.809375 0.190325
9.9982E-005 0.000843521 9.9982E-005 0.787506 0.21145
9.9973E-005 9.9973E-005 9.9973E-005 0.807864 0.191837
9.9973E-005 9.9973E-005 9.9973E-005 0.802724 0.196976
