0.0296387 0.0419593 9.9964E-005 9.9964E-005 0.0220054 0.000297182 9.9964E-005 0.9057 9.9964E-005
0.0220443 0.0345115 9.9973E-005 0.00333626 0.0241755 0.00143768 9.9973E-005 0.914195 9.9973E-005
0.00498419 0.989176 9.9964E-005 0.000252622 9.9964E-005 0.00201951 0.00316793 9.9964E-005 9.9964E-005
0.00220429 0.997096 9.9937E-005 9.9937E-005 9.9937E-005 9.9937E-005 9.9937E-005 9.9937E-005 9.9937E-005
9.99648E-005 0.990625 0.00424174 9.99648E-005 0.00070512 0.00353921 0.000488995 9.99648E-005 9.99648E-005
9.993E-005 0.999201 9.993E-005 9.993E-005 9.993E-005 9.993E-005 9.993E-005 9.993E-005 9.993E-005
9.993E-005 0.999201 9.993E-005 9.993E-005 9.993E-005 9.993E-005 9.993E-005 9.993E-005 9.993E-005
9.993E-005 0.999201 9.993E-005 9.993E-005 9.993E-005 9.993E-005 9.993E-005 9.993E-005 9.993E-005
0.00324124 0.000576951 9.9964E-005 0.0116561 9.9964E-005 0.00584708 0.978279 9.9964E-005 9.9964E-005
9.9946E-005 9.9946E-005 9.9946E-005 9.9946E-005 0.992586 0.0062666 0.000547697 9.9946E-005 9.9946E-005
9.9955E-005 9.9955E-005 0.00382379 9.9955E-005 0.989831 0.00237838 0.00346736 9.9955E-005 9.9955E-005
9.993E-005 9.993E-005 9.993E-005 0.999201 9.993E-005 9.993E-005 9.993E-005 9.993E-005 9.993E-005
9.9946E-005 9.9946E-005 0.00214624 9.9946E-005 0.994798 0.00245626 9.9946E-005 9.9946E-005 9.9946E-005
9.9955E-005 9.9955E-005 0.00159774 9.9955E-005 0.992471 0.00235698 9.9955E-005 0.00307446 9.9955E-005
9.9946E-005 9.9946E-005 0.0031323 9.9946E-005 0.995653 0.000614525 9.9946E-005 9.9946E-005 9.9946E-005
9.9964E-005 9.9964E-005 0.00115381 0.00120747 0.992752 0.000987289 0.00349971 9.9964E-005 9.9964E-005
9.993E-005 9.993E-005 9.993E-005 0.999201 9.993E-005 9.993E-005 9.993E-005 9.993E-005 9.993E-005
0.0277783 0.830828 9.9964E-005 0.00407435 0.0911805 9.9964E-005 9.9964E-005 0.0457386 9.9964E-005
9.993E-005 9.993E-005 9.993E-005 9.993E-005 9.993E-005 9.993E-005 9.993E-005 0.999201 9.993E-005
9.9937E-005 9.9937E-005 9.9937E-005 9.9937E-005 9.9937E-005 9.9937E-005 9.9937E-005 0.995821 0.00347923
9.993E-005 9.993E-005 9.993E-005 9.993E-005 9.993E-005 9.993E-005 9.993E-005 0.999201 9.993E-005
9.993E-005 9.993E-005 9.993E-005 9.993E-005 9.993E-005 9.993E-005 9.993E-005 0.999201 9.993E-005
9.993E-005 9.993E-005 9.993E-005 9.993E-005 9.993E-005 9.993E-005 9.993E-005 0.999201 9.993E-005
9.993E-005 9.993E-005 9.993E-005 9.993E-005 9.993E-005 9.993E-005 9.993E-005 0.999201 9.993E-005
9.9937E-005 9.9937E-005 0.000575895 9.9937E-005 9.9937E-005 9.9937E-005 9.9937E-005 0.998725 9.9937E-005
9.9937E-005 9.9937E-005 9.9937E-005 9.9937E-005 0.000157706 9.9937E-005 9.9937E-005 0.999143 9.9937E-005
9.9937E-005 0.0013491 9.9937E-005 9.9937E-005 9.9937E-005 9.9937E-005 9.9937E-005 0.997951 9.9937E-005
9.9946E-005 9.9946E-005 9.9946E-005 9.9946E-005 9.9946E-005 0.00160857 9.9946E-005 0.997498 0.000293947
0.967364 0.00481162 9.9964E-005 9.9964E-005 0.00377083 9.9964E-005 0.000276208 0.0233779 9.9964E-005
0.989164 0.0101368 9.9937E-005 9.9937E-005 9.9937E-005 9.9937E-005 9.9937E-005 9.9937E-005 9.9937E-005
0.999201 9.993E-005 9.993E-005 9.993E-005 9.993E-005 9.993E-005 9.993E-005 9.993E-005 9.993E-005
0.999201 9.993E-005 9.993E-005 9.993E-005 9.993E-005 9.993E-005 9.993E-005 9.993E-005 9.993E-005
0.999201 9.993E-005 9.993E-005 9.993E-005 9.993E-005 9.993E-005 9.993E-005 9.993E-005 9.993E-005
0.0196547 0.868616 9.9964E-005 0.00257865 0.0747709 9.9964E-005 9.9964E-005 0.0339804 9.9964E-005
0.0139286 0.864847 0.000544433 0.0022919 0.0790166 9.9982E-005 9.9982E-005 0.0378179 0.00135378
0.0140149 0.877529 9.9973E-005 0.000384876 0.066927 0.00200497 9.9973E-005 0.0388389 9.9973E-005
0.0221003 0.839014 0.00232236 0.003128 0.090387 9.9973E-005 9.9973E-005 0.0427481 9.9973E-005
9.9946E-005 9.9946E-005 0.984649 0.0139509 9.9946E-005 0.000800108 9.9946E-005 9.9946E-005 9.9946E-005
0.999201 9.993E-005 9.993E-005 9.993E-005 9.993E-005 9.993E-005 9.993E-005 9.993E-005 9.993E-005
0.998229 9.9946E-005 9.9946E-005 9.9946E-005 9.9946E-005 0.000745723 9.9946E-005 9.9946E-005 0.000425935
0.999201 9.993E-005 9.993E-005 9.993E-005 9.993E-005 9.993E-005 9.993E-005 9.993E-005 9.993E-005
0.998739 9.9937E-005 9.9937E-005 9.9937E-005 9.9937E-005 0.000561641 9.9937E-005 9.9937E-005 9.9937E-005
9.9964E-005 0.000123796 9.9964E-005 0.00966397 9.9964E-005 0.00133754 0.985331 0.00314387 9.9964E-005
0.00152132 9.9964E-005 0.0141234 9.9964E-005 9.9964E-005 9.9964E-005 0.90792 0.00306469 0.0729708
9.9955E-005 9.9955E-005 9.9955E-005 0.0065536 9.9955E-005 0.00332863 0.987703 0.00191456 9.9955E-005
0.0055872 0.0020431 0.00518294 9.9973E-005 9.9973E-005 9.9973E-005 0.975414 0.000236258 0.0112363
0.00479152 9.9937E-005 9.9937E-005 9.9937E-005 9.9937E-005 9.9937E-005 0.994509 9.9937E-005 9.9937E-005
9.99415E-005 9.99415E-005 9.99415E-005 9.99415E-005 9.99415E-005 9.99415E-005 0.993495 9.99415E-005 0.00580524
9.9964E-005 9.9964E-005 0.00675959 0.00411455 0.00157881 0.000969856 0.986177 9.9964E-005 9.9964E-005
0.00101818 9.9955E-005 0.00902114 9.9955E-005 9.9955E-005 9.9955E-005 0.979728 9.9955E-005 0.00973299
9.9946E-005 0.00686182 0.00217318 9.9946E-005 0.990365 9.9946E-005 9.9946E-005 9.9946E-005 9.9946E-005
0.0085423 0.0275637 9.9973E-005 9.9973E-005 0.952888 0.00149679 0.000667999 0.00854086 9.9973E-005
9.9955E-005 0.0243337 9.9955E-005 9.9955E-005 0.971833 9.9955E-005 0.00236535 0.000967944 9.9955E-005
0.00121853 9.99484E-005 9.99484E-005 9.99484E-005 0.997675 9.99484E-005 9.99484E-005 0.000506364 9.99484E-005
9.9964E-005 9.9964E-005 0.00249724 9.9964E-005 0.987111 0.00462844 0.00368292 0.00168091 9.9964E-005
9.993E-005 9.993E-005 9.993E-005 9.993E-005 0.999201 9.993E-005 9.993E-005 9.993E-005 9.993E-005
9.993E-005 9.993E-005 9.993E-005 9.993E-005 9.993E-005 0.999201 9.993E-005 9.993E-005 9.993E-005
9.993E-005 9.993E-005 9.993E-005 9.993E-005 9.993E-005 9.993E-005 0.999201 9.993E-005 9.993E-005
0.00454021 9.9964E-005 0.00087633 9.9964E-005 9.9964E-005 0.990912 9.9964E-005 0.000454827 0.002817
9.993E-005 9.993E-005 9.993E-005 9.993E-005 9.993E-005 9.993E-005 0.999201 9.993E-005 9.993E-005
9.9937E-005 9.9937E-005 9.9937E-005 9.9937E-005 9.9937E-005 9.9937E-005 0.99831 0.000990115 9.9937E-005
0.0172694 0.976136 9.9955E-005 9.9955E-005 9.9955E-005 0.00463574 9.9955E-005 0.00145959 9.9955E-005
9.993E-005 0.999201 9.993E-005 9.993E-005 9.993E-005 9.993E-005 9.993E-005 9.993E-005 9.993E-005
9.993E-005 0.999201 9.993E-005 9.993E-005 9.993E-005 9.993E-005 9.993E-005 9.993E-005 9.993E-005
9.9955E-005 0.989307 9.9955E-005 9.9955E-005 0.00547924 0.0014732 0.00324113 9.9955E-005 9.9955E-005
0.000142962 0.99669 0.00169627 9.9955E-005 9.9955E-005 9.9955E-005 0.000970527 9.9955E-005 9.9955E-005
9.993E-005 0.999201 9.993E-005 9.993E-005 9.993E-005 9.993E-005 9.993E-005 9.993E-005 9.993E-005
9.993E-005 9.993E-005 9.993E-005 9.993E-005 9.993E-005 9.993E-005 0.999201 9.993E-005 9.993E-005
0.00122565 9.9973E-005 9.9973E-005 0.0183262 9.9973E-005 0.00901951 0.926532 0.00314973 0.0414465
9.9946E-005 9.9946E-005 0.000182087 9.9946E-005 9.9946E-005 0.000930856 0.998287 9.9946E-005 9.9946E-005
9.9955E-005 9.9955E-005 9.9955E-005 0.00197861 9.9955E-005 0.000430408 0.995693 0.00139839 9.9955E-005
9.9946E-005 9.9946E-005 9.9946E-005 0.0022402 9.9946E-005 0.0052756 0.991885 9.9946E-005 9.9946E-005
9.9946E-005 9.9946E-005 0.000683731 9.9946E-005 9.9946E-005 9.9946E-005 0.993915 9.9946E-005 0.0048016
9.9946E-005 9.9946E-005 0.0121863 9.9946E-005 9.9946E-005 9.9946E-005 0.924844 9.9946E-005 0.0623703
9.9964E-005 9.9964E-005 0.0155512 9.9964E-005 9.9964E-005 0.0014674 0.890843 0.00219054 0.0895481
9.9973E-005 9.9973E-005 0.00105915 0.0110378 0.00440233 0.00267587 0.910467 9.9973E-005 0.0700577
9.9946E-005 9.9946E-005 9.9946E-005 0.000635012 9.9946E-005 9.9946E-005 0.993714 0.00505167 9.9946E-005
9.9955E-005 9.9955E-005 0.0180996 9.9955E-005 0.00074836 9.9955E-005 0.914271 9.9955E-005 0.0663814
9.9955E-005 9.9955E-005 0.0160616 9.9955E-005 0.00337961 9.9955E-005 0.883781 9.9955E-005 0.096278
0.0004301 9.9973E-005 9.9973E-005 0.0330057 9.9973E-005 0.00735097 0.900208 0.00349125 0.0552145
0.00311003 9.9955E-005 9.9955E-005 0.0120108 9.9955E-005 9.9955E-005 0.9136 9.9955E-005 0.0707798
0.00251593 0.988546 0.000411365 9.9964E-005 0.00719608 0.000931258 9.9964E-005 9.9964E-005 9.9964E-005
0.0341723 0.833674 9.9964E-005 0.00371513 0.0976881 9.9964E-005 9.9964E-005 0.0303511 9.9964E-005
0.0211335 0.846939 9.99674E-005 0.00660417 0.086759 9.99674E-005 9.99674E-005 0.0381644 9.99674E-005
9.9955E-005 9.9955E-005 0.98642 9.9955E-005 0.00421358 9.9955E-005 0.00387509 9.9955E-005 0.00499204
9.9946E-005 9.9946E-005 0.98922 0.00995425 9.9946E-005 9.9946E-005 9.9946E-005 9.9946E-005 0.000226549
0.0151082 0.84202 9.9973E-005 0.00253814 0.102292 9.9973E-005 9.9973E-005 0.033951 0.00379111
0.0531063 0.727452 0.00421855 9.999E-005 0.150854 0.00722346 0.00240946 0.0510391 0.00359705
0.0587798 0.547582 0.0251909 0.0117892 0.150819 0.0681785 0.0689342 0.0606707 0.00805539
0.747801 0.114597 9.9991E-005 0.000953613 0.031129 0.00103921 0.000808646 0.0965325 0.00703903
0.745994 0.119195 9.9982E-005 0.00143007 0.0316612 0.000436655 0.0040819 0.0970019 9.9982E-005
9.993E-005 9.993E-005 0.999201 9.993E-005 9.993E-005 9.993E-005 9.993E-005 9.993E-005 9.993E-005
9.993E-005 9.993E-005 0.999201 9.993E-005 9.993E-005 9.993E-005 9.993E-005 9.993E-005 9.993E-005
0.746414 0.118092 9.9982E-005 0.00387742 0.0287363 0.00083676 0.00202507 0.099819 9.9982E-005
0.0519851 0.746072 0.00348016 9.9973E-005 0.146443 9.9973E-005 0.00230584 0.0494136 9.9973E-005
9.993E-005 9.993E-005 0.999201 9.993E-005 9.993E-005 9.993E-005 9.993E-005 9.993E-005 9.993E-005
0.754873 0.119593 9.997E-005 9.997E-005 0.0179639 0.00170377 9.997E-005 0.102355 0.00321163
0.0278287 0.803399 9.9991E-005 0.00872622 0.109125 0.00282554 0.00411687 0.0410295 0.00284916
0.020243 0.847316 9.9964E-005 0.000712142 0.0972592 9.9964E-005 9.9964E-005 0.0340694 9.9964E-005
0.0438381 0.618823 9.9991E-005 0.0259805 0.171507 0.0381638 0.0251367 0.0652695 0.0111819
0.278246 0.286902 9.9982E-005 0.00859613 0.110837 0.0118684 0.00530186 0.298048 9.9982E-005
0.0242782 0.844592 9.99734E-005 0.00544651 0.0898083 9.99734E-005 9.99734E-005 0.0354751 9.99734E-005
0.0262315 0.825215 9.9973E-005 0.00237369 0.0993269 9.9973E-005 9.9973E-005 0.0447031 0.0018504
0.0289343 0.835659 0.00362534 0.000870769 0.0929207 0.00269088 0.00176285 0.0328479 0.000687855
9.9964E-005 9.9964E-005 0.946052 0.0452199 0.000321425 0.00360127 9.9964E-005 0.00440584 9.9964E-005
0.0258747 0.852115 0.00191441 0.00284842 0.0829096 9.9982E-005 0.000849751 0.033288 9.9982E-005
9.9973E-005 9.9973E-005 0.977954 0.0031352 9.9973E-005 0.000788751 0.00371681 0.00305511 0.0110498
0.0150109 0.865281 9.9955E-005 9.9955E-005 0.0822624 9.9955E-005 9.9955E-005 0.036946 9.9955E-005
9.9937E-005 9.9937E-005 0.985567 9.9937E-005 9.9937E-005 9.9937E-005 9.9937E-005 9.9937E-005 0.0137331
0.997895 9.9937E-005 0.00140512 9.9937E-005 9.9937E-005 9.9937E-005 9.9937E-005 9.9937E-005 9.9937E-005
0.0150661 0.873534 0.00118604 0.00136027 0.0724805 9.9973E-005 9.9973E-005 0.0360735 9.9973E-005
0.935119 0.0209045 9.9955E-005 9.9955E-005 0.0184578 9.9955E-005 9.9955E-005 0.0250191 9.9955E-005
0.0247748 0.846413 9.9982E-005 0.00220714 0.0888175 0.000348432 0.00668818 0.0305512 9.9982E-005
0.0243023 0.845281 9.9973E-005 9.9973E-005 0.0850107 0.000817034 0.000755431 0.0435332 9.9973E-005
0.0168833 0.872852 9.99752E-005 0.00156708 0.0642939 9.99752E-005 9.99752E-005 0.0428974 0.00120648
0.0184615 0.869896 0.00238128 0.0028877 0.0751391 9.9982E-005 0.000661609 0.030373 9.9982E-005
9.993E-005 9.993E-005 0.999201 9.993E-005 9.993E-005 9.993E-005 9.993E-005 9.993E-005 9.993E-005
9.99309E-005 0.999201 9.99309E-005 9.99309E-005 9.99309E-005 9.99309E-005 9.99309E-005 9.99309E-005 9.99309E-005
9.99314E-005 0.999201 9.99314E-005 9.99314E-005 9.99314E-005 9.99314E-005 9.99314E-005 9.99314E-005 9.99314E-005
0.00313068 0.995744 9.9946E-005 9.9946E-005 9.9946E-005 0.000526096 9.9946E-005 9.9946E-005 9.9946E-005
0.00261693 9.9964E-005 0.000737046 9.9964E-005 0.992085 0.000667802 9.9964E-005 0.00349366 9.9964E-005
0.00614918 0.0111454 0.964906 9.9964E-005 9.9964E-005 0.00555468 9.9964E-005 9.9964E-005 0.0118444
0.00406373 0.028346 9.9946E-005 9.9946E-005 0.966991 9.9946E-005 9.9946E-005 9.9946E-005 9.9946E-005
9.993E-005 9.993E-005 9.993E-005 9.993E-005 0.999201 9.993E-005 9.993E-005 9.993E-005 9.993E-005
9.9964E-005 0.0214767 9.9964E-005 0.00175912 0.968691 9.9964E-005 9.9964E-005 0.00659663 0.00107645
9.993E-005 9.993E-005 9.993E-005 9.993E-005 0.999201 9.993E-005 9.993E-005 9.993E-005 9.993E-005
9.993E-005 9.993E-005 9.993E-005 9.993E-005 0.999201 9.993E-005 9.993E-005 9.993E-005 9.993E-005
0.999201 9.993E-005 9.993E-005 9.993E-005 9.993E-005 9.993E-005 9.993E-005 9.993E-005 9.993E-005
0.999201 9.993E-005 9.993E-005 9.993E-005 9.993E-005 9.993E-005 9.993E-005 9.993E-005 9.993E-005
0.999201 9.993E-005 9.993E-005 9.993E-005 9.993E-005 9.993E-005 9.993E-005 9.993E-005 9.993E-005
0.99391 9.9955E-005 0.000445397 9.9955E-005 0.00475647 9.9955E-005 9.9955E-005 9.9955E-005 0.000388325
0.0146527 9.9946E-005 0.0326774 9.9946E-005 0.95207 9.9946E-005 9.9946E-005 9.9946E-005 9.9946E-005
0.974026 0.0162374 9.9946E-005 9.9946E-005 0.00913724 9.9946E-005 9.9946E-005 9.9946E-005 9.9946E-005
9.993E-005 9.993E-005 9.993E-005 9.993E-005 0.999201 9.993E-005 9.993E-005 9.993E-005 9.993E-005
0.00300308 0.0262875 9.9946E-005 9.9946E-005 0.97011 9.9946E-005 9.9946E-005 9.9946E-005 9.9946E-005
0.00496656 0.0234921 9.9955E-005 9.9955E-005 0.96938 9.9955E-005 9.9955E-005 0.00166127 9.9955E-005
0.00172774 0.00909624 9.9946E-005 9.9946E-005 0.988576 9.9946E-005 9.9946E-005 9.9946E-005 9.9946E-005
9.9937E-005 0.0439156 9.9937E-005 9.9937E-005 0.955385 9.9937E-005 9.9937E-005 9.9937E-005 9.9937E-005
0.00307512 9.99529E-005 9.99529E-005 9.99529E-005 0.987648 9.99529E-005 9.99529E-005 0.00867741 9.99529E-005
0.00434131 0.0195178 9.9973E-005 0.000638467 0.965589 9.9973E-005 0.0021735 0.00744 9.9973E-005
0.000528064 0.0341706 9.9946E-005 9.9946E-005 0.964702 9.9946E-005 9.9946E-005 9.9946E-005 9.9946E-005
0.00572103 0.0307379 9.9964E-005 9.9964E-005 0.952655 9.9964E-005 9.9964E-005 0.00914797 0.00133861
0.00912591 0.0197886 9.9964E-005 9.9964E-005 0.965996 0.00224111 9.9964E-005 9.9964E-005 0.00244832
0.00240305 9.997E-005 9.997E-005 0.00243611 0.988525 0.00176707 0.00381007 0.000758419 9.997E-005
0.00644146 9.9964E-005 9.9964E-005 9.9964E-005 0.978124 0.000919698 0.00146844 0.0126465 9.9964E-005
0.00982619 0.0228125 9.9955E-005 9.9955E-005 0.96456 9.9955E-005 9.9955E-005 0.00230203 9.9955E-005
9.9955E-005 0.0231631 9.9955E-005 0.00220047 0.971014 9.9955E-005 0.00312297 9.9955E-005 9.9955E-005
0.00414674 9.9946E-005 9.9946E-005 9.9946E-005 0.994593 9.9946E-005 9.9946E-005 0.000660875 9.9946E-005
0.0110007 0.00600653 0.0016416 0.00120003 0.957175 0.0121505 9.9982E-005 9.9982E-005 0.0106257
9.9946E-005 9.9946E-005 0.0137829 9.9946E-005 9.9946E-005 9.9946E-005 0.967364 9.9946E-005 0.0182539
9.9946E-005 9.9946E-005 9.9946E-005 9.9946E-005 0.000263515 9.9946E-005 0.991041 9.9946E-005 0.0080956
9.9946E-005 9.9946E-005 9.9946E-005 9.9946E-005 9.9946E-005 0.000403499 0.996912 0.00208483 9.9946E-005
0.00677984 0.0127354 0.00209566 0.00124671 0.963951 0.00487405 9.9991E-005 0.00122425 0.00699307
0.261376 0.237855 9.9991E-005 0.0323863 0.14179 0.0230003 0.00694746 0.284783 0.0117615
9.9955E-005 9.9955E-005 0.00256792 0.000362112 0.00523789 0.991332 9.9955E-005 9.9955E-005 9.9955E-005
9.9946E-005 9.9946E-005 9.9946E-005 0.00317295 9.9946E-005 0.992287 0.00394047 9.9946E-005 9.9946E-005
9.993E-005 9.993E-005 9.993E-005 9.993E-005 9.993E-005 0.999201 9.993E-005 9.993E-005 9.993E-005
9.9946E-005 9.9946E-005 0.00563142 0.00676528 9.9946E-005 0.987004 9.9946E-005 9.9946E-005 9.9946E-005
9.993E-005 9.993E-005 9.993E-005 9.993E-005 9.993E-005 0.999201 9.993E-005 9.993E-005 9.993E-005
9.993E-005 9.993E-005 9.993E-005 9.993E-005 9.993E-005 0.999201 9.993E-005 9.993E-005 9.993E-005
9.9937E-005 9.9937E-005 9.9937E-005 9.9937E-005 9.9937E-005 9.9937E-005 0.0305613 9.9937E-005 0.968739
9.993E-005 9.993E-005 9.993E-005 9.993E-005 9.993E-005 0.999201 9.993E-005 9.993E-005 9.993E-005
9.993E-005 9.993E-005 9.993E-005 9.993E-005 9.993E-005 9.993E-005 0.999201 9.993E-005 9.993E-005
0.0014089 0.00323257 0.00560512 9.9991E-005 0.00252946 0.97455 0.00169428 0.00722763 0.0036519
9.9955E-005 9.9955E-005 9.9955E-005 0.00283467 9.9955E-005 0.992821 0.00373464 9.9955E-005 0.000109609
9.993E-005 9.993E-005 9.993E-005 9.993E-005 9.993E-005 0.999201 9.993E-005 9.993E-005 9.993E-005
9.9946E-005 9.9946E-005 0.00164089 9.9946E-005 0.000601199 0.997158 9.9946E-005 9.9946E-005 9.9946E-005
0.0076974 0.0127261 0.000383823 9.9982E-005 0.967613 9.9982E-005 0.00148818 0.0096687 0.000223189
9.9955E-005 0.000229917 9.9955E-005 9.9955E-005 9.9955E-005 0.998433 0.000353488 9.9955E-005 0.000483828
9.9946E-005 9.9946E-005 9.9946E-005 0.000820025 9.9946E-005 0.002579 0.996001 9.9946E-005 9.9946E-005
0.000400318 9.9964E-005 0.00360706 9.9964E-005 0.992692 9.9964E-005 0.00255061 9.9964E-005 0.000350076
9.9937E-005 0.999076 0.000224833 9.9937E-005 9.9937E-005 9.9937E-005 9.9937E-005 9.9937E-005 9.9937E-005
9.9937E-005 9.9937E-005 9.9937E-005 9.9937E-005 0.00123015 0.99807 9.9937E-005 9.9937E-005 9.9937E-005
9.9937E-005 0.00131546 0.997985 9.9937E-005 9.9937E-005 9.9937E-005 9.9937E-005 9.9937E-005 9.9937E-005
9.9946E-005 9.9946E-005 0.965603 0.0270924 9.9946E-005 0.00670451 9.9946E-005 9.9946E-005 9.9946E-005
9.993E-005 0.999201 9.993E-005 9.993E-005 9.993E-005 9.993E-005 9.993E-005 9.993E-005 9.993E-005
9.9946E-005 9.9946E-005 0.975162 0.022291 9.9946E-005 0.00194744 9.9946E-005 9.9946E-005 9.9946E-005
9.993E-005 9.993E-005 9.993E-005 9.993E-005 0.999201 9.993E-005 9.993E-005 9.993E-005 9.993E-005
0.00363826 0.00049052 9.9946E-005 9.9946E-005 0.995272 9.9946E-005 9.9946E-005 9.9946E-005 9.9946E-005
0.0082831 0.0482579 0.00250045 0.003336 0.933485 0.00206613 0.00187093 9.998E-005 9.998E-005
0.00167278 9.9937E-005 9.9937E-005 9.9937E-005 0.997628 9.9937E-005 9.9937E-005 9.9937E-005 9.9937E-005
0.00142705 0.0415214 9.9964E-005 0.000694955 0.949721 9.9964E-005 9.9964E-005 0.00623615 9.9964E-005
9.9973E-005 0.0095345 9.9973E-005 0.00364723 0.975711 0.00429882 9.9973E-005 0.000612256 0.00589581
0.00415405 9.9937E-005 9.9937E-005 9.9937E-005 0.995146 9.9937E-005 9.9937E-005 9.9937E-005 9.9937E-005
9.993E-005 0.999201 9.993E-005 9.993E-005 9.993E-005 9.993E-005 9.993E-005 9.993E-005 9.993E-005
9.993E-005 0.999201 9.993E-005 9.993E-005 9.993E-005 9.993E-005 9.993E-005 9.993E-005 9.993E-005
9.9937E-005 0.00304865 9.9937E-005 9.9937E-005 0.996252 9.9937E-005 9.9937E-005 9.9937E-005 9.9937E-005
9.996E-005 0.00121641 0.0084082 9.996E-005 0.00432393 9.996E-005 0.954629 9.996E-005 0.0310231
9.9937E-005 9.9937E-005 9.9937E-005 9.9937E-005 9.9937E-005 9.9937E-005 0.00268384 9.9937E-005 0.996617
9.993E-005 9.993E-005 9.993E-005 9.993E-005 9.993E-005 9.993E-005 9.993E-005 9.993E-005 0.999201
0.0202691 0.0706639 0.00905226 9.9982E-005 0.0813285 0.0527057 9.9982E-005 0.0312802 0.7345
9.9937E-005 9.9937E-005 9.9937E-005 9.9937E-005 9.9937E-005 9.9937E-005 0.0328802 9.9937E-005 0.96642
0.00208556 0.00297221 9.9982E-005 0.00838193 0.00550432 0.00363984 0.976833 9.9982E-005 0.000383272
9.9937E-005 9.9937E-005 9.9937E-005 9.9937E-005 0.0037934 9.9937E-005 0.995507 9.9937E-005 9.9937E-005
9.9937E-005 9.9937E-005 0.000822044 9.9937E-005 9.9937E-005 9.9937E-005 0.998478 9.9937E-005 9.9937E-005
9.9937E-005 9.9937E-005 9.9937E-005 9.9937E-005 9.9937E-005 9.9937E-005 0.0392108 9.9937E-005 0.96009
9.993E-005 0.999201 9.993E-005 9.993E-005 9.993E-005 9.993E-005 9.993E-005 9.993E-005 9.993E-005
9.9938E-005 9.9938E-005 0.999145 0.00015564 9.9938E-005 9.9938E-005 9.9938E-005 9.9938E-005 9.9938E-005
0.0541178 0.639753 0.0110327 0.0224843 0.0808995 0.0823881 0.0719792 0.0135928 0.0237522
9.993E-005 0.999201 9.993E-005 9.993E-005 9.993E-005 9.993E-005 9.993E-005 9.993E-005 9.993E-005
9.993E-005 0.999201 9.993E-005 9.993E-005 9.993E-005 9.993E-005 9.993E-005 9.993E-005 9.993E-005
9.9946E-005 0.00665309 0.979501 9.9946E-005 9.9946E-005 9.9946E-005 9.9946E-005 9.9946E-005 0.0132462
0.000653469 0.00224283 9.9955E-005 9.9955E-005 9.9955E-005 0.995124 9.9955E-005 0.00147964 9.9955E-005
0.0379856 0.273819 9.9973E-005 0.00281606 0.648579 9.9973E-005 9.9973E-005 0.0352646 0.00123603
9.993E-005 0.999201 9.993E-005 9.993E-005 9.993E-005 9.993E-005 9.993E-005 9.993E-005 9.993E-005
9.993E-005 0.999201 9.993E-005 9.993E-005 9.993E-005 9.993E-005 9.993E-005 9.993E-005 9.993E-005
9.993E-005 0.999201 9.993E-005 9.993E-005 9.993E-005 9.993E-005 9.993E-005 9.993E-005 9.993E-005
9.9946E-005 0.997191 0.000314315 9.9946E-005 9.9946E-005 0.00189537 9.9946E-005 9.9946E-005 9.9946E-005
9.993E-005 0.999201 9.993E-005 9.993E-005 9.993E-005 9.993E-005 9.993E-005 9.993E-005 9.993E-005
9.993E-005 0.999201 9.993E-005 9.993E-005 9.993E-005 9.993E-005 9.993E-005 9.993E-005 9.993E-005
