9.9955E-005 0.900194 9.9955E-005 0.0217612 0.031679 0.00166024 9.9955E-005 0.0213158 0.0228895 9.9955E-005 9.9955E-005
9.99817E-005 0.893487 9.99817E-005 0.00525139 0.0494278 0.000462158 0.00288756 0.0236988 0.0238265 9.99817E-005 0.000658442
9.997E-005 0.00683906 0.000605749 0.0667448 0.887705 0.00108861 0.00129856 0.0194561 0.0159627 9.997E-005 9.997E-005
9.9946E-005 0.00245661 9.9946E-005 0.0572736 0.900547 9.9946E-005 9.9946E-005 0.0285137 0.0106096 9.9946E-005 9.9946E-005
0.00317105 0.00441313 9.9973E-005 0.0275116 0.913812 9.9973E-005 0.00161757 0.0353595 0.0106282 9.9973E-005 0.00318675
9.9928E-005 0.00135077 9.9928E-005 9.9928E-005 0.997244 9.9928E-005 9.9928E-005 9.9928E-005 0.000605598 9.9928E-005 9.9928E-005
9.99101E-005 9.99101E-005 9.99101E-005 9.99101E-005 0.999001 9.99101E-005 9.99101E-005 9.99101E-005 9.99101E-005 9.99101E-005 9.99101E-005
9.99101E-005 9.99101E-005 9.99101E-005 9.99101E-005 0.999001 9.99101E-005 9.99101E-005 9.99101E-005 9.99101E-005 9.99101E-005 9.99101E-005
9.9946E-005 9.9946E-005 0.976173 0.000431783 0.00177917 9.9946E-005 0.00227834 9.9946E-005 9.9946E-005 9.9946E-005 0.0187378
9.9937E-005 0.00680841 9.9937E-005 9.9937E-005 9.9937E-005 9.9937E-005 0.00174455 0.986238 9.9937E-005 9.9937E-005 0.00450932
0.00052548 9.9928E-005 9.9928E-005 9.9928E-005 9.9928E-005 0.00309179 9.9928E-005 0.995583 9.9928E-005 9.9928E-005 9.9928E-005
9.9919E-005 9.9919E-005 9.9919E-005 9.9919E-005 9.9919E-005 0.00704699 9.9919E-005 9.9919E-005 9.9919E-005 9.9919E-005 0.992054
9.9928E-005 9.9928E-005 9.9928E-005 9.9928E-005 9.9928E-005 0.00384396 0.00053683 0.99482 9.9928E-005 9.9928E-005 9.9928E-005
0.00056332 9.9946E-005 9.9946E-005 9.9946E-005 9.9946E-005 0.00259431 0.00312778 0.992051 9.9946E-005 0.00106391 9.9946E-005
9.9928E-005 9.9928E-005 9.9928E-005 9.9928E-005 9.9928E-005 0.00261973 0.000313423 0.996267 9.9928E-005 9.9928E-005 9.9928E-005
9.9937E-005 0.000862268 9.9937E-005 9.9937E-005 9.9937E-005 0.00416809 0.000686322 0.993584 9.9937E-005 9.9937E-005 9.9937E-005
9.9919E-005 9.9919E-005 9.9919E-005 9.9919E-005 9.9919E-005 9.9919E-005 9.9919E-005 9.9919E-005 9.9919E-005 0.00118941 0.997911
9.9946E-005 0.00754871 9.9946E-005 0.969588 0.0142481 9.9946E-005 9.9946E-005 0.00571932 0.00229643 9.9946E-005 9.9946E-005
9.9919E-005 0.997943 9.9919E-005 9.9919E-005 9.9919E-005 0.00115812 9.9919E-005 9.9919E-005 9.9919E-005 9.9919E-005 9.9919E-005
0.00111457 0.997986 9.9919E-005 9.9919E-005 9.9919E-005 9.9919E-005 9.9919E-005 9.9919E-005 9.9919E-005 9.9919E-005 9.9919E-005
9.99101E-005 0.999001 9.99101E-005 9.99101E-005 9.99101E-005 9.99101E-005 9.99101E-005 9.99101E-005 9.99101E-005 9.99101E-005 9.99101E-005
9.99101E-005 0.999001 9.99101E-005 9.99101E-005 9.99101E-005 9.99101E-005 9.99101E-005 9.99101E-005 9.99101E-005 9.99101E-005 9.99101E-005
9.9919E-005 0.997914 0.0011872 9.9919E-005 9.9919E-005 9.9919E-005 9.9919E-005 9.9919E-005 9.9919E-005 9.9919E-005 9.9919E-005
9.99101E-005 0.999001 9.99101E-005 9.99101E-005 9.99101E-005 9.99101E-005 9.99101E-005 9.99101E-005 9.99101E-005 9.99101E-005 9.99101E-005
9.9919E-005 0.998593 9.9919E-005 9.9919E-005 9.9919E-005 9.9919E-005 9.9919E-005 9.9919E-005 9.9919E-005 0.000507733 9.9919E-005
9.99101E-005 0.999001 9.99101E-005 9.99101E-005 9.99101E-005 9.99101E-005 9.99101E-005 9.99101E-005 9.99101E-005 9.99101E-005 9.99101E-005
9.9919E-005 0.993156 9.9919E-005 0.0059445 9.9919E-005 9.9919E-005 9.9919E-005 9.9919E-005 9.9919E-005 9.9919E-005 9.9919E-005
0.00019107 0.997045 0.00196496 9.99316E-005 9.99316E-005 9.99316E-005 9.99316E-005 9.99316E-005 9.99316E-005 9.99316E-005 9.99316E-005
9.9928E-005 0.0222976 9.9928E-005 9.9928E-005 0.00983194 9.9928E-005 9.9928E-005 9.9928E-005 0.967071 9.9928E-005 9.9928E-005
0.00143322 0.00735189 9.9955E-005 0.00344813 0.00556304 9.9955E-005 9.9955E-005 0.00564002 0.976064 9.9955E-005 9.9955E-005
9.99101E-005 9.99101E-005 9.99101E-005 9.99101E-005 9.99101E-005 9.99101E-005 9.99101E-005 9.99101E-005 0.999001 9.99101E-005 9.99101E-005
9.99101E-005 9.99101E-005 9.99101E-005 9.99101E-005 9.99101E-005 9.99101E-005 9.99101E-005 9.99101E-005 0.999001 9.99101E-005 9.99101E-005
9.99101E-005 9.99101E-005 9.99101E-005 9.99101E-005 9.99101E-005 9.99101E-005 9.99101E-005 9.99101E-005 0.999001 9.99101E-005 9.99101E-005
9.99101E-005 9.99101E-005 9.99101E-005 0.999001 9.99101E-005 9.99101E-005 9.99101E-005 9.99101E-005 9.99101E-005 9.99101E-005 9.99101E-005
9.9919E-005 9.9919E-005 9.9919E-005 0.997818 9.9919E-005 0.00128316 9.9919E-005 9.9919E-005 9.9919E-005 9.9919E-005 9.9919E-005
9.99101E-005 9.99101E-005 9.99101E-005 0.999001 9.99101E-005 9.99101E-005 9.99101E-005 9.99101E-005 9.99101E-005 9.99101E-005 9.99101E-005
9.99101E-005 9.99101E-005 9.99101E-005 0.999001 9.99101E-005 9.99101E-005 9.99101E-005 9.99101E-005 9.99101E-005 9.99101E-005 9.99101E-005
0.000955478 9.9937E-005 9.9937E-005 9.9937E-005 9.9937E-005 0.979309 0.00164296 9.9937E-005 9.9937E-005 9.9937E-005 0.0173929
0.000852732 9.9928E-005 9.9928E-005 9.9928E-005 9.9928E-005 9.9928E-005 0.000506105 9.9928E-005 0.997842 9.9928E-005 9.9928E-005
9.9937E-005 9.9937E-005 9.9937E-005 9.9937E-005 9.9937E-005 9.9937E-005 9.9937E-005 0.00032623 0.996854 0.0013926 0.000727128
9.99101E-005 9.99101E-005 9.99101E-005 9.99101E-005 9.99101E-005 9.99101E-005 9.99101E-005 9.99101E-005 0.999001 9.99101E-005 9.99101E-005
9.99101E-005 9.99101E-005 9.99101E-005 9.99101E-005 9.99101E-005 9.99101E-005 9.99101E-005 9.99101E-005 0.999001 9.99101E-005 9.99101E-005
9.9937E-005 0.00209452 0.983242 9.9937E-005 9.9937E-005 9.9937E-005 0.00297842 9.9937E-005 9.9937E-005 9.9937E-005 0.0109851
0.0137174 0.00302242 0.900737 9.9973E-005 9.9973E-005 0.0105139 0.00176911 9.9973E-005 0.00548272 0.0642051 0.000252703
9.9937E-005 0.00270865 0.984065 9.9937E-005 9.9937E-005 9.9937E-005 0.00210447 9.9937E-005 9.9937E-005 9.9937E-005 0.0104226
0.0153248 9.99514E-005 0.974331 9.99514E-005 0.000744945 9.99514E-005 9.99514E-005 0.000862345 9.99514E-005 0.00813693 9.99514E-005
0.00108553 0.00136381 0.981605 0.000596661 0.00102129 0.00547359 0.000963943 0.00759071 9.9973E-005 9.9973E-005 9.9973E-005
9.99191E-005 9.99191E-005 0.993394 9.99191E-005 9.99191E-005 9.99191E-005 9.99191E-005 9.99191E-005 0.00570661 9.99191E-005 9.99191E-005
9.9937E-005 9.9937E-005 0.990028 0.000831244 9.9937E-005 9.9937E-005 0.00323454 9.9937E-005 9.9937E-005 9.9937E-005 0.00520668
0.00255776 9.9946E-005 0.979894 9.9946E-005 0.00156187 0.00648921 9.9946E-005 9.9946E-005 9.9946E-005 0.0088972 9.9946E-005
0.000558057 9.9937E-005 9.9937E-005 9.9937E-005 0.00745697 9.9937E-005 9.9937E-005 0.990625 0.000660406 9.9937E-005 9.9937E-005
9.9955E-005 0.0108696 9.9955E-005 0.00638872 0.00481933 9.9955E-005 0.00311486 0.964418 0.00988978 9.9955E-005 9.9955E-005
9.9928E-005 9.9928E-005 9.9928E-005 0.00803471 0.0349437 9.9928E-005 9.9928E-005 0.956222 9.9928E-005 9.9928E-005 9.9928E-005
9.99101E-005 9.99101E-005 9.99101E-005 9.99101E-005 9.99101E-005 9.99101E-005 9.99101E-005 0.999001 9.99101E-005 9.99101E-005 9.99101E-005
0.00417603 9.9946E-005 9.9946E-005 9.9946E-005 9.9946E-005 0.00120151 0.00551078 0.987753 9.9946E-005 0.000759224 9.9946E-005
9.99191E-005 9.99191E-005 9.99191E-005 0.000437537 9.99191E-005 9.99191E-005 9.99191E-005 0.998663 9.99191E-005 9.99191E-005 9.99191E-005
9.99101E-005 9.99101E-005 9.99101E-005 9.99101E-005 9.99101E-005 9.99101E-005 0.999001 9.99101E-005 9.99101E-005 9.99101E-005 9.99101E-005
9.99191E-005 9.99191E-005 0.998008 9.99191E-005 9.99191E-005 9.99191E-005 0.00109238 9.99191E-005 9.99191E-005 9.99191E-005 9.99191E-005
0.00165044 0.00167192 9.9955E-005 9.9955E-005 0.00168421 9.9955E-005 0.989044 9.9955E-005 0.00138816 9.9955E-005 0.00406194
0.00354065 9.99191E-005 0.99556 9.99191E-005 9.99191E-005 9.99191E-005 9.99191E-005 9.99191E-005 9.99191E-005 9.99191E-005 9.99191E-005
9.99101E-005 9.99101E-005 0.999001 9.99101E-005 9.99101E-005 9.99101E-005 9.99101E-005 9.99101E-005 9.99101E-005 9.99101E-005 9.99101E-005
0.00390068 0.00556765 9.9955E-005 0.0400724 0.916122 9.9955E-005 9.9955E-005 0.0125232 0.0213139 9.9955E-005 9.9955E-005
9.99101E-005 9.99101E-005 9.99101E-005 9.99101E-005 0.999001 9.99101E-005 9.99101E-005 9.99101E-005 9.99101E-005 9.99101E-005 9.99101E-005
9.99101E-005 9.99101E-005 9.99101E-005 9.99101E-005 0.999001 9.99101E-005 9.99101E-005 9.99101E-005 9.99101E-005 9.99101E-005 9.99101E-005
9.997E-005 0.00367145 0.000802115 0.0175227 0.924979 9.997E-005 0.00336396 0.0392531 0.00789282 9.997E-005 0.002215
9.996E-005 0.00275022 9.996E-005 0.0145073 0.929989 0.00333218 0.00143869 0.0347475 0.012835 9.996E-005 9.996E-005
9.9924E-005 0.00510162 9.9924E-005 9.9924E-005 0.993999 9.9924E-005 9.9924E-005 9.9924E-005 9.9924E-005 9.9924E-005 9.9924E-005
0.00668897 9.9928E-005 0.99098 9.9928E-005 9.9928E-005 0.00153138 9.9928E-005 9.9928E-005 9.9928E-005 9.9928E-005 9.9928E-005
9.9955E-005 0.00405563 0.891641 9.9955E-005 9.9955E-005 9.9955E-005 0.00734816 9.9955E-005 0.00105562 0.0695968 0.0258028
0.00199007 0.00135014 0.995551 9.9937E-005 9.9937E-005 9.9937E-005 9.9937E-005 9.9937E-005 9.9937E-005 9.9937E-005 0.000409431
9.99455E-005 9.99455E-005 0.990594 9.99455E-005 0.00100071 9.99455E-005 0.00489248 9.99455E-005 9.99455E-005 9.99455E-005 0.00281321
9.99191E-005 9.99191E-005 0.991173 9.99191E-005 9.99191E-005 9.99191E-005 9.99191E-005 9.99191E-005 9.99191E-005 9.99191E-005 0.00792781
0.0101478 9.99191E-005 0.988953 9.99191E-005 9.99191E-005 9.99191E-005 9.99191E-005 9.99191E-005 9.99191E-005 9.99191E-005 9.99191E-005
9.9937E-005 0.000574408 0.929872 9.9937E-005 9.9937E-005 0.0117824 9.9937E-005 9.9937E-005 9.9937E-005 0.0570714 9.9937E-005
0.00666507 9.9946E-005 0.903124 9.9946E-005 9.9946E-005 0.0142222 0.00418114 9.9946E-005 9.9946E-005 0.0712076 9.9946E-005
9.9955E-005 9.9955E-005 0.912446 9.9955E-005 9.9955E-005 0.0023919 0.00485582 9.9955E-005 0.00136585 0.0650716 0.0133695
9.9928E-005 0.00486052 0.992797 9.9928E-005 9.9928E-005 9.9928E-005 9.9928E-005 9.9928E-005 9.9928E-005 0.00154294 9.9928E-005
9.99281E-005 9.99281E-005 0.915359 9.99281E-005 9.99281E-005 0.017954 9.99281E-005 9.99281E-005 9.99281E-005 0.0658873 9.99281E-005
0.0111449 9.9937E-005 0.89608 9.9937E-005 9.9937E-005 0.0148353 9.9937E-005 9.9937E-005 9.9937E-005 0.0772407 9.9937E-005
9.9955E-005 0.00137518 0.918897 9.9955E-005 9.9955E-005 9.9955E-005 0.00975961 9.9955E-005 0.00484984 0.0393348 0.0252835
0.00122576 0.000425869 0.918714 9.9955E-005 9.9955E-005 9.9955E-005 9.9955E-005 9.9955E-005 0.00055669 0.0601241 0.0184537
9.9955E-005 0.00617736 9.9955E-005 0.046323 0.903412 9.9955E-005 0.000925153 0.0361619 0.0065013 9.9955E-005 9.9955E-005
9.9955E-005 0.0056945 9.9955E-005 0.912986 0.0390671 9.9955E-005 0.000884249 0.0354869 0.00538128 9.9955E-005 9.9955E-005
9.99191E-005 9.99191E-005 9.99191E-005 0.991799 9.99191E-005 9.99191E-005 9.99191E-005 0.00730142 9.99191E-005 9.99191E-005 9.99191E-005
0.00893452 9.9928E-005 9.9928E-005 9.9928E-005 9.9928E-005 0.989323 9.9928E-005 0.000943284 9.9928E-005 9.9928E-005 9.9928E-005
9.99317E-005 9.99317E-005 9.99317E-005 9.99317E-005 9.99317E-005 0.98901 9.99317E-005 9.99317E-005 0.00315182 9.99317E-005 0.00703859
0.000890189 9.9937E-005 9.9937E-005 0.987 9.9937E-005 9.9937E-005 9.9937E-005 0.0112619 9.9937E-005 9.9937E-005 0.000148463
9.99769E-005 0.0494417 0.0061266 0.454172 0.314185 9.99769E-005 0.00182481 0.132595 0.0376728 9.99769E-005 0.00368176
9.9982E-005 0.049624 0.0666124 0.333696 0.21738 0.0206676 0.0682228 0.156981 0.0679213 9.9982E-005 0.018695
9.998E-005 0.100136 0.00113744 0.0571128 0.0684046 9.998E-005 0.000113548 0.0260612 0.741388 0.00214919 0.00329747
9.9955E-005 0.106102 9.9955E-005 0.0733881 0.065192 9.9955E-005 9.9955E-005 0.0235659 0.726611 9.9955E-005 0.00464129
9.99191E-005 9.99191E-005 0.00186002 9.99191E-005 9.99191E-005 0.997241 9.99191E-005 9.99191E-005 9.99191E-005 9.99191E-005 9.99191E-005
0.00151734 9.99281E-005 0.00220084 9.99281E-005 9.99281E-005 0.995482 9.99281E-005 9.99281E-005 9.99281E-005 9.99281E-005 9.99281E-005
9.997E-005 0.108424 9.997E-005 0.0581613 0.066819 9.997E-005 0.00531005 0.0215093 0.73328 0.000931728 0.00526449
0.00150128 0.0405309 9.9982E-005 0.438596 0.340507 0.000795708 0.000499827 0.133323 0.0433015 9.9982E-005 0.000744753
9.99101E-005 9.99101E-005 9.99101E-005 9.99101E-005 9.99101E-005 0.999001 9.99101E-005 9.99101E-005 9.99101E-005 9.99101E-005 9.99101E-005
0.00139471 0.0989956 9.998E-005 0.0551278 0.0603537 9.998E-005 0.00085428 0.0257192 0.752372 0.00179688 0.00318561
0.0019408 0.00973949 9.9982E-005 0.909056 0.0194547 9.9982E-005 0.00608762 0.0370684 0.0105092 0.00539381 0.000550311
9.9937E-005 9.9937E-005 9.9937E-005 0.967525 0.00537596 9.9937E-005 9.9937E-005 0.0189259 0.0074733 9.9937E-005 9.9937E-005
9.997E-005 0.0438442 0.0409958 0.428839 0.26182 9.997E-005 0.0372584 0.144046 0.0270679 9.997E-005 0.0158287
9.9973E-005 0.291676 0.00637636 0.154533 0.147638 9.9973E-005 0.00863775 0.109649 0.269983 9.9973E-005 0.0112078
9.9937E-005 9.9937E-005 9.9937E-005 0.97206 0.0164227 0.00179829 9.9937E-005 0.00901955 9.9937E-005 9.9937E-005 9.9937E-005
9.9946E-005 0.00795537 9.9946E-005 0.954908 0.00809093 9.9946E-005 9.9946E-005 0.0219054 0.00654103 9.9946E-005 9.9946E-005
9.9964E-005 9.9964E-005 0.00211506 0.975711 9.9964E-005 0.000568966 0.00255004 0.00779696 0.00884683 0.0020111 9.9964E-005
9.9946E-005 0.00147778 9.9946E-005 9.9946E-005 9.9946E-005 0.941135 0.00829108 9.9946E-005 0.00272899 9.9946E-005 0.0457678
9.9946E-005 0.00112233 9.9946E-005 0.973444 0.0148975 9.9946E-005 9.9946E-005 0.00165357 0.00828282 9.9946E-005 9.9946E-005
9.99371E-005 0.000257645 0.00731076 9.99371E-005 9.99371E-005 0.98964 0.00209209 9.99371E-005 9.99371E-005 9.99371E-005 9.99371E-005
9.99101E-005 9.99101E-005 9.99101E-005 0.999001 9.99101E-005 9.99101E-005 9.99101E-005 9.99101E-005 9.99101E-005 9.99101E-005 9.99101E-005
0.0077712 9.99191E-005 9.99191E-005 9.99191E-005 9.99191E-005 0.99133 9.99191E-005 9.99191E-005 9.99191E-005 9.99191E-005 9.99191E-005
9.9919E-005 9.9919E-005 9.9919E-005 9.9919E-005 9.9919E-005 9.9919E-005 9.9919E-005 9.9919E-005 0.997133 9.9919E-005 0.0019675
9.99101E-005 9.99101E-005 9.99101E-005 0.999001 9.99101E-005 9.99101E-005 9.99101E-005 9.99101E-005 9.99101E-005 9.99101E-005 9.99101E-005
9.9946E-005 0.0292509 9.9946E-005 0.00537474 0.0159437 9.9946E-005 9.9946E-005 0.0123637 0.936467 9.9946E-005 9.9946E-005
9.99101E-005 9.99101E-005 9.99101E-005 0.999001 9.99101E-005 9.99101E-005 9.99101E-005 9.99101E-005 9.99101E-005 9.99101E-005 9.99101E-005
9.9937E-005 0.0117537 9.9937E-005 0.981755 0.00347191 9.9937E-005 0.0023194 9.9937E-005 9.9937E-005 9.9937E-005 9.9937E-005
9.99101E-005 9.99101E-005 9.99101E-005 0.999001 9.99101E-005 9.99101E-005 9.99101E-005 9.99101E-005 9.99101E-005 9.99101E-005 9.99101E-005
9.99101E-005 9.99101E-005 9.99101E-005 0.999001 9.99101E-005 9.99101E-005 9.99101E-005 9.99101E-005 9.99101E-005 9.99101E-005 9.99101E-005
9.9937E-005 9.9937E-005 0.00354988 9.9937E-005 0.00162943 0.987438 9.9937E-005 9.9937E-005 9.9937E-005 9.9937E-005 0.00668327
9.9937E-005 0.0147345 9.9937E-005 0.00482259 0.960362 9.9937E-005 9.9937E-005 0.0193812 9.9937E-005 9.9937E-005 9.9937E-005
9.9928E-005 0.0107641 9.9928E-005 9.9928E-005 0.969309 9.9928E-005 9.9928E-005 0.0191277 9.9928E-005 9.9928E-005 9.9928E-005
0.00333654 0.000414938 9.9955E-005 0.0397323 0.922785 9.9955E-005 9.9955E-005 0.0257059 0.00752522 9.9955E-005 9.9955E-005
9.9937E-005 9.9937E-005 9.9937E-005 0.00939663 0.000297169 9.9937E-005 9.9937E-005 0.98621 9.9937E-005 9.9937E-005 0.00339689
0.00146453 9.998E-005 9.998E-005 0.00290691 0.0017226 0.968556 0.00651294 0.00225728 0.00272023 0.0121164 0.00154345
9.9937E-005 0.00103642 9.9937E-005 0.0203674 0.00676445 9.9937E-005 9.9937E-005 0.971132 9.9937E-005 9.9937E-005 9.9937E-005
9.994E-005 9.994E-005 9.994E-005 0.000178838 9.994E-005 9.994E-005 0.000226055 0.99616 0.00273541 9.994E-005 9.994E-005
9.9946E-005 9.9946E-005 9.9946E-005 0.00786429 0.0297766 0.000538893 9.9946E-005 0.958433 0.00278794 9.9946E-005 9.9946E-005
9.99101E-005 9.99101E-005 9.99101E-005 9.99101E-005 9.99101E-005 9.99101E-005 9.99101E-005 0.999001 9.99101E-005 9.99101E-005 9.99101E-005
9.9919E-005 9.9919E-005 9.9919E-005 0.00982923 9.9919E-005 9.9919E-005 9.9919E-005 0.989271 9.9919E-005 9.9919E-005 9.9919E-005
9.99101E-005 9.99101E-005 9.99101E-005 9.99101E-005 9.99101E-005 9.99101E-005 9.99101E-005 9.99101E-005 0.999001 9.99101E-005 9.99101E-005
9.99101E-005 9.99101E-005 9.99101E-005 9.99101E-005 9.99101E-005 9.99101E-005 9.99101E-005 9.99101E-005 0.999001 9.99101E-005 9.99101E-005
9.99101E-005 9.99101E-005 9.99101E-005 9.99101E-005 9.99101E-005 9.99101E-005 9.99101E-005 9.99101E-005 0.999001 9.99101E-005 9.99101E-005
0.00525627 9.9928E-005 9.9928E-005 9.9928E-005 9.9928E-005 9.9928E-005 0.00109573 9.9928E-005 0.992849 9.9928E-005 9.9928E-005
0.00455678 0.00406267 9.995E-005 0.00293774 9.995E-005 0.0284618 9.995E-005 0.944137 0.0153442 9.995E-005 9.995E-005
9.9928E-005 9.9928E-005 9.9928E-005 9.9928E-005 0.0282082 9.9928E-005 9.9928E-005 0.00448283 0.96651 9.9928E-005 9.9928E-005
9.99101E-005 9.99101E-005 9.99101E-005 9.99101E-005 9.99101E-005 9.99101E-005 9.99101E-005 0.999001 9.99101E-005 9.99101E-005 9.99101E-005
9.9937E-005 0.00712769 9.9937E-005 0.00984227 0.00423461 9.9937E-005 9.9937E-005 0.978096 9.9937E-005 9.9937E-005 9.9937E-005
9.9928E-005 9.9928E-005 9.9928E-005 0.0179469 0.00858905 9.9928E-005 9.9928E-005 0.972665 9.9928E-005 9.9928E-005 9.9928E-005
0.00010897 9.99428E-005 9.99428E-005 0.0104594 9.99428E-005 9.99428E-005 9.99428E-005 0.987699 0.000777281 9.99428E-005 0.000355549
9.9937E-005 0.00168529 9.9937E-005 0.00309127 0.014704 9.9937E-005 9.9937E-005 0.97982 9.9937E-005 9.9937E-005 9.9937E-005
0.00404374 0.00589464 9.9937E-005 9.9937E-005 0.00602946 9.9937E-005 9.9937E-005 0.983333 9.9937E-005 9.9937E-005 9.9937E-005
9.99537E-005 0.00327651 9.99537E-005 0.0221066 0.00890023 9.99537E-005 9.99537E-005 0.958039 0.00707806 9.99537E-005 9.99537E-005
9.9928E-005 9.9928E-005 9.9928E-005 0.017453 0.0144883 9.9928E-005 9.9928E-005 0.967259 9.9928E-005 9.9928E-005 9.9928E-005
0.00362197 0.0127935 9.9955E-005 9.9955E-005 0.0242233 9.9955E-005 9.9955E-005 0.954199 0.00288594 0.00177691 9.9955E-005
0.00490594 9.9955E-005 9.9955E-005 0.00568484 0.0129509 9.9955E-005 9.9955E-005 0.967496 0.00697553 9.9955E-005 0.00148721
9.9946E-005 0.00661547 0.000560399 9.9946E-005 9.9946E-005 9.9946E-005 0.00143674 0.985502 0.00528547 9.9946E-005 9.9946E-005
9.9946E-005 0.00950777 9.9946E-005 9.9946E-005 9.9946E-005 9.9946E-005 0.000947145 0.987404 0.000516605 0.00102434 9.9946E-005
9.9928E-005 9.9928E-005 9.9928E-005 0.017385 9.9928E-005 9.9928E-005 9.9928E-005 0.975401 0.00641421 9.9928E-005 9.9928E-005
0.00159824 9.9955E-005 9.9955E-005 0.00329122 0.0281683 9.9955E-005 0.000139087 0.963362 9.9955E-005 0.00294183 9.9955E-005
9.9937E-005 0.00668384 9.9937E-005 0.013818 0.00112182 9.9937E-005 9.9937E-005 0.977677 9.9937E-005 9.9937E-005 9.9937E-005
0.00670953 9.9973E-005 9.9973E-005 0.00243661 0.0120131 0.000951336 0.00936339 0.954359 0.00880222 0.00506508 9.9973E-005
0.0134507 9.9937E-005 0.968229 9.9937E-005 9.9937E-005 0.00740663 9.9937E-005 9.9937E-005 9.9937E-005 0.0102145 9.9937E-005
0.00402934 9.9937E-005 0.982878 9.9937E-005 0.00301039 9.9937E-005 9.9937E-005 9.9937E-005 9.9937E-005 0.00938312 9.9937E-005
9.9928E-005 9.9928E-005 0.995277 9.9928E-005 9.9928E-005 9.9928E-005 9.9928E-005 0.000789658 0.00313438 9.9928E-005 9.9928E-005
0.00786976 9.99623E-005 9.99623E-005 0.00792384 9.99623E-005 0.00542822 0.00322963 0.968272 0.00677652 9.99623E-005 9.99623E-005
9.99731E-005 0.278855 9.99731E-005 0.145521 0.122482 9.99731E-005 0.022459 0.114295 0.26464 0.0210753 0.0303727
9.9946E-005 9.9946E-005 0.000296935 9.9946E-005 9.9946E-005 0.00204615 0.990609 0.00421798 9.9946E-005 0.00222998 9.9946E-005
9.9928E-005 9.9928E-005 9.9928E-005 9.9928E-005 0.00157616 9.9928E-005 0.997349 9.9928E-005 0.000275714 9.9928E-005 9.9928E-005
9.99191E-005 9.99191E-005 9.99191E-005 9.99191E-005 9.99191E-005 9.99191E-005 0.998675 9.99191E-005 0.00042598 9.99191E-005 9.99191E-005
9.99281E-005 9.99281E-005 0.00425384 9.99281E-005 9.99281E-005 9.99281E-005 0.989999 9.99281E-005 9.99281E-005 0.00494769 9.99281E-005
9.9928E-005 9.9928E-005 9.9928E-005 0.0041963 9.9928E-005 9.9928E-005 0.992694 9.9928E-005 9.9928E-005 9.9928E-005 0.00231057
9.99101E-005 9.99101E-005 9.99101E-005 9.99101E-005 9.99101E-005 9.99101E-005 0.999001 9.99101E-005 9.99101E-005 9.99101E-005 9.99101E-005
9.9919E-005 9.9919E-005 9.9919E-005 9.9919E-005 9.9919E-005 0.00290218 9.9919E-005 9.9919E-005 9.9919E-005 0.996199 9.9919E-005
9.99191E-005 9.99191E-005 9.99191E-005 9.99191E-005 9.99191E-005 0.00140841 0.997692 9.99191E-005 9.99191E-005 9.99191E-005 9.99191E-005
9.99191E-005 9.99191E-005 0.996095 9.99191E-005 9.99191E-005 9.99191E-005 9.99191E-005 0.00300554 9.99191E-005 9.99191E-005 9.99191E-005
0.0109577 0.00593854 9.9946E-005 9.9946E-005 0.00554717 9.9946E-005 0.976555 9.9946E-005 0.000401546 9.9946E-005 9.9946E-005
9.99281E-005 9.99281E-005 9.99281E-005 9.99281E-005 9.99281E-005 9.99281E-005 0.994333 9.99281E-005 9.99281E-005 0.0026834 0.00218396
9.99191E-005 9.99191E-005 9.99191E-005 9.99191E-005 9.99191E-005 9.99191E-005 0.998951 0.000149924 9.99191E-005 9.99191E-005 9.99191E-005
9.99191E-005 9.99191E-005 9.99191E-005 9.99191E-005 9.99191E-005 9.99191E-005 0.998938 9.99191E-005 0.000163225 9.99191E-005 9.99191E-005
9.9964E-005 0.00856218 0.00157542 0.00533263 0.0233115 9.9964E-005 0.00100505 0.953325 0.00648865 9.9964E-005 9.9964E-005
9.99101E-005 9.99101E-005 9.99101E-005 9.99101E-005 9.99101E-005 9.99101E-005 0.999001 9.99101E-005 9.99101E-005 9.99101E-005 9.99101E-005
9.9937E-005 9.9937E-005 0.991864 9.9937E-005 9.9937E-005 9.9937E-005 0.000377528 0.00383194 9.9937E-005 9.9937E-005 0.00322665
9.99371E-005 9.99371E-005 9.99371E-005 0.00912333 9.99371E-005 9.99371E-005 9.99371E-005 0.982035 0.00144677 0.00669509 9.99371E-005
9.9955E-005 0.00549468 9.9955E-005 0.00386943 0.979991 9.9955E-005 9.9955E-005 0.00906247 0.000367491 9.9955E-005 0.00071471
9.99101E-005 9.99101E-005 9.99101E-005 9.99101E-005 9.99101E-005 9.99101E-005 0.999001 9.99101E-005 9.99101E-005 9.99101E-005 9.99101E-005
9.9928E-005 9.9928E-005 9.9928E-005 9.9928E-005 0.00199497 0.996226 9.9928E-005 9.9928E-005 9.9928E-005 9.9928E-005 0.000979801
9.9946E-005 9.9946E-005 9.9946E-005 9.9946E-005 0.00506752 0.971069 0.0065436 0.00106687 9.9946E-005 9.9946E-005 0.0156533
9.99101E-005 9.99101E-005 9.99101E-005 9.99101E-005 0.999001 9.99101E-005 9.99101E-005 9.99101E-005 9.99101E-005 9.99101E-005 9.99101E-005
9.9928E-005 9.9928E-005 9.9928E-005 9.9928E-005 9.9928E-005 0.977807 0.00324638 9.9928E-005 9.9928E-005 9.9928E-005 0.0181473
9.99191E-005 9.99191E-005 9.99191E-005 0.00500518 9.99191E-005 9.99191E-005 9.99191E-005 0.994096 9.99191E-005 9.99191E-005 9.99191E-005
9.9928E-005 9.9928E-005 9.9928E-005 0.0170577 9.9928E-005 9.9928E-005 9.9928E-005 0.979537 0.00260592 9.9928E-005 9.9928E-005
9.997E-005 0.00336935 0.00113471 0.0320209 0.0212354 9.997E-005 9.997E-005 0.933158 0.00440638 0.00417765 0.0001973
9.9928E-005 9.9928E-005 9.9928E-005 0.000585819 9.9928E-005 9.9928E-005 9.9928E-005 0.990341 0.00827334 9.9928E-005 9.9928E-005
9.9937E-005 9.9937E-005 9.9937E-005 0.0138945 0.0254671 9.9937E-005 9.9937E-005 0.959386 9.9937E-005 9.9937E-005 0.000553034
0.000585659 0.00361476 9.998E-005 0.0147476 0.0044299 9.998E-005 0.00497325 0.96455 0.000521192 0.00299406 0.00338318
9.9928E-005 9.9928E-005 9.9928E-005 9.9928E-005 9.9928E-005 9.9928E-005 0.00184852 0.993359 0.00399267 9.9928E-005 9.9928E-005
9.9937E-005 0.00314365 9.9937E-005 0.0010227 0.987127 9.9937E-005 9.9937E-005 0.00800682 9.9937E-005 9.9937E-005 9.9937E-005
0.0012021 9.9919E-005 9.9919E-005 9.9919E-005 0.997899 9.9919E-005 9.9919E-005 9.9919E-005 9.9919E-005 9.9919E-005 9.9919E-005
0.000249635 9.99281E-005 9.99281E-005 9.99281E-005 0.00325765 9.99281E-005 9.99281E-005 0.995693 9.99281E-005 9.99281E-005 9.99281E-005
0.0166424 9.9946E-005 0.970231 9.9946E-005 0.00596263 0.00328401 9.9946E-005 9.9946E-005 9.9946E-005 0.00328059 9.9946E-005
9.9955E-005 9.9955E-005 9.9955E-005 0.00349447 0.00066047 9.9955E-005 0.00070295 0.00118982 0.000130482 0.993322 9.9955E-005
0.0243356 9.99191E-005 9.99191E-005 9.99191E-005 9.99191E-005 9.99191E-005 9.99191E-005 9.99191E-005 9.99191E-005 0.974765 9.99191E-005
0.999001 9.99101E-005 9.99101E-005 9.99101E-005 9.99101E-005 9.99101E-005 9.99101E-005 9.99101E-005 9.99101E-005 9.99101E-005 9.99101E-005
9.9928E-005 9.9928E-005 0.00963737 9.9928E-005 9.9928E-005 0.00187039 9.9928E-005 9.9928E-005 9.9928E-005 0.987693 9.9928E-005
0.0208095 9.9946E-005 0.964322 0.00859477 9.9946E-005 0.0021963 0.00347768 9.9946E-005 9.9946E-005 9.9946E-005 9.9946E-005
0.0140597 9.9937E-005 0.981237 9.9937E-005 9.9937E-005 0.00368205 9.9937E-005 0.000321856 9.9937E-005 9.9937E-005 9.9937E-005
9.99101E-005 9.99101E-005 0.999001 9.99101E-005 9.99101E-005 9.99101E-005 9.99101E-005 9.99101E-005 9.99101E-005 9.99101E-005 9.99101E-005
9.9919E-005 9.9919E-005 9.9919E-005 9.9919E-005 9.9919E-005 9.9919E-005 9.9919E-005 9.9919E-005 9.9919E-005 0.994016 0.00508477
9.99101E-005 9.99101E-005 9.99101E-005 9.99101E-005 0.999001 9.99101E-005 9.99101E-005 9.99101E-005 9.99101E-005 9.99101E-005 9.99101E-005
9.99191E-005 9.99191E-005 9.99191E-005 9.99191E-005 9.99191E-005 0.994409 9.99191E-005 9.99191E-005 9.99191E-005 9.99191E-005 0.00469188
0.0185105 0.0402212 0.0707963 0.0163809 0.577514 0.000513594 0.0773891 0.119516 0.0430912 0.00819294 0.0278744
0.00112787 9.9937E-005 9.9937E-005 9.9937E-005 0.989262 9.9937E-005 9.9937E-005 0.00362803 0.00528244 9.9937E-005 9.9937E-005
9.9937E-005 9.9937E-005 9.9937E-005 9.9937E-005 0.980066 9.9937E-005 9.9937E-005 0.0165656 0.00149397 0.00117462 9.9937E-005
0.00484848 9.99281E-005 9.99281E-005 9.99281E-005 0.00571592 0.988636 9.99281E-005 9.99281E-005 9.99281E-005 9.99281E-005 9.99281E-005
9.99184E-005 9.99184E-005 9.99184E-005 9.99184E-005 9.99184E-005 9.99184E-005 0.999001 9.99184E-005 9.99184E-005 9.99184E-005 9.99184E-005
9.996E-005 0.0372175 0.00201632 0.147733 0.144237 9.996E-005 9.996E-005 0.638791 0.0292664 9.996E-005 0.000338573
9.99101E-005 9.99101E-005 9.99101E-005 9.99101E-005 0.999001 9.99101E-005 9.99101E-005 9.99101E-005 9.99101E-005 9.99101E-005 9.99101E-005
9.99101E-005 9.99101E-005 9.99101E-005 9.99101E-005 0.999001 9.99101E-005 9.99101E-005 9.99101E-005 9.99101E-005 9.99101E-005 9.99101E-005
9.99101E-005 9.99101E-005 9.99101E-005 9.99101E-005 0.999001 9.99101E-005 9.99101E-005 9.99101E-005 9.99101E-005 9.99101E-005 9.99101E-005
9.99281E-005 9.99281E-005 9.99281E-005 9.99281E-005 0.996101 0.00216935 0.000930621 9.99281E-005 9.99281E-005 9.99281E-005 9.99281E-005
9.99101E-005 9.99101E-005 9.99101E-005 9.99101E-005 0.999001 9.99101E-005 9.99101E-005 9.99101E-005 9.99101E-005 9.99101E-005 9.99101E-005
9.99101E-005 9.99101E-005 9.99101E-005 9.99101E-005 0.999001 9.99101E-005 9.99101E-005 9.99101E-005 9.99101E-005 9.99101E-005 9.99101E-005
