0.012671 9.9964E-005 9.9964E-005 0.000713754 0.0144571 0.0334324 0.0291732 9.9964E-005 0.909153 9.9964E-005
0.0212124 0.000699997 9.9973E-005 9.9973E-005 0.0124482 0.0468861 0.0114222 0.000171292 0.90686 9.9973E-005
0.00930369 0.00120266 0.00156371 0.00170865 0.0273236 0.894249 0.0594887 0.000409746 0.0046499 9.9991E-005
0.0117183 0.000238556 9.9964E-005 9.9964E-005 0.0237624 0.907071 0.0550358 9.9964E-005 0.00177366 9.9964E-005
0.0100567 0.000459728 0.00185372 0.00277205 0.0325152 0.921201 0.026397 9.9991E-005 0.00407596 0.000568596
0.000733391 9.9928E-005 9.9928E-005 9.9928E-005 9.9928E-005 0.998467 9.9928E-005 9.9928E-005 9.9928E-005 9.9928E-005
9.99201E-005 9.99201E-005 9.99201E-005 9.99201E-005 9.99201E-005 0.999101 9.99201E-005 9.99201E-005 9.99201E-005 9.99201E-005
9.99201E-005 9.99201E-005 9.99201E-005 9.99201E-005 9.99201E-005 0.999101 9.99201E-005 9.99201E-005 9.99201E-005 9.99201E-005
0.000650823 0.00396515 0.978539 0.0122465 9.9955E-005 0.00409872 9.9955E-005 9.9955E-005 9.9955E-005 9.9955E-005
9.9955E-005 0.00365911 0.00259897 0.00174245 0.990593 9.9955E-005 9.9955E-005 9.9955E-005 0.000906318 9.9955E-005
9.9946E-005 0.00398158 0.00453233 9.9946E-005 0.990577 9.9946E-005 9.9946E-005 9.9946E-005 9.9946E-005 0.000309815
9.99201E-005 9.99201E-005 9.99201E-005 0.999101 9.99201E-005 9.99201E-005 9.99201E-005 9.99201E-005 9.99201E-005 9.99201E-005
9.9955E-005 0.00208884 0.00269642 0.00156605 0.992902 9.9955E-005 9.9955E-005 9.9955E-005 9.9955E-005 0.000247408
9.9928E-005 9.9928E-005 9.9928E-005 9.9928E-005 0.997182 9.9928E-005 9.9928E-005 9.9928E-005 9.9928E-005 0.00201817
9.9937E-005 0.000510314 9.9937E-005 9.9937E-005 0.993697 9.9937E-005 9.9937E-005 9.9937E-005 9.9937E-005 0.00509342
9.9946E-005 0.0017319 0.000987504 9.9946E-005 0.995173 9.9946E-005 9.9946E-005 9.9946E-005 9.9946E-005 0.0015078
9.99201E-005 9.99201E-005 9.99201E-005 0.999101 9.99201E-005 9.99201E-005 9.99201E-005 9.99201E-005 9.99201E-005 9.99201E-005
9.9946E-005 9.9946E-005 9.9946E-005 9.9946E-005 0.0111119 0.00656388 0.976751 9.9946E-005 0.00497377 9.9946E-005
9.99201E-005 9.99201E-005 9.99201E-005 9.99201E-005 9.99201E-005 9.99201E-005 9.99201E-005 9.99201E-005 0.999101 9.99201E-005
9.9928E-005 9.9928E-005 9.9928E-005 0.0019833 9.9928E-005 9.9928E-005 9.9928E-005 9.9928E-005 0.997217 9.9928E-005
9.9928E-005 9.9928E-005 9.9928E-005 9.9928E-005 9.9928E-005 9.9928E-005 0.00800593 9.9928E-005 0.991195 9.9928E-005
9.99201E-005 9.99201E-005 9.99201E-005 9.99201E-005 9.99201E-005 9.99201E-005 9.99201E-005 9.99201E-005 0.999101 9.99201E-005
9.9937E-005 0.000683586 0.00024987 9.9937E-005 9.9937E-005 9.9937E-005 9.9937E-005 9.9937E-005 0.998367 9.9937E-005
9.99201E-005 9.99201E-005 9.99201E-005 9.99201E-005 9.99201E-005 9.99201E-005 9.99201E-005 9.99201E-005 0.999101 9.99201E-005
9.9928E-005 9.9928E-005 9.9928E-005 9.9928E-005 0.00221014 9.9928E-005 9.9928E-005 9.9928E-005 0.99699 9.9928E-005
9.99201E-005 9.99201E-005 9.99201E-005 9.99201E-005 9.99201E-005 9.99201E-005 9.99201E-005 9.99201E-005 0.999101 9.99201E-005
9.9928E-005 9.9928E-005 9.9928E-005 9.9928E-005 9.9928E-005 9.9928E-005 0.00579629 9.9928E-005 0.993404 9.9928E-005
9.9946E-005 0.000842576 9.9946E-005 0.00165936 9.9946E-005 9.9946E-005 9.9946E-005 0.00119752 0.995701 9.9946E-005
0.960403 9.9955E-005 9.9955E-005 9.9955E-005 0.00608904 0.00842403 9.9955E-005 9.9955E-005 0.0234107 0.00117333
0.977027 9.9964E-005 9.9964E-005 0.00170133 0.00311268 0.0143998 0.00225443 9.9964E-005 9.9964E-005 0.00110441
0.999101 9.99201E-005 9.99201E-005 9.99201E-005 9.99201E-005 9.99201E-005 9.99201E-005 9.99201E-005 9.99201E-005 9.99201E-005
0.999101 9.99201E-005 9.99201E-005 9.99201E-005 9.99201E-005 9.99201E-005 9.99201E-005 9.99201E-005 9.99201E-005 9.99201E-005
0.999101 9.99201E-005 9.99201E-005 9.99201E-005 9.99201E-005 9.99201E-005 9.99201E-005 9.99201E-005 9.99201E-005 9.99201E-005
9.99201E-005 9.99201E-005 9.99201E-005 9.99201E-005 9.99201E-005 9.99201E-005 0.999101 9.99201E-005 9.99201E-005 9.99201E-005
9.99201E-005 9.99201E-005 9.99201E-005 9.99201E-005 9.99201E-005 9.99201E-005 0.999101 9.99201E-005 9.99201E-005 9.99201E-005
9.99201E-005 9.99201E-005 9.99201E-005 9.99201E-005 9.99201E-005 9.99201E-005 0.999101 9.99201E-005 9.99201E-005 9.99201E-005
9.9928E-005 9.9928E-005 9.9928E-005 0.00105619 9.9928E-005 9.9928E-005 0.998144 9.9928E-005 9.9928E-005 9.9928E-005
9.9937E-005 0.0039254 9.9937E-005 0.0109349 9.9937E-005 9.9937E-005 9.9937E-005 9.9937E-005 9.9937E-005 0.98444
0.999101 9.99201E-005 9.99201E-005 9.99201E-005 9.99201E-005 9.99201E-005 9.99201E-005 9.99201E-005 9.99201E-005 9.99201E-005
0.983924 0.00130602 0.000303841 9.9964E-005 0.00610796 9.9964E-005 0.00774429 9.9964E-005 9.9964E-005 0.000214067
0.999101 9.99201E-005 9.99201E-005 9.99201E-005 9.99201E-005 9.99201E-005 9.99201E-005 9.99201E-005 9.99201E-005 9.99201E-005
0.997113 0.000391706 9.9937E-005 0.00179581 9.9937E-005 9.9937E-005 9.9937E-005 9.9937E-005 9.9937E-005 9.9937E-005
9.9946E-005 0.00599364 0.980296 0.0112587 9.9946E-005 9.9946E-005 9.9946E-005 9.9946E-005 0.00185182 9.9946E-005
0.000725855 0.00345689 0.913539 9.9964E-005 9.9964E-005 9.9964E-005 9.9964E-005 0.0672188 0.00429848 0.0103616
9.9946E-005 0.00238548 0.988131 0.00526474 9.9946E-005 9.9946E-005 9.9946E-005 9.9946E-005 0.00361867 9.9946E-005
9.9955E-005 9.9955E-005 0.979699 9.9955E-005 9.9955E-005 0.00359219 9.9955E-005 0.00991084 0.00401536 0.00228321
9.9946E-005 9.9946E-005 0.990661 9.9946E-005 9.9946E-005 0.00319627 0.00187505 9.9946E-005 9.9946E-005 0.00366848
9.99379E-005 9.99379E-005 0.987606 9.99379E-005 9.99379E-005 9.99379E-005 9.99379E-005 0.0095482 9.99379E-005 0.0021465
9.9946E-005 0.000955398 0.991873 0.00557601 9.9946E-005 9.9946E-005 9.9946E-005 0.000996297 9.9946E-005 9.9946E-005
9.9937E-005 9.9937E-005 0.9862 9.9937E-005 9.9937E-005 9.9937E-005 9.9937E-005 0.00411821 9.9937E-005 0.00898238
9.9946E-005 0.000589515 0.00238805 9.9946E-005 0.98508 0.0113424 9.9946E-005 9.9946E-005 9.9946E-005 9.9946E-005
0.00287642 0.00174372 0.00146648 9.9964E-005 0.978564 9.9964E-005 0.00477111 9.9964E-005 0.0101789 9.9964E-005
9.99445E-005 9.99445E-005 9.99445E-005 9.99445E-005 0.972166 0.0226513 0.00448349 9.99445E-005 9.99445E-005 9.99445E-005
9.9955E-005 0.000200009 9.9955E-005 9.9955E-005 0.991099 0.00224393 0.0040988 9.9955E-005 9.9955E-005 0.00185811
9.9946E-005 0.00377703 0.00158699 9.9946E-005 0.986638 9.9946E-005 9.9946E-005 9.9946E-005 9.9946E-005 0.00739804
9.9928E-005 9.9928E-005 9.9928E-005 9.9928E-005 0.989786 9.9928E-005 0.00941411 9.9928E-005 9.9928E-005 9.9928E-005
9.99201E-005 0.999101 9.99201E-005 9.99201E-005 9.99201E-005 9.99201E-005 9.99201E-005 9.99201E-005 9.99201E-005 9.99201E-005
9.99201E-005 9.99201E-005 0.999101 9.99201E-005 9.99201E-005 9.99201E-005 9.99201E-005 9.99201E-005 9.99201E-005 9.99201E-005
9.9937E-005 0.991434 0.00233708 9.9937E-005 9.9937E-005 9.9937E-005 0.00552916 9.9937E-005 9.9937E-005 9.9937E-005
9.99201E-005 9.99201E-005 0.999101 9.99201E-005 9.99201E-005 9.99201E-005 9.99201E-005 9.99201E-005 9.99201E-005 9.99201E-005
9.99281E-005 9.99281E-005 0.997225 9.99281E-005 9.99281E-005 9.99281E-005 9.99281E-005 9.99281E-005 9.99281E-005 0.00197566
0.0156321 9.9964E-005 0.00302527 9.9964E-005 0.0271978 0.902266 0.036873 9.9964E-005 0.0146062 9.9964E-005
0.000676211 9.9928E-005 9.9928E-005 9.9928E-005 9.9928E-005 0.998524 9.9928E-005 9.9928E-005 9.9928E-005 9.9928E-005
9.99201E-005 9.99201E-005 9.99201E-005 9.99201E-005 9.99201E-005 0.999101 9.99201E-005 9.99201E-005 9.99201E-005 9.99201E-005
0.00644042 0.00215882 0.00304723 9.9982E-005 0.0419241 0.918972 0.0249317 9.9982E-005 0.00184301 0.000482746
0.0135911 0.000479139 0.00173551 9.9982E-005 0.0192896 0.939502 0.0199375 0.00307551 0.00219002 9.9982E-005
9.99214E-005 9.99214E-005 9.99214E-005 9.99214E-005 9.99214E-005 0.999101 9.99214E-005 9.99214E-005 9.99214E-005 9.99214E-005
9.9928E-005 9.9928E-005 0.998842 9.9928E-005 9.9928E-005 9.9928E-005 0.000358692 9.9928E-005 9.9928E-005 9.9928E-005
0.000256156 0.00815093 0.927062 0.0177252 9.9964E-005 9.9964E-005 9.9964E-005 0.0414641 0.0049421 9.9964E-005
9.9928E-005 9.9928E-005 0.992643 9.9928E-005 9.9928E-005 9.9928E-005 9.9928E-005 0.00655734 9.9928E-005 9.9928E-005
9.9937E-005 0.00242839 0.993404 0.00346851 9.9937E-005 9.9937E-005 9.9937E-005 9.9937E-005 9.9937E-005 9.9937E-005
9.9937E-005 9.9937E-005 0.991749 0.00497154 9.9937E-005 9.9937E-005 9.9937E-005 9.9937E-005 0.00257965 9.9937E-005
9.9937E-005 9.9937E-005 0.982648 9.9937E-005 9.9937E-005 9.9937E-005 9.9937E-005 0.0104573 9.9937E-005 0.00619529
9.9946E-005 9.9946E-005 0.935554 0.00562802 9.9946E-005 9.9946E-005 9.9946E-005 0.0507744 9.9946E-005 0.0074437
9.9955E-005 9.9955E-005 0.907941 9.9955E-005 0.00269112 9.9955E-005 9.9955E-005 0.0699823 0.00111338 0.0177721
0.00379865 0.00274079 0.918098 0.0108025 9.9982E-005 0.0026311 9.9982E-005 0.0563401 0.00333792 0.00205143
9.9928E-005 9.9928E-005 0.996073 9.9928E-005 9.9928E-005 9.9928E-005 9.9928E-005 9.9928E-005 0.00312719 9.9928E-005
9.9937E-005 9.9937E-005 0.909046 9.9937E-005 9.9937E-005 9.9937E-005 9.9937E-005 0.0706355 9.9937E-005 0.0196189
9.99371E-005 9.99371E-005 0.904796 9.99371E-005 9.99371E-005 9.99371E-005 9.99371E-005 0.0757466 9.99371E-005 0.0187582
0.00141871 0.00696932 0.937652 0.0308595 9.9955E-005 9.9955E-005 9.9955E-005 0.0226009 9.9955E-005 9.9955E-005
9.9946E-005 9.9946E-005 0.925021 0.0121965 9.9946E-005 9.9946E-005 9.9946E-005 0.055351 9.9946E-005 0.00683152
0.00994013 9.9955E-005 9.9955E-005 9.9955E-005 0.0249242 0.898174 0.0512235 9.9955E-005 0.0152383 9.9955E-005
0.00484759 9.9955E-005 9.9955E-005 9.9955E-005 0.0220627 0.0527276 0.911672 9.9955E-005 0.00818999 9.9955E-005
9.9928E-005 9.9928E-005 9.9928E-005 9.9928E-005 0.00176068 9.9928E-005 0.99744 9.9928E-005 9.9928E-005 9.9928E-005
9.9946E-005 9.9946E-005 9.9946E-005 9.9946E-005 0.00102078 9.9946E-005 0.00208305 0.00908634 9.9946E-005 0.98721
9.9937E-005 9.9937E-005 9.9937E-005 0.00796819 9.9937E-005 9.9937E-005 9.9937E-005 9.9937E-005 0.00219925 0.989133
9.9937E-005 9.9937E-005 9.9937E-005 9.9937E-005 0.0109408 9.9937E-005 0.987432 9.9937E-005 0.000927707 9.9937E-005
0.0388081 0.00633975 9.9982E-005 0.0058976 0.135466 0.314508 0.446005 0.00533943 0.0474356 9.9982E-005
0.0589497 0.0690272 0.0741584 0.0124584 0.158123 0.210873 0.350687 9.9991E-005 0.0417588 0.0238646
0.742409 0.0035903 0.00668195 9.9973E-005 0.0220449 0.0695322 0.0542564 9.9973E-005 0.101186 9.9973E-005
0.726625 0.00293867 9.9982E-005 0.0008354 0.0227769 0.0734563 0.0610466 0.000227631 0.111894 9.9982E-005
9.9928E-005 9.9928E-005 9.9928E-005 0.0077252 9.9928E-005 9.9928E-005 9.9928E-005 9.9928E-005 9.9928E-005 0.991475
9.99281E-005 9.99281E-005 9.99281E-005 9.99281E-005 9.99281E-005 9.99281E-005 9.99281E-005 0.00223437 9.99281E-005 0.996966
0.735709 0.000550578 0.00386203 0.000971495 0.016603 0.0855005 0.0549761 9.9982E-005 0.101627 9.9982E-005
0.0447331 0.000331282 9.9982E-005 9.9982E-005 0.124976 0.341449 0.450466 0.000438282 0.0350042 0.0024019
9.9928E-005 9.9928E-005 0.00458084 9.9928E-005 9.9928E-005 9.9928E-005 9.9928E-005 9.9928E-005 9.9928E-005 0.99462
0.747842 9.9973E-005 9.9973E-005 0.00145086 0.0255284 0.058956 0.0567673 0.00488437 0.104271 9.9973E-005
0.00821348 0.00289649 0.00804289 0.00284614 0.0367864 0.0102462 0.930668 9.9973E-005 9.9973E-005 9.9973E-005
9.9928E-005 9.9928E-005 9.9928E-005 9.9928E-005 0.0153452 9.9928E-005 0.983855 9.9928E-005 9.9928E-005 9.9928E-005
0.0432987 0.0355681 0.024384 0.00850583 0.140296 0.229487 0.442726 0.0156252 0.0551516 0.00495714
0.271108 0.00798807 0.00713883 0.00776379 0.109113 0.150562 0.160845 0.00115627 0.284224 9.9991E-005
0.00447207 9.9955E-005 9.9955E-005 9.9955E-005 0.0167252 0.00737303 0.970193 0.000736502 9.9955E-005 9.9955E-005
0.00697061 9.9955E-005 9.9955E-005 0.0028232 0.0324496 9.9955E-005 0.955204 9.9955E-005 0.00205259 9.9955E-005
0.00152356 0.000550781 9.9973E-005 9.9973E-005 0.0183531 0.00115512 0.974225 0.00176995 9.9973E-005 0.00212226
9.99467E-005 0.00272264 9.99467E-005 0.0453153 9.99467E-005 0.00337707 9.99467E-005 9.99467E-005 9.99467E-005 0.947985
0.0063378 9.9946E-005 9.9946E-005 9.9946E-005 0.00674083 0.0226993 0.963622 9.9946E-005 9.9946E-005 9.9946E-005
9.9946E-005 0.00172525 9.9946E-005 9.9946E-005 9.9946E-005 9.9946E-005 9.9946E-005 0.00270694 0.00348726 0.991481
9.99201E-005 9.99201E-005 9.99201E-005 9.99201E-005 9.99201E-005 9.99201E-005 0.999101 9.99201E-005 9.99201E-005 9.99201E-005
9.9928E-005 9.9928E-005 9.9928E-005 9.9928E-005 9.9928E-005 9.9928E-005 9.9928E-005 0.00616583 9.9928E-005 0.993035
0.997714 9.9928E-005 9.9928E-005 9.9928E-005 9.9928E-005 9.9928E-005 9.9928E-005 9.9928E-005 9.9928E-005 0.00148698
9.99201E-005 9.99201E-005 9.99201E-005 9.99201E-005 9.99201E-005 9.99201E-005 0.999101 9.99201E-005 9.99201E-005 9.99201E-005
0.938731 9.9946E-005 9.9946E-005 9.9946E-005 0.0114805 0.0182159 9.9946E-005 9.9946E-005 0.0309727 9.9946E-005
9.9937E-005 0.0010389 0.00279494 9.9937E-005 9.9937E-005 9.9937E-005 0.995467 9.9937E-005 9.9937E-005 9.9937E-005
9.9928E-005 0.000824322 9.9928E-005 9.9928E-005 9.9928E-005 9.9928E-005 0.998376 9.9928E-005 9.9928E-005 9.9928E-005
9.99201E-005 9.99201E-005 9.99201E-005 9.99201E-005 9.99201E-005 9.99201E-005 0.999101 9.99201E-005 9.99201E-005 9.99201E-005
9.99201E-005 9.99201E-005 9.99201E-005 9.99201E-005 9.99201E-005 9.99201E-005 0.999101 9.99201E-005 9.99201E-005 9.99201E-005
9.9937E-005 9.9937E-005 0.00201502 9.9937E-005 9.9937E-005 0.00126697 9.9937E-005 9.9937E-005 9.9937E-005 0.996018
9.9946E-005 9.9946E-005 9.9946E-005 9.9946E-005 0.0174979 0.969372 0.000143082 9.9946E-005 0.0123873 9.9946E-005
9.9937E-005 9.9937E-005 9.9937E-005 9.9937E-005 0.0166143 0.97521 9.9937E-005 9.9937E-005 0.00747573 9.9937E-005
0.015312 0.000165046 9.9973E-005 9.9973E-005 0.0146085 0.926776 0.03734 9.9973E-005 0.00323218 0.00226617
9.9946E-005 0.00128841 0.000134945 0.00385753 0.994119 9.9946E-005 9.9946E-005 9.9946E-005 9.9946E-005 9.9946E-005
9.9964E-005 0.0033867 9.9964E-005 9.9964E-005 0.00444326 0.00823608 0.00197674 0.0167827 9.9964E-005 0.964775
0.00484246 9.99591E-005 9.99591E-005 9.99591E-005 0.964288 0.0104601 0.0177737 9.99591E-005 0.00213561 9.99591E-005
9.99201E-005 9.99201E-005 9.99201E-005 9.99201E-005 0.999101 9.99201E-005 9.99201E-005 9.99201E-005 9.99201E-005 9.99201E-005
0.000963494 9.9973E-005 9.9973E-005 0.00144157 0.956942 0.0196071 0.0103 9.9973E-005 0.00993727 0.000508652
9.99201E-005 9.99201E-005 9.99201E-005 9.99201E-005 0.999101 9.99201E-005 9.99201E-005 9.99201E-005 9.99201E-005 9.99201E-005
9.99201E-005 9.99201E-005 9.99201E-005 9.99201E-005 0.999101 9.99201E-005 9.99201E-005 9.99201E-005 9.99201E-005 9.99201E-005
0.998944 0.000256837 9.9928E-005 9.9928E-005 9.9928E-005 9.9928E-005 9.9928E-005 9.9928E-005 9.9928E-005 9.9928E-005
0.999101 9.99201E-005 9.99201E-005 9.99201E-005 9.99201E-005 9.99201E-005 9.99201E-005 9.99201E-005 9.99201E-005 9.99201E-005
0.999101 9.99201E-005 9.99201E-005 9.99201E-005 9.99201E-005 9.99201E-005 9.99201E-005 9.99201E-005 9.99201E-005 9.99201E-005
0.996131 0.00306932 9.9928E-005 9.9928E-005 9.9928E-005 9.9928E-005 9.9928E-005 9.9928E-005 9.9928E-005 9.9928E-005
0.016009 9.9964E-005 9.9964E-005 9.9964E-005 0.940462 0.00716003 0.00236695 9.9964E-005 0.00636518 0.0272374
0.976046 9.9946E-005 9.9946E-005 9.9946E-005 0.00226654 0.0174666 0.00362167 9.9946E-005 9.9946E-005 9.9946E-005
9.99201E-005 9.99201E-005 9.99201E-005 9.99201E-005 0.999101 9.99201E-005 9.99201E-005 9.99201E-005 9.99201E-005 9.99201E-005
0.0105582 9.9955E-005 9.9955E-005 9.9955E-005 0.969791 0.000996698 0.0127755 9.9955E-005 0.00537903 9.9955E-005
9.9928E-005 9.9928E-005 9.9928E-005 9.9928E-005 0.983248 9.9928E-005 0.0159527 9.9928E-005 9.9928E-005 9.9928E-005
0.00311509 9.9946E-005 9.9946E-005 9.9946E-005 0.980016 0.00482726 0.0114425 9.9946E-005 9.9946E-005 9.9946E-005
9.9937E-005 9.9937E-005 9.9937E-005 9.9937E-005 0.979608 0.0173983 0.0022945 9.9937E-005 9.9937E-005 9.9937E-005
0.00253113 0.0010598 9.9964E-005 0.000287496 0.990282 9.9964E-005 9.9964E-005 0.00297533 0.00246403 9.9964E-005
0.00106451 9.9964E-005 0.00114577 9.9964E-005 0.972435 0.0147814 0.00784681 9.9964E-005 0.00232678 9.9964E-005
0.000205199 9.9955E-005 0.000125921 9.9955E-005 0.960381 0.0112745 0.0275136 9.9955E-005 9.9955E-005 9.9955E-005
9.9946E-005 9.9946E-005 0.00267391 9.9946E-005 0.962389 0.0220001 9.9946E-005 9.9946E-005 0.0123373 9.9946E-005
0.00370654 9.9955E-005 9.9955E-005 0.000921767 0.963254 0.0224679 0.00915028 9.9955E-005 9.9955E-005 9.9955E-005
9.9955E-005 0.00171693 0.00027325 0.00038213 0.988736 9.9955E-005 9.9955E-005 9.9955E-005 0.00839217 9.9955E-005
0.00596629 9.9937E-005 9.9937E-005 9.9937E-005 0.987473 9.9937E-005 9.9937E-005 9.9937E-005 0.00586124 9.9937E-005
0.00666714 9.9946E-005 9.9946E-005 9.9946E-005 0.967318 0.00778181 0.0176337 9.9946E-005 9.9946E-005 9.9946E-005
0.00356742 9.9955E-005 9.9955E-005 9.9955E-005 0.956423 0.03165 0.00477616 0.00308338 9.9955E-005 9.9955E-005
0.00681821 9.9946E-005 9.9946E-005 9.9946E-005 0.980572 9.9946E-005 0.0102058 9.9946E-005 0.00180467 9.9946E-005
9.9964E-005 0.012407 9.9964E-005 9.9964E-005 0.94347 0.0233913 0.00373675 0.0125777 0.00401746 9.9964E-005
9.9946E-005 9.9946E-005 0.969864 9.9946E-005 9.9946E-005 0.00115531 9.9946E-005 0.0186554 9.9946E-005 0.00972518
9.99424E-005 9.99424E-005 0.990677 9.99424E-005 0.00144785 9.99424E-005 9.99424E-005 0.00717585 9.99424E-005 9.99424E-005
0.00121881 0.00188675 0.992996 0.00167672 0.00172183 9.9955E-005 9.9955E-005 9.9955E-005 9.9955E-005 9.9955E-005
0.00873708 0.00866455 0.00278723 0.00211755 0.968599 0.00412262 9.9982E-005 0.00274949 0.00202224 9.9982E-005
0.252978 0.0201722 0.000497704 0.0272938 0.122417 0.134055 0.135635 0.0213879 0.285464 9.9991E-005
9.9928E-005 0.997806 9.9928E-005 9.9928E-005 9.9928E-005 0.00139429 9.9928E-005 9.9928E-005 9.9928E-005 9.9928E-005
9.9928E-005 0.998754 9.9928E-005 9.9928E-005 9.9928E-005 9.9928E-005 9.9928E-005 9.9928E-005 0.000446551 9.9928E-005
9.99201E-005 0.999101 9.99201E-005 9.99201E-005 9.99201E-005 9.99201E-005 9.99201E-005 9.99201E-005 9.99201E-005 9.99201E-005
9.9955E-005 0.988176 0.0010543 0.00524695 9.9955E-005 9.9955E-005 9.9955E-005 0.00442833 9.9955E-005 0.000594635
9.99201E-005 0.999101 9.99201E-005 9.99201E-005 9.99201E-005 9.99201E-005 9.99201E-005 9.99201E-005 9.99201E-005 9.99201E-005
9.99201E-005 0.999101 9.99201E-005 9.99201E-005 9.99201E-005 9.99201E-005 9.99201E-005 9.99201E-005 9.99201E-005 9.99201E-005
9.9928E-005 9.9928E-005 0.0247427 9.9928E-005 9.9928E-005 9.9928E-005 9.9928E-005 0.974458 9.9928E-005 9.9928E-005
9.9928E-005 0.998913 9.9928E-005 9.9928E-005 9.9928E-005 9.9928E-005 9.9928E-005 9.9928E-005 0.000287191 9.9928E-005
9.9937E-005 9.9937E-005 0.99743 9.9937E-005 0.00134754 0.0005233 9.9937E-005 9.9937E-005 9.9937E-005 9.9937E-005
0.00124212 0.976485 0.00127782 9.9973E-005 9.9973E-005 0.00523799 9.9973E-005 0.00218257 0.0101808 0.00309374
9.9946E-005 0.992628 0.00293876 0.00328796 9.9946E-005 9.9946E-005 9.9946E-005 0.000545682 9.9946E-005 9.9946E-005
9.99201E-005 0.999101 9.99201E-005 9.99201E-005 9.99201E-005 9.99201E-005 9.99201E-005 9.99201E-005 9.99201E-005 9.99201E-005
9.9937E-005 0.996061 0.00136823 9.9937E-005 9.9937E-005 9.9937E-005 9.9937E-005 9.9937E-005 0.00187146 9.9937E-005
0.00666023 0.000285323 0.00210212 0.000809288 0.964067 0.0111189 0.005975 9.9982E-005 0.00878266 9.9982E-005
9.99201E-005 0.999101 9.99201E-005 9.99201E-005 9.99201E-005 9.99201E-005 9.99201E-005 9.99201E-005 9.99201E-005 9.99201E-005
9.9946E-005 0.00348761 0.987759 0.00784372 9.9946E-005 9.9946E-005 0.000310279 9.9946E-005 9.9946E-005 9.9946E-005
9.9955E-005 9.9955E-005 0.00232016 0.00121052 0.979813 9.9955E-005 0.0127057 9.9955E-005 9.9955E-005 0.00345074
9.9946E-005 9.9946E-005 9.9946E-005 9.9946E-005 0.0162987 0.982174 9.9946E-005 9.9946E-005 0.000763568 0.000164579
9.9937E-005 0.993302 9.9937E-005 9.9937E-005 0.00186033 9.9937E-005 9.9937E-005 0.00413854 9.9937E-005 9.9937E-005
9.9937E-005 9.9937E-005 9.9937E-005 0.00816722 9.9937E-005 9.9937E-005 0.000441948 9.9937E-005 9.9937E-005 0.990691
9.9955E-005 0.00595818 9.9955E-005 0.0208677 0.00345953 9.9955E-005 0.000744259 9.9955E-005 9.9955E-005 0.968471
9.99201E-005 9.99201E-005 9.99201E-005 9.99201E-005 9.99201E-005 0.999101 9.99201E-005 9.99201E-005 9.99201E-005 9.99201E-005
9.9928E-005 9.9928E-005 9.9928E-005 0.031599 9.9928E-005 9.9928E-005 9.9928E-005 9.9928E-005 9.9928E-005 0.967602
0.000893547 9.9964E-005 9.9964E-005 0.000102228 0.980905 0.00356843 0.0122174 0.00191328 9.9964E-005 9.9964E-005
9.9937E-005 9.9937E-005 9.9937E-005 9.9937E-005 0.981562 0.00543265 0.0123058 9.9937E-005 9.9937E-005 9.9937E-005
0.00234854 0.00273832 9.9982E-005 0.00233727 0.938044 0.0161104 0.0316942 0.00409215 0.00243535 9.9982E-005
0.000882489 9.9937E-005 9.9937E-005 9.9937E-005 0.99434 9.9937E-005 0.00407756 9.9937E-005 9.9937E-005 9.9937E-005
0.00108955 9.9964E-005 9.9964E-005 0.00135864 0.963316 0.0248872 0.00798924 0.00095963 9.9964E-005 9.9964E-005
9.9964E-005 0.00417306 9.9964E-005 9.9964E-005 0.963634 0.0209837 0.00115627 0.00684792 0.00280571 9.9964E-005
9.9928E-005 9.9928E-005 9.9928E-005 9.9928E-005 0.992629 9.9928E-005 9.9928E-005 9.9928E-005 0.006572 9.9928E-005
9.99201E-005 9.99201E-005 9.99201E-005 9.99201E-005 9.99201E-005 0.999101 9.99201E-005 9.99201E-005 9.99201E-005 9.99201E-005
9.9928E-005 9.9928E-005 9.9928E-005 9.9928E-005 9.9928E-005 0.996865 9.9928E-005 0.00233549 9.9928E-005 9.9928E-005
9.9928E-005 9.9928E-005 9.9928E-005 9.9928E-005 0.997019 0.00218152 9.9928E-005 9.9928E-005 9.9928E-005 9.9928E-005
9.9946E-005 9.9946E-005 0.980171 9.9946E-005 9.9946E-005 0.00478751 9.9946E-005 0.00980853 9.9946E-005 0.00463285
9.99201E-005 9.99201E-005 9.99201E-005 9.99201E-005 9.99201E-005 9.99201E-005 9.99201E-005 0.999101 9.99201E-005 9.99201E-005
9.99201E-005 9.99201E-005 9.99201E-005 9.99201E-005 9.99201E-005 9.99201E-005 9.99201E-005 0.999101 9.99201E-005 9.99201E-005
0.03773 0.0501521 9.9982E-005 9.9982E-005 0.0701857 0.0733069 0.0147987 0.730158 0.0105875 0.0128812
9.9928E-005 9.9928E-005 0.0416102 9.9928E-005 9.9928E-005 9.9928E-005 9.9928E-005 0.95759 9.9928E-005 9.9928E-005
9.9955E-005 0.00691706 0.977085 9.9955E-005 9.9955E-005 0.0105495 0.00172392 9.9955E-005 9.9955E-005 0.00322435
9.99371E-005 9.99371E-005 0.994815 9.99371E-005 9.99371E-005 0.00281167 9.99371E-005 9.99371E-005 9.99371E-005 0.00167371
9.99201E-005 9.99201E-005 0.999101 9.99201E-005 9.99201E-005 9.99201E-005 9.99201E-005 9.99201E-005 9.99201E-005 9.99201E-005
9.9928E-005 9.9928E-005 0.0167376 9.9928E-005 9.9928E-005 9.9928E-005 9.9928E-005 0.982463 9.9928E-005 9.9928E-005
9.99201E-005 9.99201E-005 9.99201E-005 9.99201E-005 9.99201E-005 0.999101 9.99201E-005 9.99201E-005 9.99201E-005 9.99201E-005
9.9937E-005 0.000442332 9.9937E-005 9.9937E-005 9.9937E-005 9.9937E-005 9.9937E-005 0.00388406 9.9937E-005 0.994974
0.0484235 0.07837 0.0611452 0.0384791 0.124272 0.568038 0.0201574 0.0186231 0.0273028 0.0151881
0.00662912 9.9937E-005 9.9937E-005 9.9937E-005 9.9937E-005 0.991635 9.9937E-005 9.9937E-005 0.00103651 9.9937E-005
0.00349829 9.9964E-005 9.9964E-005 9.9964E-005 0.0145307 0.97602 0.00337042 0.000262467 0.00191842 9.9964E-005
9.9937E-005 9.9937E-005 9.9937E-005 9.9937E-005 9.9937E-005 0.00207877 9.9937E-005 0.00830747 9.9937E-005 0.988914
9.9928E-005 0.997191 9.9928E-005 9.9928E-005 9.9928E-005 9.9928E-005 9.9928E-005 9.9928E-005 9.9928E-005 0.00200993
0.0341079 9.9964E-005 9.9964E-005 0.00276776 0.641139 0.142715 0.147661 9.9964E-005 0.0312097 9.9964E-005
9.99201E-005 9.99201E-005 9.99201E-005 9.99201E-005 9.99201E-005 0.999101 9.99201E-005 9.99201E-005 9.99201E-005 9.99201E-005
9.99201E-005 9.99201E-005 9.99201E-005 9.99201E-005 9.99201E-005 0.999101 9.99201E-005 9.99201E-005 9.99201E-005 9.99201E-005
9.99201E-005 9.99201E-005 9.99201E-005 9.99201E-005 9.99201E-005 0.999101 9.99201E-005 9.99201E-005 9.99201E-005 9.99201E-005
9.99281E-005 9.99281E-005 9.99281E-005 9.99281E-005 9.99281E-005 0.996351 9.99281E-005 0.00284979 9.99281E-005 9.99281E-005
9.99201E-005 9.99201E-005 9.99201E-005 9.99201E-005 9.99201E-005 0.999101 9.99201E-005 9.99201E-005 9.99201E-005 9.99201E-005
9.99201E-005 9.99201E-005 9.99201E-005 9.99201E-005 9.99201E-005 0.999101 9.99201E-005 9.99201E-005 9.99201E-005 9.99201E-005
