0.0184466 0.0267745 0.891496 0.0060809 9.9964E-005 0.0138375 9.9964E-005 9.9964E-005 0.00528277 0.000529017 0.0371526 9.9964E-005
0.0256271 0.0215795 0.890067 0.00740459 0.00152629 0.0107495 0.00142468 9.9982E-005 0.0133682 9.9982E-005 0.0269406 0.00111316
0.0211898 0.0109528 0.00496977 0.0464103 9.9991E-005 0.0124236 0.0143753 0.0011333 0.00256495 0.0019191 0.882694 0.00126732
0.0222419 9.9946E-005 0.00647743 0.0601538 9.9946E-005 0.0140599 0.00514896 9.9946E-005 9.9946E-005 9.9946E-005 0.891318 9.9946E-005
0.0244371 9.9973E-005 0.00748172 0.0342786 0.00523106 9.9973E-005 9.9973E-005 0.000134845 0.00453402 0.000457026 0.91907 0.00407533
0.00192495 9.99101E-005 9.99101E-005 9.99101E-005 9.99101E-005 9.99101E-005 9.99101E-005 9.99101E-005 9.99101E-005 9.99101E-005 0.997076 9.99101E-005
9.99011E-005 9.99011E-005 9.99011E-005 9.99011E-005 9.99011E-005 9.99011E-005 9.99011E-005 9.99011E-005 9.99011E-005 9.99011E-005 0.998901 9.99011E-005
9.99011E-005 9.99011E-005 9.99011E-005 9.99011E-005 9.99011E-005 9.99011E-005 9.99011E-005 9.99011E-005 9.99011E-005 9.99011E-005 0.998901 9.99011E-005
0.000356637 0.000662631 9.9937E-005 9.9937E-005 9.9937E-005 9.9937E-005 9.9937E-005 0.985186 9.9937E-005 9.9937E-005 0.00482331 0.00827168
0.987411 9.9928E-005 0.00367172 9.9928E-005 0.00317264 9.9928E-005 9.9928E-005 9.9928E-005 9.9928E-005 9.9928E-005 9.9928E-005 0.00494559
0.993696 9.9928E-005 9.9928E-005 9.9928E-005 0.000230918 9.9928E-005 9.9928E-005 9.9928E-005 9.9928E-005 0.00337668 9.9928E-005 0.00189724
9.9937E-005 0.0461992 9.9937E-005 9.9937E-005 0.0285591 9.9937E-005 9.9937E-005 0.0882478 9.9937E-005 0.785499 9.9937E-005 0.0507951
0.993702 9.9928E-005 9.9928E-005 9.9928E-005 9.9928E-005 9.9928E-005 9.9928E-005 0.000467451 9.9928E-005 0.00139077 9.9928E-005 0.00364051
0.992856 9.99191E-005 0.00276685 9.99191E-005 9.99191E-005 9.99191E-005 9.99191E-005 9.99191E-005 9.99191E-005 0.00347806 9.99191E-005 9.99191E-005
0.995294 9.99101E-005 9.99101E-005 9.99101E-005 9.99101E-005 9.99101E-005 9.99101E-005 9.99101E-005 9.99101E-005 0.00370691 9.99101E-005 9.99101E-005
0.994006 9.99281E-005 0.00151911 9.99281E-005 9.99281E-005 9.99281E-005 9.99281E-005 9.99281E-005 9.99281E-005 0.00113365 9.99281E-005 0.00254164
9.9937E-005 0.0493366 9.9937E-005 9.9937E-005 0.0318564 9.9937E-005 9.9937E-005 0.0883608 9.9937E-005 0.781999 9.9937E-005 0.0477477
0.00514693 0.00258857 0.00538387 0.96005 9.9946E-005 0.00206765 9.9946E-005 9.9946E-005 9.9946E-005 9.9946E-005 0.0241632 9.9946E-005
9.99011E-005 9.99011E-005 0.998901 9.99011E-005 9.99011E-005 9.99011E-005 9.99011E-005 9.99011E-005 9.99011E-005 9.99011E-005 9.99011E-005 9.99011E-005
0.00605015 9.9928E-005 0.988488 9.9928E-005 9.9928E-005 9.9928E-005 0.00410699 9.9928E-005 9.9928E-005 9.9928E-005 9.9928E-005 0.000555847
9.99011E-005 9.99011E-005 0.998901 9.99011E-005 9.99011E-005 9.99011E-005 9.99011E-005 9.99011E-005 9.99011E-005 9.99011E-005 9.99011E-005 9.99011E-005
9.99011E-005 9.99011E-005 0.998901 9.99011E-005 9.99011E-005 9.99011E-005 9.99011E-005 9.99011E-005 9.99011E-005 9.99011E-005 9.99011E-005 9.99011E-005
9.9928E-005 9.9928E-005 0.995731 9.9928E-005 0.00156313 9.9928E-005 9.9928E-005 9.9928E-005 9.9928E-005 0.00115388 9.9928E-005 0.000752405
9.9928E-005 9.9928E-005 0.99827 9.9928E-005 9.9928E-005 9.9928E-005 9.9928E-005 9.9928E-005 0.000111795 0.000144768 0.000673673 9.9928E-005
9.99101E-005 9.99101E-005 0.998167 9.99101E-005 9.99101E-005 0.000833486 9.99101E-005 9.99101E-005 9.99101E-005 9.99101E-005 9.99101E-005 9.99101E-005
9.99011E-005 9.99011E-005 0.998901 9.99011E-005 9.99011E-005 9.99011E-005 9.99011E-005 9.99011E-005 9.99011E-005 9.99011E-005 9.99011E-005 9.99011E-005
9.99101E-005 9.99101E-005 0.994846 0.00415466 9.99101E-005 9.99101E-005 9.99101E-005 9.99101E-005 9.99101E-005 9.99101E-005 9.99101E-005 9.99101E-005
9.99227E-005 9.99227E-005 0.995788 9.99227E-005 9.99227E-005 9.99227E-005 9.99227E-005 0.000833923 9.99227E-005 9.99227E-005 9.99227E-005 0.00247909
9.994E-005 0.00224975 0.0194794 9.994E-005 9.994E-005 0.0819287 9.994E-005 0.00328929 0.890302 9.994E-005 0.0021513 9.994E-005
9.9937E-005 0.00173029 0.00528526 9.9937E-005 9.9937E-005 0.0755443 9.9937E-005 9.9937E-005 0.899409 9.9937E-005 0.0173314 9.9937E-005
9.99011E-005 9.99011E-005 9.99011E-005 9.99011E-005 9.99011E-005 9.99011E-005 9.99011E-005 9.99011E-005 0.998901 9.99011E-005 9.99011E-005 9.99011E-005
9.99011E-005 9.99011E-005 9.99011E-005 9.99011E-005 9.99011E-005 9.99011E-005 9.99011E-005 9.99011E-005 0.998901 9.99011E-005 9.99011E-005 9.99011E-005
9.99011E-005 9.99011E-005 9.99011E-005 9.99011E-005 9.99011E-005 9.99011E-005 9.99011E-005 9.99011E-005 0.998901 9.99011E-005 9.99011E-005 9.99011E-005
9.99011E-005 9.99011E-005 9.99011E-005 0.998901 9.99011E-005 9.99011E-005 9.99011E-005 9.99011E-005 9.99011E-005 9.99011E-005 9.99011E-005 9.99011E-005
9.99011E-005 9.99011E-005 9.99011E-005 0.998901 9.99011E-005 9.99011E-005 9.99011E-005 9.99011E-005 9.99011E-005 9.99011E-005 9.99011E-005 9.99011E-005
9.99011E-005 9.99011E-005 9.99011E-005 0.998901 9.99011E-005 9.99011E-005 9.99011E-005 9.99011E-005 9.99011E-005 9.99011E-005 9.99011E-005 9.99011E-005
9.99011E-005 9.99011E-005 9.99011E-005 0.998901 9.99011E-005 9.99011E-005 9.99011E-005 9.99011E-005 9.99011E-005 9.99011E-005 9.99011E-005 9.99011E-005
9.99011E-005 9.99011E-005 9.99011E-005 9.99011E-005 9.99011E-005 9.99011E-005 9.99011E-005 9.99011E-005 9.99011E-005 0.998901 9.99011E-005 9.99011E-005
0.01108 9.9928E-005 9.9928E-005 0.00257034 9.9928E-005 9.9928E-005 0.00409129 9.9928E-005 0.981459 9.9928E-005 9.9928E-005 9.9928E-005
0.00403237 9.9946E-005 9.9946E-005 0.000800895 9.9946E-005 9.9946E-005 0.00354116 0.000595896 0.988696 9.9946E-005 9.9946E-005 0.00173433
0.00376005 9.9928E-005 9.9928E-005 9.9928E-005 9.9928E-005 9.9928E-005 9.9928E-005 0.00346565 0.991426 0.000548647 9.9928E-005 9.9928E-005
9.9937E-005 0.00348204 9.9937E-005 9.9937E-005 0.00212299 9.9937E-005 9.9937E-005 9.9937E-005 0.99085 0.000385008 9.9937E-005 0.00246064
9.9928E-005 9.9928E-005 0.00388068 9.9928E-005 9.9928E-005 9.9928E-005 0.000575339 0.988575 9.9928E-005 9.9928E-005 9.9928E-005 0.0061694
9.9946E-005 9.9946E-005 0.00626094 0.00243755 0.0582601 0.000560529 9.9946E-005 0.919736 9.9946E-005 0.0121449 9.9946E-005 9.9946E-005
9.9928E-005 9.9928E-005 0.00126297 9.9928E-005 9.9928E-005 9.9928E-005 9.9928E-005 0.99461 9.9928E-005 0.00028558 9.9928E-005 0.00304232
0.00218292 9.9946E-005 9.9946E-005 0.0058139 0.00142446 0.0012982 0.00459677 0.984084 9.9946E-005 9.9946E-005 9.9946E-005 9.9946E-005
9.9937E-005 9.9937E-005 9.9937E-005 9.9937E-005 9.9937E-005 0.00574332 9.9937E-005 0.989742 0.00216116 0.000762467 9.9937E-005 0.000891335
9.9928E-005 9.9928E-005 9.9928E-005 9.9928E-005 0.00348316 0.0028434 9.9928E-005 0.988461 0.00441279 9.9928E-005 9.9928E-005 9.9928E-005
9.99101E-005 9.99101E-005 9.99101E-005 9.99101E-005 9.99101E-005 9.99101E-005 9.99101E-005 0.995209 9.99101E-005 9.99101E-005 9.99101E-005 0.00379142
9.9928E-005 9.9928E-005 9.9928E-005 9.9928E-005 0.00821001 9.9928E-005 9.9928E-005 0.978067 9.9928E-005 0.0114701 0.00145386 9.9928E-005
0.974136 0.00691283 9.99191E-005 9.99191E-005 9.99191E-005 9.99191E-005 0.018052 9.99191E-005 9.99191E-005 9.99191E-005 9.99191E-005 9.99191E-005
0.960843 0.00645713 0.0115617 9.9964E-005 0.00284081 0.00635282 9.9964E-005 0.000303449 9.9964E-005 9.9964E-005 0.00970817 0.00153315
0.94689 9.9955E-005 0.00504298 0.00706543 9.9955E-005 0.00368393 9.9955E-005 0.00122044 0.00279453 9.9955E-005 0.0328029 9.9955E-005
0.990407 9.99101E-005 9.99101E-005 0.00859383 9.99101E-005 9.99101E-005 9.99101E-005 9.99101E-005 9.99101E-005 9.99101E-005 9.99101E-005 9.99101E-005
0.988579 9.9928E-005 9.9928E-005 9.9928E-005 0.00228717 9.9928E-005 9.9928E-005 0.00375349 9.9928E-005 9.9928E-005 9.9928E-005 0.00458131
0.998901 9.99011E-005 9.99011E-005 9.99011E-005 9.99011E-005 9.99011E-005 9.99011E-005 9.99011E-005 9.99011E-005 9.99011E-005 9.99011E-005 9.99011E-005
9.99011E-005 9.99011E-005 9.99011E-005 9.99011E-005 9.99011E-005 9.99011E-005 9.99011E-005 9.99011E-005 9.99011E-005 9.99011E-005 9.99011E-005 0.998901
9.99011E-005 9.99011E-005 9.99011E-005 9.99011E-005 9.99011E-005 9.99011E-005 9.99011E-005 0.998901 9.99011E-005 9.99011E-005 9.99011E-005 9.99011E-005
9.9928E-005 9.9928E-005 9.9928E-005 0.00585336 9.9928E-005 9.9928E-005 9.9928E-005 9.9928E-005 9.9928E-005 0.00131482 0.00411432 0.987918
9.99011E-005 9.99011E-005 9.99011E-005 9.99011E-005 9.99011E-005 9.99011E-005 9.99011E-005 0.998901 9.99011E-005 9.99011E-005 9.99011E-005 9.99011E-005
9.99011E-005 9.99011E-005 9.99011E-005 9.99011E-005 9.99011E-005 9.99011E-005 9.99011E-005 0.998901 9.99011E-005 9.99011E-005 9.99011E-005 9.99011E-005
0.0126312 9.9955E-005 0.0114894 0.0282821 9.9955E-005 0.016501 9.9955E-005 0.00517609 0.00886548 9.9955E-005 0.916555 9.9955E-005
9.99011E-005 9.99011E-005 9.99011E-005 9.99011E-005 9.99011E-005 9.99011E-005 9.99011E-005 9.99011E-005 9.99011E-005 9.99011E-005 0.998901 9.99011E-005
9.9928E-005 9.9928E-005 9.9928E-005 0.0114837 9.9928E-005 9.9928E-005 0.000993039 9.9928E-005 9.9928E-005 9.9928E-005 0.986397 0.000326552
0.0257811 0.00464358 0.0019148 0.0251528 9.9973E-005 9.9973E-005 9.9973E-005 0.00321327 0.00542318 0.00156913 0.929952 0.00205038
0.0324564 9.9964E-005 0.00346116 0.0166282 0.000228658 9.9964E-005 9.9964E-005 9.9964E-005 0.00231783 0.0027617 0.938 0.00374576
0.00230343 9.9928E-005 0.00532172 9.9928E-005 9.9928E-005 0.00482811 9.9928E-005 9.9928E-005 9.9928E-005 9.9928E-005 0.986747 9.9928E-005
0.00233669 9.99191E-005 9.99191E-005 9.99191E-005 9.99191E-005 9.99191E-005 9.99191E-005 0.99472 9.99191E-005 0.00204388 9.99191E-005 9.99191E-005
9.9946E-005 0.00160105 0.00336799 9.9946E-005 0.0453123 0.00276896 9.9946E-005 0.940099 9.9946E-005 9.9946E-005 9.9946E-005 0.00625096
9.99011E-005 9.99011E-005 9.99011E-005 9.99011E-005 9.99011E-005 9.99011E-005 9.99011E-005 0.998901 9.99011E-005 9.99011E-005 9.99011E-005 9.99011E-005
9.99191E-005 0.00328739 9.99191E-005 9.99191E-005 9.99191E-005 9.99191E-005 9.99191E-005 0.993458 9.99191E-005 9.99191E-005 9.99191E-005 0.00235551
9.99101E-005 9.99101E-005 0.000593272 9.99101E-005 9.99101E-005 9.99101E-005 9.99101E-005 0.998408 9.99101E-005 9.99101E-005 9.99101E-005 9.99101E-005
9.99101E-005 9.99101E-005 9.99101E-005 9.99101E-005 0.00643728 9.99101E-005 9.99101E-005 0.992564 9.99101E-005 9.99101E-005 9.99101E-005 9.99101E-005
9.99191E-005 9.99191E-005 9.99191E-005 9.99191E-005 0.0630468 9.99191E-005 9.99191E-005 0.930962 9.99191E-005 0.00509161 9.99191E-005 9.99191E-005
0.00156315 9.9955E-005 0.00146632 9.9955E-005 0.0809088 0.00227691 9.9955E-005 0.897629 9.9955E-005 0.012891 0.00276552 9.9955E-005
9.9937E-005 9.9937E-005 9.9937E-005 9.9937E-005 0.0685451 9.9937E-005 9.9937E-005 0.91879 0.000305963 0.0073037 9.9937E-005 0.00435528
9.9928E-005 0.00478618 0.0035217 9.9928E-005 9.9928E-005 9.9928E-005 9.9928E-005 0.989005 9.9928E-005 9.9928E-005 0.0018879 9.9928E-005
0.000814895 9.99435E-005 9.99435E-005 9.99435E-005 0.0633737 9.99435E-005 9.99435E-005 0.915561 9.99435E-005 0.0178816 9.99435E-005 0.00166907
9.99281E-005 9.99281E-005 9.99281E-005 9.99281E-005 0.0869766 9.99281E-005 0.00285481 0.895374 9.99281E-005 0.0139948 9.99281E-005 9.99281E-005
0.000307048 0.00131766 0.000273373 9.9973E-005 0.0526816 0.000374519 9.9973E-005 0.922877 0.00502112 0.00604245 9.9973E-005 0.0108057
9.9928E-005 9.9928E-005 9.9928E-005 9.9928E-005 0.0750948 9.9928E-005 9.9928E-005 0.916104 9.9928E-005 0.00576162 9.9928E-005 0.00224002
0.0337844 0.00198415 0.00629797 0.0597863 9.9955E-005 0.0108492 9.9955E-005 9.9955E-005 9.9955E-005 9.9955E-005 0.884858 0.00193989
0.0192609 9.9946E-005 0.0079775 0.912452 9.9946E-005 0.00722913 9.9946E-005 9.9946E-005 0.00267288 9.9946E-005 0.0498083 9.9946E-005
0.00183267 0.000960105 9.9928E-005 0.996295 9.9928E-005 9.9928E-005 9.9928E-005 9.9928E-005 9.9928E-005 9.9928E-005 9.9928E-005 0.000113064
9.9928E-005 9.9928E-005 9.9928E-005 9.9928E-005 0.00594231 9.9928E-005 0.000516529 0.00203007 9.9928E-005 0.990712 9.9928E-005 9.9928E-005
9.99011E-005 9.99011E-005 9.99011E-005 9.99011E-005 9.99011E-005 9.99011E-005 9.99011E-005 9.99011E-005 9.99011E-005 0.998901 9.99011E-005 9.99011E-005
0.0194617 0.00600276 0.00218109 0.959061 9.9955E-005 9.9955E-005 0.0108789 9.9955E-005 9.9955E-005 0.000538359 0.0013761 9.9955E-005
0.110479 0.00968317 0.0284176 0.413394 9.9964E-005 0.0235904 0.174594 9.9964E-005 0.00672759 9.9964E-005 0.232715 9.9964E-005
0.0307643 9.9973E-005 0.0158773 0.163494 9.9973E-005 0.00139558 0.750712 0.00919174 0.0129083 0.00369946 9.9973E-005 0.0116581
9.99011E-005 9.99011E-005 9.99011E-005 9.99011E-005 9.99011E-005 0.998901 9.99011E-005 9.99011E-005 9.99011E-005 9.99011E-005 9.99011E-005 9.99011E-005
9.9946E-005 9.9946E-005 0.000850347 0.000161007 0.00142942 0.983457 9.9946E-005 9.9946E-005 0.0088107 9.9946E-005 0.00469181 9.9946E-005
9.99011E-005 9.99011E-005 9.99011E-005 9.99011E-005 9.99011E-005 9.99011E-005 9.99011E-005 9.99011E-005 9.99011E-005 0.998901 9.99011E-005 9.99011E-005
9.99011E-005 9.99011E-005 9.99011E-005 9.99011E-005 9.99011E-005 9.99011E-005 9.99011E-005 9.99011E-005 9.99011E-005 0.998901 9.99011E-005 9.99011E-005
9.9928E-005 9.9928E-005 9.9928E-005 0.000369173 9.9928E-005 0.993919 0.0021538 9.9928E-005 9.9928E-005 9.9928E-005 0.00275905 9.9928E-005
0.111101 0.00476908 0.0282029 0.415007 9.9964E-005 0.0231008 0.129483 9.9964E-005 0.0134126 9.9964E-005 0.274523 9.9964E-005
9.99011E-005 9.99011E-005 9.99011E-005 9.99011E-005 9.99011E-005 9.99011E-005 9.99011E-005 9.99011E-005 9.99011E-005 0.998901 9.99011E-005 9.99011E-005
9.99011E-005 9.99011E-005 9.99011E-005 9.99011E-005 9.99011E-005 0.998901 9.99011E-005 9.99011E-005 9.99011E-005 9.99011E-005 9.99011E-005 9.99011E-005
0.0277114 0.0105237 0.0010482 0.920441 0.00461295 9.9964E-005 0.0199734 9.9964E-005 0.0108746 9.9964E-005 9.9964E-005 0.00441455
0.0143055 9.9928E-005 9.9928E-005 0.965177 9.9928E-005 0.00231972 9.9928E-005 9.9928E-005 9.9928E-005 9.9928E-005 0.0173983 9.9928E-005
0.135967 0.0692818 0.0220049 0.429132 0.0180216 9.9991E-005 0.0517808 0.0177933 0.0190635 0.00336157 0.193027 0.0404676
0.0846987 0.142359 0.225964 0.121105 9.9982E-005 0.18374 0.00165974 0.00215419 0.110029 9.9982E-005 0.121561 0.00652837
0.0150539 0.00308634 9.9946E-005 0.946606 9.9946E-005 9.9946E-005 0.00585541 9.9946E-005 0.00951464 9.9946E-005 0.0192838 9.9946E-005
0.0256075 9.99664E-005 0.00440181 0.941309 9.99664E-005 0.0109167 0.00159913 9.99664E-005 0.00147768 0.00105973 0.0132283 9.99664E-005
0.0224353 0.00148934 9.9946E-005 0.956548 9.9946E-005 9.9946E-005 0.015028 9.9946E-005 9.9946E-005 9.9946E-005 0.00359589 0.000303383
9.9937E-005 9.9937E-005 0.00477491 9.9937E-005 9.9937E-005 0.00124313 9.9937E-005 9.9937E-005 0.00281734 0.984108 9.9937E-005 0.00635744
0.0121742 0.00155859 0.00221719 0.947427 9.9973E-005 0.00169944 9.9973E-005 0.000601991 0.0096713 0.00182189 0.0225282 9.9973E-005
9.99191E-005 0.00125642 9.99191E-005 9.99191E-005 0.000897096 9.99191E-005 9.99191E-005 9.99191E-005 9.99191E-005 0.996947 9.99191E-005 9.99191E-005
9.99011E-005 9.99011E-005 9.99011E-005 0.998901 9.99011E-005 9.99011E-005 9.99011E-005 9.99011E-005 9.99011E-005 9.99011E-005 9.99011E-005 9.99011E-005
9.99101E-005 9.99101E-005 9.99101E-005 9.99101E-005 9.99101E-005 9.99101E-005 9.99101E-005 0.00369529 9.99101E-005 0.995306 9.99101E-005 9.99101E-005
0.00101988 9.9937E-005 9.9937E-005 9.9937E-005 9.9937E-005 9.9937E-005 0.0040566 9.9937E-005 0.990916 0.00141301 0.00189532 9.9937E-005
9.99011E-005 9.99011E-005 9.99011E-005 0.998901 9.99011E-005 9.99011E-005 9.99011E-005 9.99011E-005 9.99011E-005 9.99011E-005 9.99011E-005 9.99011E-005
0.00152732 9.9937E-005 0.031612 9.9937E-005 9.9937E-005 0.0943218 9.9937E-005 9.9937E-005 0.844077 9.9937E-005 0.0277622 9.9937E-005
9.99101E-005 9.99101E-005 9.99101E-005 0.99864 0.000361236 9.99101E-005 9.99101E-005 9.99101E-005 9.99101E-005 9.99101E-005 9.99101E-005 9.99101E-005
9.9928E-005 9.9928E-005 0.00796412 0.988578 9.9928E-005 9.9928E-005 9.9928E-005 0.000715021 9.9928E-005 9.9928E-005 9.9928E-005 0.00194333
9.99011E-005 9.99011E-005 9.99011E-005 0.998901 9.99011E-005 9.99011E-005 9.99011E-005 9.99011E-005 9.99011E-005 9.99011E-005 9.99011E-005 9.99011E-005
9.99011E-005 9.99011E-005 9.99011E-005 0.998901 9.99011E-005 9.99011E-005 9.99011E-005 9.99011E-005 9.99011E-005 9.99011E-005 9.99011E-005 9.99011E-005
9.99011E-005 9.99011E-005 9.99011E-005 9.99011E-005 9.99011E-005 9.99011E-005 9.99011E-005 9.99011E-005 9.99011E-005 0.998901 9.99011E-005 9.99011E-005
0.0243573 0.000600172 0.0140227 9.9937E-005 9.9937E-005 9.9937E-005 0.00239769 9.9937E-005 9.9937E-005 9.9937E-005 0.957923 9.9937E-005
0.0107315 0.00560168 0.0129662 9.99411E-005 9.99411E-005 9.99411E-005 0.0074632 9.99411E-005 9.99411E-005 9.99411E-005 0.962538 9.99411E-005
0.0189408 0.00375763 0.00468216 0.0354453 9.99741E-005 0.016263 9.99741E-005 0.00100498 0.00879176 9.99741E-005 0.909683 0.00113183
0.993224 9.9928E-005 0.000450674 9.9928E-005 9.9928E-005 9.9928E-005 9.9928E-005 9.9928E-005 0.00193826 0.00358721 9.9928E-005 9.9928E-005
0.00759937 9.9946E-005 9.9946E-005 9.9946E-005 0.00110198 0.00387467 0.00332192 9.9946E-005 9.9946E-005 0.982253 9.9946E-005 0.00124929
0.973137 9.9937E-005 9.9937E-005 0.0114755 9.9937E-005 0.0033372 9.9937E-005 9.9937E-005 0.00303868 9.9937E-005 0.00831197 9.9937E-005
0.993162 9.99191E-005 9.99191E-005 9.99191E-005 9.99191E-005 0.00446521 9.99191E-005 9.99191E-005 0.00147353 9.99191E-005 9.99191E-005 9.99191E-005
0.940883 0.0065918 0.00690054 0.016103 9.9955E-005 0.000418479 0.0166497 9.9955E-005 9.9955E-005 9.9955E-005 0.0119542 9.9955E-005
0.996238 0.00211757 9.99191E-005 9.99191E-005 9.99191E-005 9.99191E-005 0.00074548 9.99191E-005 9.99191E-005 9.99191E-005 9.99191E-005 9.99191E-005
0.978867 9.9928E-005 9.9928E-005 0.00362046 9.9928E-005 0.00560888 9.9928E-005 9.9928E-005 9.9928E-005 9.9928E-005 0.011104 9.9928E-005
9.99191E-005 9.99191E-005 9.99191E-005 9.99191E-005 9.99191E-005 9.99191E-005 0.00588261 9.99191E-005 0.993071 0.000147077 9.99191E-005 9.99191E-005
9.99011E-005 9.99011E-005 9.99011E-005 9.99011E-005 9.99011E-005 9.99011E-005 9.99011E-005 9.99011E-005 0.998901 9.99011E-005 9.99011E-005 9.99011E-005
9.9928E-005 0.00241613 9.9928E-005 9.9928E-005 9.9928E-005 9.9928E-005 0.00238234 9.9928E-005 0.99075 9.9928E-005 0.00365197 9.9928E-005
9.9928E-005 0.00537643 9.9928E-005 9.9928E-005 9.9928E-005 9.9928E-005 0.0181183 9.9928E-005 0.974506 9.9928E-005 9.9928E-005 0.0011999
0.946883 9.99623E-005 0.00022244 0.00219527 9.99623E-005 0.00499568 0.00505541 9.99623E-005 0.0121353 0.0280128 9.99623E-005 9.99623E-005
0.00836527 0.00119352 0.00842633 0.00834321 9.9955E-005 0.071251 9.9955E-005 9.9955E-005 0.893762 9.9955E-005 0.00815939 9.9955E-005
0.992251 9.99101E-005 9.99101E-005 9.99101E-005 9.99101E-005 9.99101E-005 0.00674972 9.99101E-005 9.99101E-005 9.99101E-005 9.99101E-005 9.99101E-005
0.963627 9.9937E-005 0.00181064 0.0143535 9.9937E-005 0.00244973 9.9937E-005 9.9937E-005 9.9937E-005 9.9937E-005 0.0170594 9.9937E-005
0.970537 9.9928E-005 9.9928E-005 0.0181376 9.9928E-005 0.00168354 9.9928E-005 9.9928E-005 9.9928E-005 9.9928E-005 0.00884236 9.9928E-005
0.976953 9.9928E-005 9.9928E-005 0.0126125 9.9928E-005 0.0033841 9.9928E-005 9.9928E-005 9.9928E-005 9.9928E-005 0.0062512 9.9928E-005
0.967545 9.9928E-005 9.9928E-005 0.00269208 9.9928E-005 9.9928E-005 9.9928E-005 9.9928E-005 9.9928E-005 0.000332847 0.0286309 9.9928E-005
0.985999 0.00723346 0.00546488 9.99281E-005 9.99281E-005 9.99281E-005 9.99281E-005 0.000502749 9.99281E-005 9.99281E-005 9.99281E-005 9.99281E-005
0.963694 0.0018486 0.00729301 0.00897879 9.9964E-005 0.00597041 9.9964E-005 9.9964E-005 0.00129657 9.9964E-005 0.00850009 0.00201829
0.962364 9.9928E-005 9.9928E-005 0.01779 9.9928E-005 0.00557304 9.9928E-005 9.9928E-005 9.9928E-005 9.9928E-005 0.0134732 9.9928E-005
0.928021 0.0153203 0.00288434 9.9937E-005 9.9937E-005 9.9937E-005 0.0310302 9.9937E-005 9.9937E-005 9.9937E-005 0.0220445 9.9937E-005
0.947353 0.0120027 0.0015703 0.00512909 9.9973E-005 0.00705278 0.0157599 9.9973E-005 0.00346295 9.9973E-005 0.0056978 0.00167151
0.978149 0.000617448 0.0117982 9.9946E-005 0.000883746 0.00464051 9.9946E-005 9.9946E-005 9.9946E-005 9.9946E-005 9.9946E-005 0.00331159
0.971178 9.99374E-005 0.0182061 0.00516863 9.99374E-005 0.00464776 9.99374E-005 9.99374E-005 9.99374E-005 9.99374E-005 9.99374E-005 9.99374E-005
0.964713 0.00206764 9.9946E-005 0.010824 9.9946E-005 0.0104955 0.00333579 9.9946E-005 9.9946E-005 9.9946E-005 0.00796453 9.9946E-005
0.954843 0.00627595 9.9955E-005 0.00469919 9.9955E-005 0.00081055 0.00747396 9.9955E-005 9.9955E-005 9.9955E-005 0.0248807 0.000516591
0.968051 9.9937E-005 0.0129233 0.0134706 0.00030655 0.00454854 9.9937E-005 9.9937E-005 9.9937E-005 9.9937E-005 9.9937E-005 9.9937E-005
0.934504 0.013114 9.9937E-005 9.9937E-005 0.0115587 9.9937E-005 0.029896 9.9937E-005 9.9937E-005 9.9937E-005 9.9937E-005 0.0102278
9.99281E-005 9.99281E-005 9.99281E-005 9.99281E-005 0.0175426 9.99281E-005 9.99281E-005 0.970617 9.99281E-005 0.0104335 0.000607239 9.99281E-005
9.99191E-005 0.00724991 9.99191E-005 9.99191E-005 0.00272202 9.99191E-005 9.99191E-005 0.989129 9.99191E-005 9.99191E-005 9.99191E-005 9.99191E-005
0.00516596 9.9928E-005 9.9928E-005 9.9928E-005 9.9928E-005 9.9928E-005 0.00213845 0.990757 0.00113891 9.9928E-005 9.9928E-005 9.9928E-005
0.957805 0.00738278 9.9946E-005 9.9946E-005 0.003514 9.9946E-005 0.0261931 9.9946E-005 0.00266056 9.9946E-005 9.9946E-005 0.00184458
9.9901E-005 0.998901 9.9901E-005 9.9901E-005 9.9901E-005 9.9901E-005 9.9901E-005 9.9901E-005 9.9901E-005 9.9901E-005 9.9901E-005 9.9901E-005
9.99101E-005 9.99101E-005 9.99101E-005 9.99101E-005 9.99101E-005 9.99101E-005 9.99101E-005 9.99101E-005 9.99101E-005 9.99101E-005 0.00114987 0.997851
0.000841886 9.9946E-005 9.9946E-005 0.000150448 0.00110997 0.00553706 9.9946E-005 9.9946E-005 9.9946E-005 0.000721095 9.9946E-005 0.99104
9.99011E-005 9.99011E-005 9.99011E-005 9.99011E-005 9.99011E-005 9.99011E-005 9.99011E-005 9.99011E-005 9.99011E-005 9.99011E-005 9.99011E-005 0.998901
9.99191E-005 9.99191E-005 9.99191E-005 9.99191E-005 9.99191E-005 9.99191E-005 9.99191E-005 0.00465378 9.99191E-005 0.00456859 9.99191E-005 0.989878
9.9937E-005 9.9937E-005 0.000711684 9.9937E-005 0.00131825 9.9937E-005 9.9937E-005 9.9937E-005 0.00066687 0.000452208 9.9937E-005 0.996151
9.99011E-005 9.99011E-005 9.99011E-005 9.99011E-005 9.99011E-005 9.99011E-005 9.99011E-005 9.99011E-005 9.99011E-005 9.99011E-005 9.99011E-005 0.998901
9.991E-005 9.991E-005 9.991E-005 9.991E-005 0.973364 9.991E-005 9.991E-005 0.0256374 9.991E-005 9.991E-005 9.991E-005 9.991E-005
9.99011E-005 9.99011E-005 9.99011E-005 9.99011E-005 9.99011E-005 9.99011E-005 9.99011E-005 9.99011E-005 9.99011E-005 9.99011E-005 9.99011E-005 0.998901
9.99011E-005 9.99011E-005 9.99011E-005 9.99011E-005 9.99011E-005 9.99011E-005 9.99011E-005 0.998901 9.99011E-005 9.99011E-005 9.99011E-005 9.99011E-005
9.9946E-005 0.00830239 0.00484682 9.9946E-005 0.00365245 9.9946E-005 0.00350997 0.00135569 9.9946E-005 9.9946E-005 9.9946E-005 0.977733
9.99281E-005 9.99281E-005 9.99281E-005 0.000378339 9.99281E-005 9.99281E-005 9.99281E-005 0.00160752 9.99281E-005 0.00418919 9.99281E-005 0.993026
9.99011E-005 9.99011E-005 9.99011E-005 9.99011E-005 9.99011E-005 9.99011E-005 9.99011E-005 9.99011E-005 9.99011E-005 9.99011E-005 9.99011E-005 0.998901
9.99191E-005 9.99191E-005 9.99191E-005 9.99191E-005 9.99191E-005 9.99191E-005 9.99191E-005 0.00139862 9.99191E-005 0.00536119 9.99191E-005 0.992341
0.936884 9.9964E-005 0.00885216 0.0149218 9.9964E-005 0.00788347 0.00927415 0.000110274 9.9964E-005 9.9964E-005 0.0204385 0.00123617
9.99011E-005 9.99011E-005 9.99011E-005 9.99011E-005 9.99011E-005 9.99011E-005 9.99011E-005 9.99011E-005 9.99011E-005 9.99011E-005 9.99011E-005 0.998901
9.99101E-005 9.99101E-005 9.99101E-005 9.99101E-005 9.99101E-005 9.99101E-005 9.99101E-005 0.995879 9.99101E-005 9.99101E-005 9.99101E-005 0.00312176
0.975412 9.99281E-005 9.99281E-005 9.99281E-005 9.99281E-005 9.99281E-005 0.0153006 9.99281E-005 0.00332925 0.00515843 9.99281E-005 9.99281E-005
0.00412492 0.00377348 0.00623923 0.00382865 0.00479277 0.0010565 9.9964E-005 9.9964E-005 0.0013145 9.9964E-005 0.97447 9.9964E-005
9.9928E-005 0.000842289 9.9928E-005 9.9928E-005 9.9928E-005 9.9928E-005 0.00542151 0.000681762 9.9928E-005 9.9928E-005 9.9928E-005 0.992255
9.99011E-005 9.99011E-005 9.99011E-005 9.99011E-005 9.99011E-005 9.99011E-005 9.99011E-005 9.99011E-005 9.99011E-005 0.998901 9.99011E-005 9.99011E-005
0.00171745 9.9919E-005 9.9919E-005 9.9919E-005 9.9919E-005 9.9919E-005 9.9919E-005 9.9919E-005 9.9919E-005 0.995063 9.9919E-005 0.00232013
9.9937E-005 9.9937E-005 9.9937E-005 0.00334902 9.9937E-005 9.9937E-005 0.00254455 0.000527642 0.00363695 9.9937E-005 0.989242 9.9937E-005
9.991E-005 9.991E-005 9.991E-005 9.991E-005 9.991E-005 9.991E-005 9.991E-005 9.991E-005 9.991E-005 0.998626 9.991E-005 0.000375279
0.996112 9.99101E-005 9.99101E-005 0.00288903 9.99101E-005 9.99101E-005 9.99101E-005 9.99101E-005 9.99101E-005 9.99101E-005 9.99101E-005 9.99101E-005
0.981163 9.9937E-005 9.9937E-005 9.9937E-005 9.9937E-005 9.9937E-005 0.00524008 9.9937E-005 0.00242451 0.00103355 0.00943894 9.9937E-005
0.938292 0.00207827 9.997E-005 0.0221898 9.997E-005 0.00911804 0.00172266 0.00296696 9.997E-005 0.000958275 0.0210427 0.00133175
0.981971 9.9946E-005 0.000655539 0.00795502 9.9946E-005 0.00684725 9.9946E-005 9.9946E-005 0.000415278 9.9946E-005 0.00155634 9.9946E-005
0.960499 9.9928E-005 9.9928E-005 0.0140277 9.9928E-005 9.9928E-005 9.9928E-005 9.9928E-005 0.00351164 9.9928E-005 0.0211624 9.9928E-005
0.941004 0.0163449 9.99281E-005 9.99281E-005 0.00368634 9.99281E-005 0.0381659 9.99281E-005 9.99281E-005 9.99281E-005 9.99281E-005 9.99281E-005
0.989307 9.99191E-005 0.0053074 9.99191E-005 9.99191E-005 0.00448615 9.99191E-005 9.99191E-005 9.99191E-005 9.99191E-005 9.99191E-005 9.99191E-005
0.00202882 0.00242616 0.00157465 9.9937E-005 9.9937E-005 9.9937E-005 0.00696764 9.9937E-005 9.9937E-005 9.9937E-005 0.986303 9.9937E-005
9.9919E-005 0.00828234 9.9919E-005 9.9919E-005 9.9919E-005 9.9919E-005 0.0166566 9.9919E-005 9.9919E-005 9.9919E-005 0.974162 9.9919E-005
0.987995 9.99101E-005 9.99101E-005 9.99101E-005 9.99101E-005 9.99101E-005 0.0110057 9.99101E-005 9.99101E-005 9.99101E-005 9.99101E-005 9.99101E-005
9.9937E-005 0.000661139 9.9937E-005 9.9937E-005 0.0254865 9.9937E-005 0.001399 0.963189 9.9937E-005 0.00856496 9.9937E-005 9.9937E-005
9.991E-005 9.991E-005 9.991E-005 9.991E-005 0.986166 9.991E-005 9.991E-005 0.0128345 9.991E-005 9.991E-005 9.991E-005 9.991E-005
9.99011E-005 9.99011E-005 9.99011E-005 9.99011E-005 0.998901 9.99011E-005 9.99011E-005 9.99011E-005 9.99011E-005 9.99011E-005 9.99011E-005 9.99011E-005
0.0728055 0.0105564 0.0169404 0.00231401 0.724899 0.000924276 0.0784753 9.9991E-005 0.022468 0.010237 0.0172702 0.0430097
9.991E-005 9.991E-005 9.991E-005 9.991E-005 0.971747 9.991E-005 9.991E-005 0.0272538 9.991E-005 9.991E-005 9.991E-005 9.991E-005
0.00552119 0.00062192 9.9955E-005 0.00341973 9.9955E-005 9.9955E-005 9.9955E-005 0.978474 9.9955E-005 0.00597816 0.00120145 0.00428425
9.99191E-005 9.99191E-005 9.99191E-005 9.99191E-005 9.99191E-005 9.99191E-005 9.99191E-005 0.992775 9.99191E-005 0.00272294 0.00360308 9.99191E-005
9.99101E-005 0.00160657 9.99101E-005 9.99101E-005 9.99101E-005 9.99101E-005 9.99101E-005 0.997394 9.99101E-005 9.99101E-005 9.99101E-005 9.99101E-005
9.991E-005 9.991E-005 9.991E-005 9.991E-005 0.980769 9.991E-005 9.991E-005 0.0182315 9.991E-005 9.991E-005 9.991E-005 9.991E-005
9.9919E-005 0.00344985 9.9919E-005 9.9919E-005 9.9919E-005 9.9919E-005 0.010179 9.9919E-005 9.9919E-005 9.9919E-005 0.985472 9.9919E-005
9.99011E-005 9.99011E-005 9.99011E-005 9.99011E-005 9.99011E-005 9.99011E-005 9.99011E-005 9.99011E-005 9.99011E-005 0.998901 9.99011E-005 9.99011E-005
9.9901E-005 9.9901E-005 9.9901E-005 9.9901E-005 9.9901E-005 9.9901E-005 0.998901 9.9901E-005 9.9901E-005 9.9901E-005 9.9901E-005 9.9901E-005
0.00175433 0.00214176 9.9946E-005 9.9946E-005 9.9946E-005 0.00465888 0.0189047 9.9946E-005 0.00137226 9.9946E-005 0.970568 9.9946E-005
0.00170668 0.00658605 9.9928E-005 9.9928E-005 9.9928E-005 9.9928E-005 0.0135391 9.9928E-005 9.9928E-005 9.9928E-005 0.977369 9.9928E-005
9.9928E-005 9.9928E-005 9.9928E-005 9.9928E-005 0.00308066 9.9928E-005 0.00572605 9.9928E-005 9.9928E-005 0.98864 0.00175385 9.9928E-005
9.99101E-005 9.99101E-005 9.99101E-005 9.99101E-005 9.99101E-005 9.99101E-005 0.000269444 9.99101E-005 9.99101E-005 9.99101E-005 9.99101E-005 0.998731
0.623144 0.0157735 0.0303582 0.151786 9.9964E-005 0.018783 0.0137688 9.9964E-005 0.0161676 9.9964E-005 0.129819 9.9964E-005
9.99011E-005 9.99011E-005 9.99011E-005 9.99011E-005 9.99011E-005 9.99011E-005 9.99011E-005 9.99011E-005 9.99011E-005 9.99011E-005 0.998901 9.99011E-005
9.99011E-005 9.99011E-005 9.99011E-005 9.99011E-005 9.99011E-005 9.99011E-005 9.99011E-005 9.99011E-005 9.99011E-005 9.99011E-005 0.998901 9.99011E-005
9.99011E-005 9.99011E-005 9.99011E-005 9.99011E-005 9.99011E-005 9.99011E-005 9.99011E-005 9.99011E-005 9.99011E-005 9.99011E-005 0.998901 9.99011E-005
9.99371E-005 0.00492424 9.99371E-005 9.99371E-005 0.00140112 9.99371E-005 9.99371E-005 0.000666015 9.99371E-005 9.99371E-005 0.992022 0.000286845
9.99096E-005 9.99096E-005 9.99096E-005 9.99096E-005 9.99096E-005 9.99096E-005 9.99096E-005 9.99096E-005 9.99096E-005 9.99096E-005 0.998901 9.99096E-005
9.99011E-005 9.99011E-005 9.99011E-005 9.99011E-005 9.99011E-005 9.99011E-005 9.99011E-005 9.99011E-005 9.99011E-005 9.99011E-005 0.998901 9.99011E-005
