0.0106496 9.9982E-005 0.0382814 0.000388747 0.0175604 9.9982E-005 0.904943 0.00268941 0.0252876
0.027975 9.9973E-005 0.0357049 9.9973E-005 0.014884 0.001849 0.892386 9.9973E-005 0.0269008
0.02638 0.00336405 0.886666 9.9982E-005 0.0630342 0.00250762 0.00426219 9.9982E-005 0.0135856
0.0280091 9.9973E-005 0.890568 9.9973E-005 0.0694762 0.00145851 0.000947583 9.9973E-005 0.00924036
0.0199831 9.9976E-005 0.934597 9.9976E-005 0.0268868 9.9976E-005 0.000939607 0.00389922 0.0133946
9.9937E-005 9.9937E-005 0.997629 9.9937E-005 9.9937E-005 9.9937E-005 0.00167126 9.9937E-005 9.9937E-005
9.993E-005 9.993E-005 0.999201 9.993E-005 9.993E-005 9.993E-005 9.993E-005 9.993E-005 9.993E-005
9.993E-005 9.993E-005 0.999201 9.993E-005 9.993E-005 9.993E-005 9.993E-005 9.993E-005 9.993E-005
9.9955E-005 0.98706 0.000941479 9.9955E-005 9.9955E-005 0.00636157 9.9955E-005 9.9955E-005 0.00513738
0.991146 0.000746375 9.9955E-005 9.9955E-005 9.9955E-005 0.00497905 9.9955E-005 0.0026293 9.9955E-005
0.993156 9.9955E-005 9.9955E-005 0.00171409 9.9955E-005 0.00163893 9.9955E-005 0.00299146 9.9955E-005
9.999E-005 0.0933116 0.000397074 0.786807 0.00759054 0.053041 0.0161394 0.0246225 0.0179911
0.994075 0.00223077 9.9946E-005 0.00309473 9.9946E-005 9.9946E-005 9.9946E-005 9.9946E-005 9.9946E-005
0.995696 0.000603018 9.9955E-005 0.00253795 9.9955E-005 0.00066298 9.9955E-005 9.9955E-005 9.9955E-005
0.99519 9.9937E-005 9.9937E-005 0.00411092 9.9937E-005 9.9937E-005 9.9937E-005 9.9937E-005 9.9937E-005
0.995072 9.9946E-005 9.9946E-005 0.0037648 9.9946E-005 0.000563927 9.9946E-005 9.9946E-005 9.9946E-005
0.00674903 0.103356 9.9991E-005 0.771377 0.0153625 0.0529919 0.0137743 0.0299253 0.0063641
0.00571078 9.9964E-005 0.0130295 9.9964E-005 0.973505 9.9964E-005 0.00642733 9.9964E-005 0.000927997
9.993E-005 9.993E-005 9.993E-005 9.993E-005 9.993E-005 9.993E-005 0.999201 9.993E-005 9.993E-005
9.99393E-005 9.99393E-005 9.99393E-005 9.99393E-005 9.99393E-005 0.000808292 0.998492 9.99393E-005 9.99393E-005
9.993E-005 9.993E-005 9.993E-005 9.993E-005 9.993E-005 9.993E-005 0.999201 9.993E-005 9.993E-005
9.993E-005 9.993E-005 9.993E-005 9.993E-005 9.993E-005 9.993E-005 0.999201 9.993E-005 9.993E-005
9.9937E-005 0.00019274 9.9937E-005 9.9937E-005 9.9937E-005 9.9937E-005 0.999108 9.9937E-005 9.9937E-005
9.993E-005 9.993E-005 9.993E-005 9.993E-005 9.993E-005 9.993E-005 0.999201 9.993E-005 9.993E-005
9.9937E-005 9.9937E-005 9.9937E-005 0.00113285 9.9937E-005 9.9937E-005 0.998168 9.9937E-005 9.9937E-005
9.993E-005 9.993E-005 9.993E-005 9.993E-005 9.993E-005 9.993E-005 0.999201 9.993E-005 9.993E-005
9.9946E-005 9.9946E-005 0.000604582 9.9946E-005 0.00174575 9.9946E-005 0.99705 9.9946E-005 9.9946E-005
9.9937E-005 9.9937E-005 9.9937E-005 9.9937E-005 9.9937E-005 0.00221768 0.997083 9.9937E-005 9.9937E-005
0.00637905 9.9946E-005 9.9946E-005 9.9946E-005 9.9946E-005 9.9946E-005 0.0209627 9.9946E-005 0.972059
0.0013733 9.9955E-005 0.0147458 9.9955E-005 0.00684078 9.9955E-005 9.9955E-005 9.9955E-005 0.97654
9.993E-005 9.993E-005 9.993E-005 9.993E-005 9.993E-005 9.993E-005 9.993E-005 9.993E-005 0.999201
9.9937E-005 9.9937E-005 9.9937E-005 9.9937E-005 9.9937E-005 0.000499343 9.9937E-005 9.9937E-005 0.998801
9.993E-005 9.993E-005 9.993E-005 9.993E-005 9.993E-005 9.993E-005 9.993E-005 9.993E-005 0.999201
9.993E-005 9.993E-005 9.993E-005 9.993E-005 0.999201 9.993E-005 9.993E-005 9.993E-005 9.993E-005
9.993E-005 9.993E-005 9.993E-005 9.993E-005 0.999201 9.993E-005 9.993E-005 9.993E-005 9.993E-005
9.993E-005 9.993E-005 9.993E-005 9.993E-005 0.999201 9.993E-005 9.993E-005 9.993E-005 9.993E-005
9.993E-005 9.993E-005 9.993E-005 9.993E-005 0.999201 9.993E-005 9.993E-005 9.993E-005 9.993E-005
9.993E-005 9.993E-005 9.993E-005 0.999201 9.993E-005 9.993E-005 9.993E-005 9.993E-005 9.993E-005
9.993E-005 9.993E-005 9.993E-005 9.993E-005 9.993E-005 9.993E-005 9.993E-005 9.993E-005 0.999201
9.9937E-005 9.9937E-005 9.9937E-005 9.9937E-005 9.9937E-005 0.00150969 9.9937E-005 9.9937E-005 0.997791
9.993E-005 9.993E-005 9.993E-005 9.993E-005 9.993E-005 9.993E-005 9.993E-005 9.993E-005 0.999201
9.99342E-005 9.99342E-005 9.99342E-005 9.99342E-005 9.99342E-005 9.99342E-005 9.99342E-005 9.99342E-005 0.999201
9.9946E-005 0.995518 9.9946E-005 9.9946E-005 9.9946E-005 0.0022639 0.00161847 9.9946E-005 9.9946E-005
9.9973E-005 0.909442 9.9973E-005 0.012729 0.0036628 0.00141264 9.9973E-005 0.0686872 0.00376675
9.9955E-005 0.98956 9.9955E-005 0.000648534 9.9955E-005 0.00290362 0.00638764 9.9955E-005 9.9955E-005
9.9973E-005 0.972238 0.00305694 0.00117552 0.00183553 9.9973E-005 9.9973E-005 0.0181651 0.00322927
9.9955E-005 0.989238 0.00164508 9.9955E-005 9.9955E-005 0.0016576 0.00695923 9.9955E-005 9.9955E-005
9.9937E-005 0.993441 0.00585914 9.9937E-005 9.9937E-005 9.9937E-005 9.9937E-005 9.9937E-005 9.9937E-005
9.9955E-005 0.985648 9.9955E-005 0.00468891 9.9955E-005 0.00314619 9.9955E-005 0.00601694 9.9955E-005
9.9964E-005 0.974825 9.9964E-005 0.00802876 9.9964E-005 9.9964E-005 0.0001633 0.0151641 0.00141924
0.980233 0.000752545 0.0184148 9.9946E-005 9.9946E-005 9.9946E-005 9.9946E-005 9.9946E-005 9.9946E-005
0.965864 0.00259414 0.00959558 9.9982E-005 0.0084254 0.000861231 0.00882662 9.9982E-005 0.00363353
0.976972 9.9964E-005 0.0174368 9.9964E-005 0.000624496 9.9964E-005 0.00265839 9.9964E-005 0.00190867
0.997007 9.9946E-005 0.000864181 9.9946E-005 9.9946E-005 9.9946E-005 9.9946E-005 9.9946E-005 0.00152937
0.987157 0.00302355 9.9955E-005 0.00307842 9.9955E-005 0.00624084 9.9955E-005 9.9955E-005 9.9955E-005
0.999201 9.993E-005 9.993E-005 9.993E-005 9.993E-005 9.993E-005 9.993E-005 9.993E-005 9.993E-005
9.993E-005 9.993E-005 9.993E-005 9.993E-005 9.993E-005 0.999201 9.993E-005 9.993E-005 9.993E-005
9.993E-005 0.999201 9.993E-005 9.993E-005 9.993E-005 9.993E-005 9.993E-005 9.993E-005 9.993E-005
9.9946E-005 9.9946E-005 9.9946E-005 9.9946E-005 9.9946E-005 0.997214 0.000623699 0.00156215 9.9946E-005
0.000748595 0.998552 9.9937E-005 9.9937E-005 9.9937E-005 9.9937E-005 9.9937E-005 9.9937E-005 9.9937E-005
9.9937E-005 0.998785 9.9937E-005 9.9937E-005 9.9937E-005 0.000515647 9.9937E-005 9.9937E-005 9.9937E-005
0.014734 9.9982E-005 0.925605 9.9982E-005 0.0362462 0.00133203 0.00915871 0.00119572 0.011528
9.993E-005 9.993E-005 0.999201 9.993E-005 9.993E-005 9.993E-005 9.993E-005 9.993E-005 9.993E-005
9.9937E-005 9.9937E-005 0.996393 9.9937E-005 0.00290774 9.9937E-005 9.9937E-005 9.9937E-005 9.9937E-005
0.0385653 0.00673519 0.917406 9.9982E-005 0.0217487 0.00216353 0.00102194 9.9982E-005 0.0121594
0.0203148 9.9982E-005 0.937849 9.9982E-005 0.0184585 0.000986746 0.00851464 0.00180328 0.0118733
9.9937E-005 9.9937E-005 0.99886 9.9937E-005 9.9937E-005 9.9937E-005 9.9937E-005 9.9937E-005 0.000440382
9.993E-005 0.999201 9.993E-005 9.993E-005 9.993E-005 9.993E-005 9.993E-005 9.993E-005 9.993E-005
9.9973E-005 0.94011 9.9973E-005 0.00202904 9.9973E-005 0.0126938 0.00590371 0.0381789 0.000784472
0.00139707 0.996809 9.9946E-005 9.9946E-005 0.00119461 9.9946E-005 9.9946E-005 9.9946E-005 9.9946E-005
9.9946E-005 0.988198 9.9946E-005 9.9946E-005 9.9946E-005 0.00513518 0.0060675 9.9946E-005 9.9946E-005
9.9946E-005 0.995158 9.9946E-005 9.9946E-005 9.9946E-005 0.00268479 0.00155802 9.9946E-005 9.9946E-005
9.9937E-005 0.99374 9.9937E-005 9.9937E-005 9.9937E-005 9.9937E-005 9.9937E-005 0.00556002 9.9937E-005
9.9955E-005 0.922765 9.9955E-005 0.0122788 9.9955E-005 9.9955E-005 0.00230851 0.0621484 9.9955E-005
0.00445236 0.903898 9.9955E-005 0.0186584 9.9955E-005 9.9955E-005 9.9955E-005 0.0724915 9.9955E-005
9.9973E-005 0.921156 9.9973E-005 0.00549662 9.9973E-005 0.00279009 0.00452642 0.0637459 0.00198495
9.9946E-005 0.993604 0.00486131 9.9946E-005 9.9946E-005 9.9946E-005 0.000935448 9.9946E-005 9.9946E-005
9.9946E-005 0.906236 9.9946E-005 0.0150032 9.9946E-005 9.9946E-005 9.9946E-005 0.0781614 9.9946E-005
9.9955E-005 0.896351 0.00135557 0.0133575 9.9955E-005 9.9955E-005 9.9955E-005 0.0884361 9.9955E-005
9.9973E-005 0.911844 9.9973E-005 0.00867605 9.9973E-005 0.00920075 0.00126451 0.0660882 0.00262653
9.9964E-005 0.918155 9.9964E-005 0.0105434 9.9964E-005 0.000331188 0.00155609 0.0690146 9.9964E-005
0.0318225 9.9964E-005 0.896767 9.9964E-005 0.0525138 9.9964E-005 0.0116394 9.9964E-005 0.00685734
0.0292874 9.9964E-005 0.0443985 9.9964E-005 0.920607 9.9964E-005 0.00272562 9.9964E-005 0.00258146
0.00404241 9.9955E-005 9.9955E-005 0.000666146 0.98703 9.9955E-005 0.00776189 9.9955E-005 9.9955E-005
9.9937E-005 9.9937E-005 9.9937E-005 0.996776 9.9937E-005 9.9937E-005 9.9937E-005 0.00252408 9.9937E-005
9.993E-005 9.993E-005 9.993E-005 0.999201 9.993E-005 9.993E-005 9.993E-005 9.993E-005 9.993E-005
0.0168605 9.9946E-005 9.9946E-005 9.9946E-005 0.976142 9.9946E-005 0.00639822 9.9946E-005 9.9946E-005
0.138838 9.9982E-005 0.320431 9.9982E-005 0.444419 0.00466589 0.044156 0.00500908 0.0422821
0.145961 0.0714303 0.23202 0.0328113 0.344719 0.0713817 0.0465652 9.9991E-005 0.0550114
0.0217574 0.00421029 0.0835201 0.00190568 0.0506635 0.00210226 0.0962001 9.9991E-005 0.739541
0.0402707 0.00169558 0.0478664 9.9991E-005 0.0635432 0.00360528 0.102555 0.000184934 0.740179
9.993E-005 9.993E-005 9.993E-005 0.999201 9.993E-005 9.993E-005 9.993E-005 9.993E-005 9.993E-005
9.993E-005 9.993E-005 9.993E-005 0.999201 9.993E-005 9.993E-005 9.993E-005 9.993E-005 9.993E-005
0.0193303 9.9982E-005 0.0565999 9.9982E-005 0.0713836 0.00233976 0.100889 0.00476202 0.744496
0.138892 9.9973E-005 0.327039 0.00147887 0.439478 9.9973E-005 0.0475018 9.9973E-005 0.0453102
9.993E-005 9.993E-005 9.993E-005 0.999201 9.993E-005 9.993E-005 9.993E-005 9.993E-005 9.993E-005
0.0138873 9.9982E-005 0.0615945 9.9982E-005 0.0684519 0.00193699 0.0974791 0.00399526 0.752455
0.0374516 0.00370244 0.0215001 0.00275176 0.911107 0.00179674 0.012487 0.00302817 0.00617558
0.0194486 9.9946E-005 0.00122926 9.9946E-005 0.978722 9.9946E-005 9.9946E-005 9.9946E-005 9.9946E-005
0.141897 0.0411532 0.239029 0.00998632 0.436656 0.0361112 0.051971 0.00890014 0.0342966
0.111657 0.0100239 0.155802 0.00303704 0.146401 0.0117566 0.288403 0.00318498 0.269734
0.00899671 9.99814E-005 0.0124971 0.00155767 0.966314 0.000902906 9.99814E-005 9.99814E-005 0.00943138
0.0172829 9.9964E-005 0.00352737 9.9964E-005 0.964024 9.9964E-005 0.0065798 9.9964E-005 0.00818646
0.0149232 9.9973E-005 9.9973E-005 9.9973E-005 0.972847 0.00192645 0.00493764 0.000539769 0.0045265
9.9955E-005 9.9955E-005 9.9955E-005 0.990787 9.9955E-005 0.00381808 0.00134889 9.9955E-005 0.00354592
0.0107537 9.9955E-005 0.0162152 9.9955E-005 0.961434 9.9955E-005 9.9955E-005 9.9955E-005 0.0110973
9.993E-005 9.993E-005 9.993E-005 0.999201 9.993E-005 9.993E-005 9.993E-005 9.993E-005 9.993E-005
9.993E-005 9.993E-005 9.993E-005 9.993E-005 0.999201 9.993E-005 9.993E-005 9.993E-005 9.993E-005
9.993E-005 9.993E-005 9.993E-005 0.999201 9.993E-005 9.993E-005 9.993E-005 9.993E-005 9.993E-005
9.9946E-005 9.9946E-005 9.9946E-005 0.00118487 9.9946E-005 0.000844862 9.9946E-005 9.9946E-005 0.997371
9.993E-005 9.993E-005 9.993E-005 9.993E-005 0.999201 9.993E-005 9.993E-005 9.993E-005 9.993E-005
0.00535477 9.9973E-005 0.0246333 0.000905068 9.9973E-005 0.000437578 0.0239064 9.9973E-005 0.944463
9.9937E-005 9.9937E-005 9.9937E-005 9.9937E-005 0.998039 9.9937E-005 9.9937E-005 0.00126103 9.9937E-005
9.9946E-005 9.9946E-005 9.9946E-005 9.9946E-005 0.99144 0.00162934 0.00633107 9.9946E-005 9.9946E-005
9.993E-005 9.993E-005 9.993E-005 9.993E-005 0.999201 9.993E-005 9.993E-005 9.993E-005 9.993E-005
9.993E-005 9.993E-005 9.993E-005 9.993E-005 0.999201 9.993E-005 9.993E-005 9.993E-005 9.993E-005
9.993E-005 9.993E-005 9.993E-005 0.999201 9.993E-005 9.993E-005 9.993E-005 9.993E-005 9.993E-005
0.026002 9.9946E-005 0.96475 9.9946E-005 9.9946E-005 9.9946E-005 0.00864874 9.9946E-005 9.9946E-005
0.0218142 9.9946E-005 0.968472 9.9946E-005 9.9946E-005 9.9946E-005 0.00911418 9.9946E-005 9.9946E-005
0.0200893 9.9973E-005 0.92167 9.9973E-005 0.0425473 0.00065033 0.00425803 9.9973E-005 0.010485
0.993333 9.9955E-005 9.9955E-005 0.000416155 9.9955E-005 9.9955E-005 0.0028116 9.9955E-005 0.00293926
9.9964E-005 9.9964E-005 0.0110277 0.981707 9.9964E-005 0.000709886 9.9964E-005 0.00333866 0.00281686
0.958037 9.9955E-005 0.0125647 9.9955E-005 0.0182389 9.9955E-005 9.9955E-005 9.9955E-005 0.0106599
0.994248 9.9946E-005 9.9946E-005 9.9946E-005 9.9946E-005 0.000509061 9.9946E-005 9.9946E-005 0.00464325
0.980233 9.9964E-005 9.9964E-005 0.00194669 0.00306941 9.9964E-005 0.0124336 0.00191775 9.9964E-005
0.999201 9.993E-005 9.993E-005 9.993E-005 9.993E-005 9.993E-005 9.993E-005 9.993E-005 9.993E-005
0.991133 9.9946E-005 9.9946E-005 9.9946E-005 0.00777002 9.9946E-005 9.9946E-005 9.9946E-005 0.000497608
9.993E-005 9.993E-005 9.993E-005 9.993E-005 9.993E-005 9.993E-005 9.993E-005 9.993E-005 0.999201
9.993E-005 9.993E-005 9.993E-005 9.993E-005 9.993E-005 9.993E-005 9.993E-005 9.993E-005 0.999201
9.993E-005 9.993E-005 9.993E-005 9.993E-005 9.993E-005 9.993E-005 9.993E-005 9.993E-005 0.999201
9.9955E-005 9.9955E-005 9.9955E-005 0.000141309 9.9955E-005 0.00283412 9.9955E-005 0.00307301 0.993452
0.937645 9.9964E-005 9.9964E-005 0.029979 0.0100806 9.9964E-005 0.0058211 9.9964E-005 0.0160743
0.0139675 9.9946E-005 0.0111614 9.9946E-005 9.9946E-005 9.9946E-005 9.9946E-005 9.9946E-005 0.974271
0.999201 9.993E-005 9.993E-005 9.993E-005 9.993E-005 9.993E-005 9.993E-005 9.993E-005 9.993E-005
0.970523 9.9955E-005 0.0037055 9.9955E-005 0.023632 9.9955E-005 9.9955E-005 9.9955E-005 0.00164014
0.953741 9.9955E-005 0.0200197 9.9955E-005 0.0251411 9.9955E-005 9.9955E-005 9.9955E-005 0.000598467
0.983928 9.9964E-005 0.00373611 0.000112804 0.00687374 9.9964E-005 9.9964E-005 9.9964E-005 0.00494991
0.969487 9.9955E-005 0.0190711 9.9955E-005 0.0105358 9.9955E-005 9.9955E-005 9.9955E-005 0.000406604
0.992591 0.00163114 0.00101682 9.9973E-005 9.9973E-005 0.000759335 0.00275502 0.000947138 9.9973E-005
0.970616 9.9973E-005 0.0136242 0.000396651 0.0112174 0.000106362 0.0037395 9.9973E-005 9.9973E-005
0.949188 9.9955E-005 0.0249972 9.9955E-005 0.0181282 9.9955E-005 9.9955E-005 9.9955E-005 0.00718636
0.954848 0.00231588 0.0265069 9.9973E-005 0.00290348 9.9973E-005 0.0110852 9.9973E-005 0.00204082
0.976474 9.9964E-005 0.0193709 0.00103402 0.00133918 9.9964E-005 9.9964E-005 9.9964E-005 0.0013824
0.987361 9.9955E-005 9.9955E-005 9.9955E-005 9.9955E-005 0.00234313 0.00915736 0.000638444 9.9955E-005
0.985423 0.00221068 9.9955E-005 9.9955E-005 9.9955E-005 9.9955E-005 0.010987 9.9955E-005 0.000879551
0.978696 9.9955E-005 0.00228286 9.9955E-005 0.0158694 9.9955E-005 9.9955E-005 9.9955E-005 0.00265187
0.964688 0.00263467 0.0232588 9.9973E-005 0.00645476 9.9973E-005 0.00242817 9.9973E-005 0.000235968
0.977226 9.9973E-005 0.00419625 0.00161405 0.0107434 9.9973E-005 0.00142296 9.9973E-005 0.004497
0.954229 9.9973E-005 0.0191476 0.000438405 9.9973E-005 0.0114606 9.9973E-005 0.0137427 0.000681809
9.9946E-005 0.986175 9.9946E-005 0.00591503 9.9946E-005 9.9946E-005 9.9946E-005 0.00731001 9.9946E-005
9.9937E-005 0.982381 9.9937E-005 9.9937E-005 9.9937E-005 9.9937E-005 9.9937E-005 0.0169192 9.9937E-005
9.9946E-005 0.994731 0.00254249 9.9946E-005 9.9946E-005 0.00212689 9.9946E-005 9.9946E-005 9.9946E-005
0.968346 9.9973E-005 9.9973E-005 0.00640686 0.00768354 0.00549872 9.9973E-005 0.00186345 0.00990142
0.116833 0.0166716 0.144406 0.0130891 0.125867 0.0242074 0.282707 0.0188089 0.25741
0.000938769 9.9946E-005 9.9946E-005 9.9946E-005 9.9946E-005 0.997905 9.9946E-005 9.9946E-005 0.000556882
9.9964E-005 0.00059612 9.9964E-005 9.9964E-005 9.9964E-005 0.991077 0.000703222 0.000670449 0.00655287
9.9937E-005 9.9937E-005 0.00322637 9.9937E-005 9.9937E-005 0.996074 9.9937E-005 9.9937E-005 9.9937E-005
9.9937E-005 9.9937E-005 9.9937E-005 0.00130462 9.9937E-005 0.997996 9.9937E-005 9.9937E-005 9.9937E-005
0.000766199 9.9955E-005 9.9955E-005 9.9955E-005 0.000367502 0.997648 0.000719016 9.9955E-005 9.9955E-005
9.993E-005 9.993E-005 9.993E-005 9.993E-005 9.993E-005 0.999201 9.993E-005 9.993E-005 9.993E-005
9.9937E-005 0.0291414 9.9937E-005 9.9937E-005 9.9937E-005 9.9937E-005 9.9937E-005 0.970159 9.9937E-005
9.9937E-005 9.9937E-005 9.9937E-005 9.9937E-005 0.000475562 0.998825 9.9937E-005 9.9937E-005 9.9937E-005
0.000895809 0.998405 9.9937E-005 9.9937E-005 9.9937E-005 9.9937E-005 9.9937E-005 9.9937E-005 9.9937E-005
0.00858847 9.9964E-005 0.00106447 9.9964E-005 9.9964E-005 0.977483 0.00987358 0.00259075 9.9964E-005
9.9955E-005 0.00127587 9.9955E-005 0.00262135 9.9955E-005 0.991772 9.9955E-005 0.00383059 9.9955E-005
9.993E-005 9.993E-005 9.993E-005 9.993E-005 9.993E-005 0.999201 9.993E-005 9.993E-005 9.993E-005
0.0015093 9.9937E-005 9.9937E-005 9.9937E-005 9.9937E-005 0.997791 9.9937E-005 9.9937E-005 9.9937E-005
0.964396 9.9964E-005 0.0101415 0.000106509 0.0214034 9.9964E-005 9.9964E-005 9.9964E-005 0.00355273
9.9937E-005 0.00204636 9.9937E-005 9.9937E-005 9.9937E-005 0.997254 9.9937E-005 9.9937E-005 9.9937E-005
9.9937E-005 0.996618 9.9937E-005 9.9937E-005 9.9937E-005 0.00268257 9.9937E-005 9.9937E-005 9.9937E-005
0.987509 0.00599768 0.00324484 9.9964E-005 0.00209873 9.9964E-005 9.9964E-005 0.000749851 9.9964E-005
0.0129416 9.9955E-005 0.974164 9.9955E-005 0.0049043 9.9955E-005 0.0074903 9.9955E-005 9.9955E-005
9.9946E-005 9.9946E-005 9.9946E-005 9.9946E-005 9.9946E-005 0.997831 9.9946E-005 0.000590004 0.000979676
9.9937E-005 9.9937E-005 9.9937E-005 0.998983 0.000317013 9.9937E-005 9.9937E-005 9.9937E-005 9.9937E-005
0.00143723 9.9946E-005 9.9946E-005 0.994921 9.9946E-005 0.00304257 9.9946E-005 9.9946E-005 9.9946E-005
9.993E-005 9.993E-005 0.999201 9.993E-005 9.993E-005 9.993E-005 9.993E-005 9.993E-005 9.993E-005
9.993E-005 9.993E-005 9.993E-005 0.999201 9.993E-005 9.993E-005 9.993E-005 9.993E-005 9.993E-005
0.983736 9.9946E-005 0.00681278 9.9946E-005 0.00885165 9.9946E-005 9.9946E-005 9.9946E-005 9.9946E-005
0.983271 9.9946E-005 0.0151414 9.9946E-005 9.9946E-005 9.9946E-005 9.9946E-005 9.9946E-005 0.000988034
0.952434 0.00463371 0.0127124 9.9964E-005 0.0291982 0.000621876 9.9964E-005 9.9964E-005 9.9964E-005
0.97572 9.9955E-005 9.9955E-005 9.9955E-005 0.0130835 9.9955E-005 0.00416621 9.9955E-005 0.00653048
0.944493 9.9946E-005 0.03519 9.9946E-005 0.0197171 9.9946E-005 9.9946E-005 9.9946E-005 9.9946E-005
0.966389 9.9973E-005 0.013535 9.9973E-005 0.00689543 0.0019094 9.9973E-005 0.00777369 0.00319713
0.987235 9.9946E-005 9.9946E-005 9.9946E-005 9.9946E-005 9.9946E-005 9.9946E-005 0.00123192 0.010933
9.993E-005 9.993E-005 0.999201 9.993E-005 9.993E-005 9.993E-005 9.993E-005 9.993E-005 9.993E-005
9.9937E-005 9.9937E-005 0.995771 9.9937E-005 9.9937E-005 9.9937E-005 9.9937E-005 0.00352952 9.9937E-005
0.997011 9.9937E-005 0.00228895 9.9937E-005 9.9937E-005 9.9937E-005 9.9937E-005 9.9937E-005 9.9937E-005
0.00369852 0.96613 9.9955E-005 0.00400799 9.9955E-005 9.9955E-005 9.9955E-005 0.0256639 9.9955E-005
9.9937E-005 0.00157857 9.9937E-005 9.9937E-005 9.9937E-005 9.9937E-005 9.9937E-005 0.997722 9.9937E-005
9.993E-005 9.993E-005 9.993E-005 9.993E-005 9.993E-005 9.993E-005 9.993E-005 0.999201 9.993E-005
0.0787591 9.9982E-005 0.0695523 9.9982E-005 0.0170422 0.0523417 0.009756 0.745579 0.0267698
9.9937E-005 0.0317289 9.9937E-005 9.9937E-005 9.9937E-005 9.9937E-005 9.9937E-005 0.967572 9.9937E-005
0.00333487 0.969733 9.9964E-005 0.0128018 0.0058227 0.00790785 9.9964E-005 9.9964E-005 9.9964E-005
9.9937E-005 0.997207 0.00209314 9.9937E-005 9.9937E-005 9.9937E-005 9.9937E-005 9.9937E-005 9.9937E-005
9.993E-005 0.999201 9.993E-005 9.993E-005 9.993E-005 9.993E-005 9.993E-005 9.993E-005 9.993E-005
9.9937E-005 0.0224384 9.9937E-005 9.9937E-005 9.9937E-005 9.9937E-005 9.9937E-005 0.976862 9.9937E-005
0.0054385 9.9946E-005 0.991772 9.9946E-005 9.9946E-005 9.9946E-005 9.9946E-005 9.9946E-005 0.00218951
9.993E-005 9.993E-005 9.993E-005 0.999201 9.993E-005 9.993E-005 9.993E-005 9.993E-005 9.993E-005
0.137264 0.0559323 0.576005 0.0355462 0.0131272 0.0748831 0.0351542 0.0293683 0.0427194
0.00303939 9.9964E-005 0.994101 0.0003007 9.9964E-005 9.9964E-005 9.9964E-005 0.00172122 0.000438315
0.0227969 9.9946E-005 0.970238 9.9946E-005 9.9946E-005 9.9946E-005 9.9946E-005 9.9946E-005 0.00636579
0.000460546 9.9946E-005 9.9946E-005 0.994708 9.9946E-005 9.9946E-005 9.9946E-005 0.00423136 9.9946E-005
9.993E-005 9.993E-005 9.993E-005 9.993E-005 9.993E-005 0.999201 9.993E-005 9.993E-005 9.993E-005
0.618153 9.9973E-005 0.148203 0.00109892 0.158904 9.9973E-005 0.0388231 9.9973E-005 0.0345175
9.993E-005 9.993E-005 0.999201 9.993E-005 9.993E-005 9.993E-005 9.993E-005 9.993E-005 9.993E-005
9.993E-005 9.993E-005 0.999201 9.993E-005 9.993E-005 9.993E-005 9.993E-005 9.993E-005 9.993E-005
9.993E-005 9.993E-005 0.999201 9.993E-005 9.993E-005 9.993E-005 9.993E-005 9.993E-005 9.993E-005
9.99503E-005 9.99503E-005 0.995886 9.99503E-005 9.99503E-005 0.000721789 9.99503E-005 0.00279269 9.99503E-005
9.993E-005 9.993E-005 0.999201 9.993E-005 9.993E-005 9.993E-005 9.993E-005 9.993E-005 9.993E-005
9.993E-005 9.993E-005 0.999201 9.993E-005 9.993E-005 9.993E-005 9.993E-005 9.993E-005 9.993E-005
