9.9973E-005 0.00242652 0.021527 0.0447832 0.00680323 0.0262583 9.9973E-005 9.9973E-005 0.897902
9.9973E-005 9.9973E-005 0.0219127 0.0355301 0.0246319 0.0198423 0.00108115 9.9973E-005 0.896702
9.9973E-005 9.9973E-005 0.0227491 0.899868 0.0548926 0.0139506 0.00303946 9.9973E-005 0.00519994
9.9964E-005 9.9964E-005 0.0222723 0.907642 0.0542119 0.0127299 9.9964E-005 9.9964E-005 0.00274413
0.00173373 0.00226956 0.031888 0.922854 0.0250286 0.00857192 0.00171323 0.00135933 0.00458186
9.9946E-005 9.9946E-005 0.000153656 0.995744 9.9946E-005 9.9946E-005 9.9946E-005 9.9946E-005 0.00350251
9.993E-005 9.993E-005 9.993E-005 0.999201 9.993E-005 9.993E-005 9.993E-005 9.993E-005 9.993E-005
9.993E-005 9.993E-005 9.993E-005 0.999201 9.993E-005 9.993E-005 9.993E-005 9.993E-005 9.993E-005
0.985609 9.9955E-005 9.9955E-005 0.00444886 9.9955E-005 0.000972138 0.00847038 9.9955E-005 9.9955E-005
0.00583096 0.00165805 0.988119 9.9964E-005 9.9964E-005 9.9964E-005 0.00138479 9.9964E-005 0.00260693
0.00236844 9.9955E-005 0.995215 9.9955E-005 9.9955E-005 9.9955E-005 0.000661878 0.00125464 9.9955E-005
0.0875733 0.0352183 9.9982E-005 9.9982E-005 0.00811248 0.0167539 0.0511846 0.787545 0.0134125
0.000702921 9.9955E-005 0.99445 9.9955E-005 9.9955E-005 9.9955E-005 0.00179849 0.00254914 9.9955E-005
9.9955E-005 9.9955E-005 0.988173 9.9955E-005 9.9955E-005 9.9955E-005 0.00333315 0.00467667 0.00331717
9.9946E-005 9.9946E-005 0.994406 9.9946E-005 9.9946E-005 9.9946E-005 0.00216972 0.00282419 9.9946E-005
0.00633834 9.9946E-005 0.99192 9.9946E-005 9.9946E-005 9.9946E-005 9.9946E-005 0.00114244 9.9946E-005
0.0930379 0.037687 9.9982E-005 9.9982E-005 0.0174236 0.0111122 0.0506026 0.777838 0.0120991
9.9964E-005 9.9964E-005 0.00925779 0.0118501 0.968526 0.00400695 9.9964E-005 9.9964E-005 0.00595956
9.993E-005 9.993E-005 9.993E-005 9.993E-005 9.993E-005 9.993E-005 9.993E-005 9.993E-005 0.999201
9.9937E-005 9.9937E-005 9.9937E-005 9.9937E-005 9.9937E-005 9.9937E-005 0.000914161 9.9937E-005 0.998386
9.993E-005 9.993E-005 9.993E-005 9.993E-005 9.993E-005 9.993E-005 9.993E-005 9.993E-005 0.999201
9.993E-005 9.993E-005 9.993E-005 9.993E-005 9.993E-005 9.993E-005 9.993E-005 9.993E-005 0.999201
0.000890618 9.9937E-005 9.9937E-005 9.9937E-005 9.9937E-005 9.9937E-005 9.9937E-005 9.9937E-005 0.99841
9.993E-005 9.993E-005 9.993E-005 9.993E-005 9.993E-005 9.993E-005 9.993E-005 9.993E-005 0.999201
9.9946E-005 9.9946E-005 9.9946E-005 9.9946E-005 9.9946E-005 0.00192021 9.9946E-005 0.00126013 0.99622
9.993E-005 9.993E-005 9.993E-005 9.993E-005 9.993E-005 9.993E-005 9.993E-005 9.993E-005 0.999201
9.99431E-005 9.99431E-005 9.99431E-005 9.99431E-005 0.00477924 9.99431E-005 9.99431E-005 9.99431E-005 0.994521
9.9946E-005 0.00124593 9.9946E-005 9.9946E-005 9.9946E-005 9.9946E-005 0.0013009 9.9946E-005 0.996853
9.9964E-005 9.9964E-005 9.9964E-005 0.0064157 9.9964E-005 0.976052 0.000610338 0.00153424 0.0149883
9.9946E-005 9.9946E-005 0.00979766 0.00971496 9.9946E-005 0.979888 9.9946E-005 9.9946E-005 9.9946E-005
9.993E-005 9.993E-005 9.993E-005 9.993E-005 9.993E-005 0.999201 9.993E-005 9.993E-005 9.993E-005
9.993E-005 9.993E-005 9.993E-005 9.993E-005 9.993E-005 0.999201 9.993E-005 9.993E-005 9.993E-005
9.993E-005 9.993E-005 9.993E-005 9.993E-005 9.993E-005 0.999201 9.993E-005 9.993E-005 9.993E-005
9.993E-005 9.993E-005 9.993E-005 9.993E-005 0.999201 9.993E-005 9.993E-005 9.993E-005 9.993E-005
9.993E-005 9.993E-005 9.993E-005 9.993E-005 0.999201 9.993E-005 9.993E-005 9.993E-005 9.993E-005
9.993E-005 9.993E-005 9.993E-005 9.993E-005 0.999201 9.993E-005 9.993E-005 9.993E-005 9.993E-005
9.993E-005 9.993E-005 9.993E-005 9.993E-005 0.999201 9.993E-005 9.993E-005 9.993E-005 9.993E-005
9.993E-005 9.993E-005 9.993E-005 9.993E-005 9.993E-005 9.993E-005 9.993E-005 0.999201 9.993E-005
0.00631663 9.9937E-005 9.9937E-005 9.9937E-005 9.9937E-005 0.992984 9.9937E-005 9.9937E-005 9.9937E-005
9.9937E-005 9.9937E-005 9.9937E-005 9.9937E-005 9.9937E-005 0.996176 9.9937E-005 0.00312423 9.9937E-005
9.993E-005 9.993E-005 9.993E-005 9.993E-005 9.993E-005 0.999201 9.993E-005 9.993E-005 9.993E-005
9.9946E-005 0.00231346 9.9946E-005 9.9946E-005 9.9946E-005 0.996987 9.9946E-005 9.9946E-005 9.9946E-005
0.990393 9.9946E-005 9.9946E-005 9.9946E-005 9.9946E-005 9.9946E-005 0.00795763 9.9946E-005 0.00105004
0.915769 0.0626204 9.9973E-005 9.9973E-005 0.00249409 9.9973E-005 0.00194045 0.00989651 0.00698015
0.98974 9.9955E-005 9.9955E-005 9.9955E-005 9.9955E-005 9.9955E-005 0.00171963 0.00629423 0.00174622
0.965125 0.0277875 0.00607296 0.000514295 9.9955E-005 9.9955E-005 9.9955E-005 9.9955E-005 9.9955E-005
0.980695 9.9964E-005 0.00673895 0.00338037 9.9964E-005 9.9964E-005 0.0032497 0.00553606 9.9964E-005
0.994864 0.00172075 9.99601E-005 0.00176367 9.99601E-005 0.00115171 9.99601E-005 9.99601E-005 9.99601E-005
0.992389 9.9946E-005 0.00161308 9.9946E-005 9.9946E-005 9.9946E-005 0.00539827 9.9946E-005 9.9946E-005
0.98412 0.00980022 9.9955E-005 9.9955E-005 9.9955E-005 0.00183939 9.9955E-005 0.00374111 9.9955E-005
0.0013824 0.000121652 0.990808 0.00673839 9.9964E-005 9.9964E-005 0.000549992 9.9964E-005 9.9964E-005
0.00136989 9.9973E-005 0.963599 0.0160119 9.9973E-005 0.0100284 0.00182405 9.9973E-005 0.0068673
9.9964E-005 9.9964E-005 0.947238 0.0449299 0.00207787 0.0025028 9.9964E-005 9.9964E-005 0.00285193
9.9937E-005 9.9937E-005 0.997226 9.9937E-005 0.00207445 9.9937E-005 9.9937E-005 9.9937E-005 9.9937E-005
9.9955E-005 0.00587733 0.981611 9.9955E-005 9.9955E-005 9.9955E-005 0.00900483 9.9955E-005 0.00300662
9.9937E-005 9.9937E-005 0.998514 9.9937E-005 0.000786012 9.9937E-005 9.9937E-005 9.9937E-005 9.9937E-005
9.993E-005 9.993E-005 9.993E-005 9.993E-005 9.993E-005 9.993E-005 0.999201 9.993E-005 9.993E-005
0.999201 9.993E-005 9.993E-005 9.993E-005 9.993E-005 9.993E-005 9.993E-005 9.993E-005 9.993E-005
9.9973E-005 0.00236846 0.00209114 9.9973E-005 9.9973E-005 0.000593667 0.990194 0.0029889 0.00146346
0.999201 9.993E-005 9.993E-005 9.993E-005 9.993E-005 9.993E-005 9.993E-005 9.993E-005 9.993E-005
0.999201 9.993E-005 9.993E-005 9.993E-005 9.993E-005 9.993E-005 9.993E-005 9.993E-005 9.993E-005
0.00126016 9.9973E-005 0.0221648 0.91154 0.0346197 0.0128152 9.9973E-005 9.9973E-005 0.0172998
9.993E-005 9.993E-005 9.993E-005 0.999201 9.993E-005 9.993E-005 9.993E-005 9.993E-005 9.993E-005
9.993E-005 9.993E-005 9.993E-005 0.999201 9.993E-005 9.993E-005 9.993E-005 9.993E-005 9.993E-005
0.00345904 9.9991E-005 0.0374834 0.927113 0.0223062 0.00411823 0.00191055 0.000875615 0.00263357
0.00230252 9.9982E-005 0.0275763 0.930554 0.0254664 0.00725084 0.000913314 9.9982E-005 0.00573678
9.9937E-005 9.9937E-005 9.9937E-005 0.998481 9.9937E-005 9.9937E-005 9.9937E-005 9.9937E-005 0.000819902
0.997944 0.00135604 9.99412E-005 9.99412E-005 9.99412E-005 9.99412E-005 9.99412E-005 9.99412E-005 9.99412E-005
0.91711 0.0676171 9.9982E-005 9.9982E-005 0.00206038 0.000201591 0.00676063 0.0014464 0.00460413
0.993593 0.00570763 9.9937E-005 9.9937E-005 9.9937E-005 9.9937E-005 9.9937E-005 9.9937E-005 9.9937E-005
0.992369 9.9946E-005 9.9946E-005 9.9946E-005 9.9946E-005 9.9946E-005 0.00499644 9.9946E-005 0.00203538
0.998232 9.9937E-005 9.9937E-005 9.9937E-005 9.9937E-005 9.9937E-005 9.9937E-005 9.9937E-005 0.00106813
0.990862 0.00817258 9.9946E-005 9.9946E-005 9.9946E-005 9.9946E-005 0.00036568 9.9946E-005 9.9946E-005
0.933626 0.0532911 9.9955E-005 9.9955E-005 9.9955E-005 9.9955E-005 9.9955E-005 0.0115156 0.00106762
0.90746 0.0748736 9.9964E-005 9.9964E-005 0.000904954 9.9964E-005 0.00182327 0.0145382 9.9964E-005
0.922522 0.0601525 9.9964E-005 9.9964E-005 9.9964E-005 0.000796453 0.00454234 0.0115866 9.9964E-005
0.996876 9.9937E-005 9.9937E-005 9.9937E-005 9.9937E-005 9.9937E-005 9.9937E-005 9.9937E-005 0.00242439
0.914071 0.0691421 9.9946E-005 9.9946E-005 9.9946E-005 9.9946E-005 9.9946E-005 0.0161877 9.9946E-005
0.888758 0.0958051 0.00184505 9.9955E-005 9.9955E-005 9.9955E-005 9.9955E-005 0.0130922 9.9955E-005
0.934729 0.0411649 9.9973E-005 9.9973E-005 9.9973E-005 0.00897153 0.00729553 0.00644821 0.00109114
0.925564 0.0631664 9.9964E-005 9.9964E-005 9.9964E-005 0.00208983 0.00109563 0.0076844 9.9964E-005
9.9964E-005 9.9964E-005 0.0309273 0.895525 0.0515534 0.0117702 9.9964E-005 9.9964E-005 0.00982397
0.000188344 9.9982E-005 0.0367347 0.0421538 0.911659 0.00483308 0.00037969 9.9982E-005 0.00385174
9.9946E-005 9.9946E-005 0.000947387 9.9946E-005 0.997842 0.000610932 9.9946E-005 9.9946E-005 9.9946E-005
9.9937E-005 0.00496503 9.9937E-005 9.9937E-005 9.9937E-005 9.9937E-005 9.9937E-005 0.994335 9.9937E-005
9.993E-005 9.993E-005 9.993E-005 9.993E-005 9.993E-005 9.993E-005 9.993E-005 0.999201 9.993E-005
9.9946E-005 0.00237343 9.9946E-005 9.9946E-005 0.996511 9.9946E-005 0.000515438 9.9946E-005 9.9946E-005
0.00340018 9.9991E-005 0.139521 0.322337 0.441463 0.0414837 0.00784582 0.00182388 0.0420255
0.0619632 0.0129966 0.167018 0.242033 0.293952 0.0685391 0.0744413 0.0281093 0.0509468
0.00608956 0.000971939 0.0221543 0.0791743 0.050096 0.750446 0.00144916 9.9991E-005 0.0895186
0.00146884 9.9982E-005 0.0287973 0.0578197 0.0681073 0.740918 0.000716824 9.9982E-005 0.101972
9.993E-005 9.993E-005 9.993E-005 9.993E-005 9.993E-005 9.993E-005 9.993E-005 0.999201 9.993E-005
9.993E-005 9.993E-005 9.993E-005 9.993E-005 9.993E-005 9.993E-005 9.993E-005 0.999201 9.993E-005
9.9982E-005 0.00230201 0.0150576 0.0625371 0.0704283 0.738013 0.00408812 9.9982E-005 0.107374
9.9982E-005 9.9982E-005 0.131419 0.345103 0.434574 0.0434764 0.0012035 0.00276137 0.0412622
9.993E-005 9.993E-005 9.993E-005 9.993E-005 9.993E-005 9.993E-005 9.993E-005 0.999201 9.993E-005
9.9982E-005 0.00191309 0.0213161 0.076185 0.0504987 0.74714 0.00165123 9.9982E-005 0.101096
0.00262908 0.000917888 0.0222879 0.0248597 0.916812 0.0126746 0.0059035 0.00372516 0.0101903
9.9955E-005 9.9955E-005 0.0156214 0.0101494 0.970292 0.00343732 9.9955E-005 9.9955E-005 9.9955E-005
0.0246791 0.0214644 0.130992 0.250307 0.441445 0.0319474 0.0363626 0.0113567 0.051446
0.00802168 9.9991E-005 0.110131 0.141278 0.152588 0.276153 0.00891823 0.00438522 0.298425
9.9973E-005 0.000160324 0.0124969 0.0165521 0.96781 0.00155029 9.9973E-005 0.00113065 9.9973E-005
9.9964E-005 9.9964E-005 0.0216577 0.0144557 0.944137 0.00615358 9.9964E-005 9.9964E-005 0.0131962
0.0044383 9.9973E-005 0.0108436 0.00458175 0.965806 0.0109472 9.9973E-005 0.00308352 9.9973E-005
9.9946E-005 9.9946E-005 9.9946E-005 9.9946E-005 9.9946E-005 9.9946E-005 0.00511598 0.989936 0.0043483
9.9964E-005 9.9964E-005 0.00991487 0.027652 0.951789 0.00726332 9.9964E-005 9.9964E-005 0.00298046
0.00112558 9.9937E-005 9.9937E-005 9.9937E-005 9.9937E-005 9.9937E-005 9.9937E-005 0.998175 9.9937E-005
9.993E-005 9.993E-005 9.993E-005 9.993E-005 0.999201 9.993E-005 9.993E-005 9.993E-005 9.993E-005
9.993E-005 9.993E-005 9.993E-005 9.993E-005 9.993E-005 9.993E-005 9.993E-005 0.999201 9.993E-005
9.993E-005 9.993E-005 9.993E-005 9.993E-005 9.993E-005 0.998338 9.993E-005 0.000962097 9.993E-005
9.993E-005 9.993E-005 9.993E-005 9.993E-005 0.999201 9.993E-005 9.993E-005 9.993E-005 9.993E-005
9.9964E-005 9.9964E-005 0.00270476 0.0228871 0.00237247 0.944 9.9964E-005 9.9964E-005 0.0276358
9.993E-005 9.993E-005 9.993E-005 9.993E-005 0.999201 9.993E-005 9.993E-005 9.993E-005 9.993E-005
9.9955E-005 9.9955E-005 0.00275019 9.9955E-005 0.988361 9.9955E-005 0.000918165 9.9955E-005 0.00747108
9.993E-005 9.993E-005 9.993E-005 9.993E-005 0.999201 9.993E-005 9.993E-005 9.993E-005 9.993E-005
9.993E-005 9.993E-005 9.993E-005 9.993E-005 0.999201 9.993E-005 9.993E-005 9.993E-005 9.993E-005
9.993E-005 9.993E-005 9.993E-005 9.993E-005 9.993E-005 9.993E-005 9.993E-005 0.999201 9.993E-005
9.9964E-005 9.9964E-005 0.0245139 0.94645 0.00911837 0.000575051 9.9964E-005 9.9964E-005 0.018943
9.9955E-005 9.9955E-005 0.0184317 0.963456 0.00205924 9.9955E-005 9.9955E-005 9.9955E-005 0.0155535
9.9973E-005 9.9973E-005 0.0305847 0.913575 0.039229 0.00743692 9.9973E-005 0.00461437 0.00425984
9.9964E-005 9.9964E-005 0.985424 9.9964E-005 0.00867268 0.0010578 9.9964E-005 0.00162649 0.00281884
9.9973E-005 0.00663748 9.9973E-005 0.00702547 9.9973E-005 0.00227316 0.000733654 0.979182 0.00384854
9.9964E-005 9.9964E-005 0.953999 0.0209009 0.0186445 0.00229028 9.9964E-005 9.9964E-005 0.00376579
9.9946E-005 9.9946E-005 0.984737 9.9946E-005 0.00724843 0.00741503 9.9946E-005 9.9946E-005 9.9946E-005
9.9955E-005 9.9955E-005 0.965157 0.0217681 0.0108764 9.9955E-005 9.9955E-005 9.9955E-005 0.00169843
9.993E-005 9.993E-005 0.999201 9.993E-005 9.993E-005 9.993E-005 9.993E-005 9.993E-005 9.993E-005
9.9946E-005 9.9946E-005 0.986919 0.00588307 0.0065983 9.9946E-005 9.9946E-005 9.9946E-005 9.9946E-005
9.993E-005 9.993E-005 9.993E-005 9.993E-005 9.993E-005 0.999201 9.993E-005 9.993E-005 9.993E-005
9.993E-005 9.993E-005 9.993E-005 9.993E-005 9.993E-005 0.999201 9.993E-005 9.993E-005 9.993E-005
9.993E-005 9.993E-005 9.993E-005 9.993E-005 9.993E-005 0.999201 9.993E-005 9.993E-005 9.993E-005
9.9937E-005 9.9937E-005 9.9937E-005 9.9937E-005 9.9937E-005 0.994926 0.00437491 9.9937E-005 9.9937E-005
9.9973E-005 9.9973E-005 0.942221 0.000817479 0.0102596 0.0147274 9.9973E-005 0.0283242 0.00335045
9.9955E-005 9.9955E-005 0.00855368 0.0134643 0.0070352 0.970447 9.9955E-005 9.9955E-005 9.9955E-005
9.9937E-005 9.9937E-005 0.995225 0.00407509 9.9937E-005 9.9937E-005 9.9937E-005 9.9937E-005 9.9937E-005
9.9955E-005 9.9955E-005 0.960871 0.0181528 0.0144616 0.00601452 9.9955E-005 9.9955E-005 9.9955E-005
9.9955E-005 9.9955E-005 0.975358 0.00113738 0.0179794 0.00502586 9.9955E-005 9.9955E-005 9.9955E-005
9.9937E-005 9.9937E-005 0.990469 9.9937E-005 0.00883149 9.9937E-005 9.9937E-005 9.9937E-005 9.9937E-005
9.9946E-005 9.9946E-005 0.972223 0.0196162 0.00756074 9.9946E-005 9.9946E-005 9.9946E-005 9.9946E-005
9.9955E-005 0.00252645 0.990624 9.9955E-005 9.9955E-005 9.9955E-005 0.000938224 9.9955E-005 0.0054111
9.9964E-005 9.9964E-005 0.96805 0.00613342 0.0163008 0.00439384 9.9964E-005 9.9964E-005 0.00472216
9.9955E-005 9.9955E-005 0.959528 0.0152839 0.0213489 0.00333956 9.9955E-005 9.9955E-005 9.9955E-005
0.0042749 9.9973E-005 0.955017 0.02464 9.9973E-005 0.00490571 0.000104686 9.9973E-005 0.0107576
9.9973E-005 0.00600726 0.964868 0.0138474 0.00338577 0.00988497 0.00170683 9.9973E-005 9.9973E-005
9.9955E-005 0.000762326 0.983427 9.9955E-005 9.9955E-005 9.9955E-005 0.00313472 9.9955E-005 0.0121764
9.9946E-005 9.9946E-005 0.990685 9.9946E-005 9.9946E-005 9.9946E-005 0.00198802 9.9946E-005 0.00672734
9.9964E-005 9.9964E-005 0.968981 0.00525447 0.0187572 0.00541366 9.9964E-005 0.00119368 9.9964E-005
0.00337188 9.9955E-005 0.958807 0.0363256 9.9955E-005 9.9955E-005 0.000995253 9.9955E-005 9.9955E-005
9.9973E-005 9.9973E-005 0.973731 0.0148078 0.00398224 0.00454156 9.9973E-005 0.000437319 0.00219992
0.00295257 0.00942857 0.954437 0.0128195 9.997E-005 0.00998252 0.0100803 9.997E-005 9.997E-005
0.979134 0.0109957 9.9955E-005 0.00209165 9.9955E-005 9.9955E-005 9.9955E-005 0.00727852 9.9955E-005
0.983866 0.0150905 9.9946E-005 9.9946E-005 9.9946E-005 0.000443571 9.9946E-005 9.9946E-005 9.9946E-005
0.99647 9.9937E-005 9.9937E-005 0.00283043 9.9937E-005 9.9937E-005 9.9937E-005 9.9937E-005 9.9937E-005
0.00105381 0.0044709 0.971401 9.9982E-005 0.00559426 0.0109847 0.00384652 0.0024484 9.9982E-005
0.00942453 0.0230534 0.129749 0.118591 0.137223 0.267696 0.0246352 0.013488 0.27614
0.00146986 9.9955E-005 9.9955E-005 9.9955E-005 9.9955E-005 0.00121499 0.992142 0.00467381 9.9955E-005
9.9937E-005 9.9937E-005 9.9937E-005 9.9937E-005 9.9937E-005 9.9937E-005 0.996251 0.00304986 9.9937E-005
9.9937E-005 9.9937E-005 9.9937E-005 9.9937E-005 9.9937E-005 0.00124927 0.998051 9.9937E-005 9.9937E-005
0.00159338 0.00584928 9.9946E-005 9.9946E-005 9.9946E-005 9.9946E-005 0.991958 9.9946E-005 9.9946E-005
9.9955E-005 0.0025434 9.9955E-005 9.9955E-005 0.00191601 9.9955E-005 0.993077 0.00196334 9.9955E-005
9.993E-005 9.993E-005 9.993E-005 9.993E-005 9.993E-005 9.993E-005 0.999201 9.993E-005 9.993E-005
0.0199439 0.979357 9.9937E-005 9.9937E-005 9.9937E-005 9.9937E-005 9.9937E-005 9.9937E-005 9.9937E-005
9.9937E-005 9.9937E-005 9.9937E-005 9.9937E-005 0.000590008 9.9937E-005 0.99871 9.9937E-005 9.9937E-005
0.998547 9.9937E-005 0.000753209 9.9937E-005 9.9937E-005 9.9937E-005 9.9937E-005 9.9937E-005 9.9937E-005
9.99592E-005 0.00795417 9.99592E-005 0.00147397 9.99592E-005 9.99592E-005 0.979501 9.99592E-005 0.0105707
0.00135749 0.00140878 9.9955E-005 9.9955E-005 9.9955E-005 9.9955E-005 0.995764 0.000970271 9.9955E-005
9.993E-005 9.993E-005 9.993E-005 9.993E-005 9.993E-005 9.993E-005 0.999201 9.993E-005 9.993E-005
9.993E-005 9.993E-005 9.993E-005 9.993E-005 9.993E-005 9.993E-005 0.999201 9.993E-005 9.993E-005
9.9982E-005 9.9982E-005 0.954815 0.0189565 0.0116826 0.00347488 0.00226761 0.00270946 0.0058944
9.993E-005 9.993E-005 9.993E-005 9.993E-005 9.993E-005 9.993E-005 0.999201 9.993E-005 9.993E-005
0.993097 9.9946E-005 9.9946E-005 9.9946E-005 0.00279495 9.9946E-005 0.00350826 9.9946E-005 9.9946E-005
0.000321138 9.99775E-005 0.971525 0.0104995 0.0128016 0.000270467 9.99775E-005 0.0042821 9.99775E-005
9.9955E-005 9.9955E-005 0.0120665 0.985606 0.00122328 9.9955E-005 9.9955E-005 9.9955E-005 0.000604389
9.993E-005 9.993E-005 9.993E-005 9.993E-005 9.993E-005 9.993E-005 0.999201 9.993E-005 9.993E-005
9.993E-005 9.993E-005 9.993E-005 9.993E-005 9.993E-005 9.993E-005 9.993E-005 0.999201 9.993E-005
9.9946E-005 9.9946E-005 9.9946E-005 0.00343087 9.9946E-005 9.9946E-005 0.00442956 0.99154 9.9946E-005
9.993E-005 9.993E-005 9.993E-005 0.999201 9.993E-005 9.993E-005 9.993E-005 9.993E-005 9.993E-005
9.993E-005 9.993E-005 9.993E-005 9.993E-005 9.993E-005 9.993E-005 9.993E-005 0.999201 9.993E-005
9.9937E-005 9.9937E-005 0.984662 9.9937E-005 0.0146387 9.9937E-005 9.9937E-005 9.9937E-005 9.9937E-005
9.9955E-005 9.9955E-005 0.979956 0.0132513 0.00208116 0.00421212 9.9955E-005 9.9955E-005 9.9955E-005
0.00533705 9.9991E-005 0.932105 0.0149043 0.0421437 0.00123222 0.0017498 0.000964901 0.00146285
9.9937E-005 9.9937E-005 0.996785 9.9937E-005 9.9937E-005 0.00251556 9.9937E-005 9.9937E-005 9.9937E-005
9.9955E-005 9.9955E-005 0.966579 0.0173103 0.0123428 0.00326859 9.9955E-005 9.9955E-005 9.9955E-005
0.00147266 0.0062313 0.96339 0.00627395 0.0142695 9.9991E-005 0.00282609 0.0014097 0.00402661
9.9946E-005 9.9946E-005 0.992342 9.9946E-005 9.9946E-005 0.00681826 0.000240299 9.9946E-005 9.9946E-005
9.9955E-005 9.9955E-005 0.00963735 0.977751 0.0119031 9.9955E-005 9.9955E-005 0.000208607 9.9955E-005
9.993E-005 9.993E-005 9.993E-005 0.999201 9.993E-005 9.993E-005 9.993E-005 9.993E-005 9.993E-005
9.9937E-005 9.9937E-005 0.996293 0.00300776 9.9937E-005 9.9937E-005 9.9937E-005 9.9937E-005 9.9937E-005
0.978838 0.00823575 0.00486778 0.00106932 9.9964E-005 9.9964E-005 9.9964E-005 0.00658928 9.9964E-005
0.0135043 0.985796 9.9937E-005 9.9937E-005 9.9937E-005 9.9937E-005 9.9937E-005 9.9937E-005 9.9937E-005
9.993E-005 0.999201 9.993E-005 9.993E-005 9.993E-005 9.993E-005 9.993E-005 9.993E-005 9.993E-005
9.9991E-005 0.735675 0.0638446 0.0651896 0.0144468 0.0310726 0.0527154 0.00870458 0.0282517
0.0187508 0.98055 9.9937E-005 9.9937E-005 9.9937E-005 9.9937E-005 9.9937E-005 9.9937E-005 9.9937E-005
0.979427 9.997E-005 0.00208376 0.00341677 0.0043892 9.997E-005 0.00525568 0.00512798 9.997E-005
0.994605 9.9946E-005 0.000816332 9.9946E-005 9.9946E-005 9.9946E-005 9.9946E-005 0.00397886 9.9946E-005
0.999201 9.993E-005 9.993E-005 9.993E-005 9.993E-005 9.993E-005 9.993E-005 9.993E-005 9.993E-005
0.0169842 0.982316 9.9937E-005 9.9937E-005 9.9937E-005 9.9937E-005 9.9937E-005 9.9937E-005 9.9937E-005
9.9937E-005 0.000813245 9.9937E-005 0.998487 9.9937E-005 9.9937E-005 9.9937E-005 9.9937E-005 9.9937E-005
9.993E-005 9.993E-005 9.993E-005 9.993E-005 9.993E-005 9.993E-005 9.993E-005 0.999201 9.993E-005
0.0743002 0.0159696 0.115619 0.568894 0.0114541 0.0479953 0.0762362 0.0370985 0.0524325
9.9946E-005 9.9946E-005 0.00217668 0.995772 9.9946E-005 9.9946E-005 9.9946E-005 0.0014513 9.9946E-005
9.9946E-005 9.9946E-005 0.00954661 0.985586 9.9946E-005 0.00426801 9.9946E-005 9.9946E-005 9.9946E-005
9.9937E-005 0.000930613 9.9937E-005 9.9937E-005 9.9937E-005 9.9937E-005 9.9937E-005 0.99837 9.9937E-005
9.9937E-005 9.9937E-005 0.000719988 9.9937E-005 9.9937E-005 9.9937E-005 0.99858 9.9937E-005 9.9937E-005
0.00141631 9.9982E-005 0.6473 0.139216 0.145071 0.0345692 9.9982E-005 0.000504233 0.0317234
9.993E-005 9.993E-005 9.993E-005 0.999201 9.993E-005 9.993E-005 9.993E-005 9.993E-005 9.993E-005
9.993E-005 9.993E-005 9.993E-005 0.999201 9.993E-005 9.993E-005 9.993E-005 9.993E-005 9.993E-005
9.993E-005 9.993E-005 9.993E-005 0.999201 9.993E-005 9.993E-005 9.993E-005 9.993E-005 9.993E-005
9.9937E-005 9.9937E-005 9.9937E-005 0.998747 9.9937E-005 9.9937E-005 9.9937E-005 0.000553213 9.9937E-005
9.993E-005 9.993E-005 9.993E-005 0.999201 9.993E-005 9.993E-005 9.993E-005 9.993E-005 9.993E-005
9.993E-005 9.993E-005 9.993E-005 0.999201 9.993E-005 9.993E-005 9.993E-005 9.993E-005 9.993E-005
