0.0391749 0.0023289 0.023708 0.0167957 0.0149752 9.9973E-005 0.902717 9.9973E-005 9.9973E-005
0.0437448 9.9982E-005 0.0239514 0.0189998 0.00741235 0.00564027 0.898829 9.9982E-005 0.00122238
0.888568 0.00483952 0.00979927 0.026704 0.060303 0.00183771 0.00697975 9.9991E-005 0.000868456
0.898022 9.9964E-005 0.0132291 0.0263784 0.0512029 9.9964E-005 0.0107681 9.9964E-005 9.9964E-005
0.90009 0.00187 0.0102162 0.0384623 0.0379252 0.00091521 0.00692155 9.9992E-005 0.00349955
0.998068 9.9937E-005 9.9937E-005 9.9937E-005 9.9937E-005 9.9937E-005 0.00123261 9.9937E-005 9.9937E-005
0.999201 9.993E-005 9.993E-005 9.993E-005 9.993E-005 9.993E-005 9.993E-005 9.993E-005 9.993E-005
0.999201 9.993E-005 9.993E-005 9.993E-005 9.993E-005 9.993E-005 9.993E-005 9.993E-005 9.993E-005
9.9946E-005 9.9946E-005 9.9946E-005 0.00324554 9.9946E-005 0.00913567 9.9946E-005 9.9946E-005 0.987019
9.9955E-005 9.9955E-005 9.9955E-005 0.992991 9.9955E-005 0.00310599 0.000852579 9.9955E-005 0.0025508
9.9955E-005 0.00317039 9.9955E-005 0.993044 9.9955E-005 0.00128412 9.9955E-005 0.00200181 9.9955E-005
0.00247081 0.784985 0.0139583 9.99889E-005 9.99889E-005 0.0521228 0.0198892 0.0525695 0.073804
9.9937E-005 0.00299687 9.9937E-005 0.996304 9.9937E-005 9.9937E-005 9.9937E-005 9.9937E-005 9.9937E-005
9.9955E-005 0.0023885 9.9955E-005 0.993419 9.9955E-005 0.00232828 0.00136485 9.9955E-005 9.9955E-005
9.9955E-005 0.00553993 9.9955E-005 0.992309 9.9955E-005 0.00135803 9.9955E-005 9.9955E-005 0.000293206
9.9955E-005 0.00337456 9.9955E-005 0.992653 9.9955E-005 0.00181724 9.9955E-005 9.9955E-005 0.00165508
0.00497768 0.778737 0.0117377 9.9991E-005 0.0156111 0.0501995 0.0126975 0.0400223 0.0859172
0.00886142 9.9964E-005 0.00795072 0.00149772 0.974967 9.9964E-005 0.00632348 9.9964E-005 9.9964E-005
9.993E-005 9.993E-005 9.993E-005 9.993E-005 9.993E-005 9.993E-005 0.999201 9.993E-005 9.993E-005
9.993E-005 9.993E-005 9.993E-005 9.993E-005 9.993E-005 9.993E-005 0.999201 9.993E-005 9.993E-005
0.000912464 0.000301961 9.9955E-005 9.9955E-005 0.00383279 9.9955E-005 0.994453 9.9955E-005 9.9955E-005
9.993E-005 9.993E-005 9.993E-005 9.993E-005 9.993E-005 9.993E-005 0.999201 9.993E-005 9.993E-005
0.00266308 9.9937E-005 9.9937E-005 9.9937E-005 9.9937E-005 9.9937E-005 0.996637 9.9937E-005 9.9937E-005
9.993E-005 9.993E-005 9.993E-005 9.993E-005 9.993E-005 9.993E-005 0.999201 9.993E-005 9.993E-005
9.993E-005 9.993E-005 9.993E-005 9.993E-005 9.993E-005 9.993E-005 0.999201 9.993E-005 9.993E-005
9.993E-005 9.993E-005 9.993E-005 9.993E-005 9.993E-005 9.993E-005 0.999201 9.993E-005 9.993E-005
9.99341E-005 9.99341E-005 9.99341E-005 9.99341E-005 9.99341E-005 9.99341E-005 0.999201 9.99341E-005 9.99341E-005
9.9946E-005 9.9946E-005 9.9946E-005 9.9946E-005 9.9946E-005 0.00324221 0.995106 9.9946E-005 0.00105205
0.000524856 9.9964E-005 0.963259 0.0087207 0.00107774 9.9964E-005 0.0260175 9.9964E-005 9.9964E-005
0.0261898 9.9946E-005 0.971625 9.9946E-005 9.9946E-005 9.9946E-005 0.00158566 9.9946E-005 9.9946E-005
9.993E-005 9.993E-005 0.999201 9.993E-005 9.993E-005 9.993E-005 9.993E-005 9.993E-005 9.993E-005
9.993E-005 9.993E-005 0.999201 9.993E-005 9.993E-005 9.993E-005 9.993E-005 9.993E-005 9.993E-005
9.993E-005 9.993E-005 0.999201 9.993E-005 9.993E-005 9.993E-005 9.993E-005 9.993E-005 9.993E-005
9.993E-005 9.993E-005 9.993E-005 9.993E-005 0.999201 9.993E-005 9.993E-005 9.993E-005 9.993E-005
9.993E-005 9.993E-005 9.993E-005 9.993E-005 0.999201 9.993E-005 9.993E-005 9.993E-005 9.993E-005
9.993E-005 9.993E-005 9.993E-005 9.993E-005 0.999201 9.993E-005 9.993E-005 9.993E-005 9.993E-005
9.993E-005 9.993E-005 9.993E-005 9.993E-005 0.999201 9.993E-005 9.993E-005 9.993E-005 9.993E-005
9.993E-005 0.999201 9.993E-005 9.993E-005 9.993E-005 9.993E-005 9.993E-005 9.993E-005 9.993E-005
9.993E-005 9.993E-005 0.999201 9.993E-005 9.993E-005 9.993E-005 9.993E-005 9.993E-005 9.993E-005
9.9955E-005 0.00254178 0.99421 9.9955E-005 9.9955E-005 0.000964103 9.9955E-005 9.9955E-005 0.00178459
9.993E-005 9.993E-005 0.999201 9.993E-005 9.993E-005 9.993E-005 9.993E-005 9.993E-005 9.993E-005
9.9946E-005 9.9946E-005 0.997625 9.9946E-005 9.9946E-005 0.000876714 9.9946E-005 0.000898861 9.9946E-005
9.9946E-005 9.9946E-005 9.9946E-005 9.9946E-005 9.9946E-005 0.0054963 0.00566346 9.9946E-005 0.988241
9.9955E-005 0.00950579 9.9955E-005 0.00882391 9.9955E-005 9.9955E-005 9.9955E-005 0.070227 0.910944
9.9946E-005 9.9946E-005 9.9946E-005 9.9946E-005 9.9946E-005 0.00188284 0.0044514 9.9946E-005 0.993066
0.00224114 0.00598606 9.9973E-005 0.00259531 9.9973E-005 9.9973E-005 0.000418324 0.00625824 0.982201
9.9973E-005 0.000771787 0.00359004 0.00123896 0.000502707 9.9973E-005 0.00477319 9.9973E-005 0.988823
0.00520337 9.9964E-005 0.000817779 9.9964E-005 9.9964E-005 9.9964E-005 0.000444932 0.0103805 0.982754
9.9946E-005 9.9946E-005 9.9946E-005 9.9946E-005 9.9946E-005 0.00327618 9.9946E-005 0.00011544 0.996009
9.9946E-005 0.00917376 9.9946E-005 9.9946E-005 9.9946E-005 9.9946E-005 9.9946E-005 0.0147203 0.975506
0.00960154 9.9955E-005 9.9955E-005 0.986669 9.9955E-005 0.000790795 9.9955E-005 9.9955E-005 0.00243888
0.00915814 9.99792E-005 0.00647817 0.954762 0.0154214 9.99792E-005 0.0134401 9.99792E-005 0.000440175
0.0213781 9.9955E-005 9.9955E-005 0.966439 0.0108726 9.9955E-005 0.000810343 9.9955E-005 9.9955E-005
9.9937E-005 9.9937E-005 9.9937E-005 0.988067 0.0112339 9.9937E-005 9.9937E-005 9.9937E-005 9.9937E-005
9.9955E-005 0.00520972 9.9955E-005 0.987266 9.9955E-005 0.00337621 9.9955E-005 0.00364824 9.9955E-005
0.00107922 9.9946E-005 9.9946E-005 0.996194 0.00212686 9.9946E-005 9.9946E-005 9.9946E-005 9.9946E-005
9.9937E-005 9.9937E-005 9.9937E-005 9.9937E-005 9.9937E-005 0.997858 9.9937E-005 9.9937E-005 0.00144258
9.993E-005 9.993E-005 9.993E-005 9.993E-005 9.993E-005 9.993E-005 9.993E-005 9.993E-005 0.999201
0.000817784 0.00255783 0.00111227 9.9964E-005 0.00416849 0.990944 9.9964E-005 9.9964E-005 9.9964E-005
9.993E-005 9.993E-005 9.993E-005 9.993E-005 9.993E-005 9.993E-005 9.993E-005 9.993E-005 0.999201
9.9937E-005 0.000390912 9.9937E-005 9.9937E-005 9.9937E-005 9.9937E-005 9.9937E-005 9.9937E-005 0.99891
0.9197 9.9964E-005 0.0215044 0.021106 0.0275333 9.9964E-005 0.00975672 9.9964E-005 9.9964E-005
0.999201 9.993E-005 9.993E-005 9.993E-005 9.993E-005 9.993E-005 9.993E-005 9.993E-005 9.993E-005
0.998229 9.9937E-005 9.9937E-005 9.9937E-005 9.9937E-005 0.00107162 9.9937E-005 9.9937E-005 9.9937E-005
0.931382 0.000428233 0.00102937 0.0333481 0.0276686 0.000970138 9.9982E-005 0.00497389 9.9982E-005
0.933777 0.00162004 0.00902287 0.0255506 0.0190481 0.00157853 0.00920323 9.9982E-005 9.9982E-005
0.995502 9.99483E-005 9.99483E-005 0.00262964 0.00126861 9.99483E-005 9.99483E-005 9.99483E-005 9.99483E-005
9.993E-005 9.993E-005 9.993E-005 9.993E-005 9.993E-005 9.993E-005 9.993E-005 9.993E-005 0.999201
9.9982E-005 0.00825585 0.00261612 0.00280068 9.9982E-005 0.0108409 0.000582596 0.0613701 0.913334
9.9946E-005 0.00310232 9.9946E-005 9.9946E-005 0.000755709 9.9946E-005 9.9946E-005 9.9946E-005 0.995542
9.9955E-005 9.9955E-005 0.00285722 9.9955E-005 9.9955E-005 0.00249395 0.000249002 9.9955E-005 0.9939
9.9946E-005 9.9946E-005 9.9946E-005 9.9946E-005 9.9946E-005 0.00152481 0.000234072 9.9946E-005 0.997641
9.9946E-005 0.00224777 9.9946E-005 9.9946E-005 9.9946E-005 9.9946E-005 0.00180002 9.9946E-005 0.995353
9.9946E-005 0.00562127 9.9946E-005 9.9946E-005 9.9946E-005 9.9946E-005 9.9946E-005 0.0607407 0.933038
0.00252382 0.0110752 9.9973E-005 9.9973E-005 9.9973E-005 0.000464042 0.00322579 0.0737663 0.908645
9.9955E-005 0.00504497 9.9955E-005 9.9955E-005 9.9955E-005 9.9955E-005 0.00524556 0.0745644 0.914645
9.9937E-005 9.9937E-005 9.9937E-005 9.9937E-005 9.9937E-005 9.9937E-005 0.0041803 9.9937E-005 0.99512
9.9946E-005 0.0162269 9.9946E-005 9.9946E-005 9.9946E-005 9.9946E-005 9.9946E-005 0.0741903 0.908983
0.00365261 0.0112643 9.9964E-005 0.00199774 9.9964E-005 9.9964E-005 9.9964E-005 0.0925035 0.890182
9.9973E-005 0.010371 0.00536345 9.9973E-005 9.9973E-005 0.0126866 0.00124136 0.0516886 0.918349
9.9964E-005 0.0100173 9.9964E-005 9.9964E-005 9.9964E-005 0.00294854 0.00140517 0.0714779 0.913751
0.905642 9.9964E-005 0.0141031 0.0228656 0.0429609 9.9964E-005 0.0140288 9.9964E-005 9.9964E-005
0.0370696 9.9964E-005 0.00241439 0.0361355 0.921275 9.9964E-005 0.00270531 9.9964E-005 9.9964E-005
9.9973E-005 9.9973E-005 0.000148127 0.00323456 0.992331 0.0013594 0.00155915 0.00106803 9.9973E-005
9.9937E-005 0.998113 9.9937E-005 9.9937E-005 9.9937E-005 9.9937E-005 9.9937E-005 0.00118702 9.9937E-005
9.993E-005 0.999201 9.993E-005 9.993E-005 9.993E-005 9.993E-005 9.993E-005 9.993E-005 9.993E-005
9.9955E-005 9.9955E-005 9.9955E-005 0.0108794 0.986275 0.00084896 9.9955E-005 0.00149718 9.9955E-005
0.327841 0.00120459 0.0421011 0.119595 0.449291 0.00739315 0.0469493 9.9991E-005 0.00552451
0.229696 0.0343941 0.0524681 0.161852 0.322314 0.0700467 0.0545704 0.0071317 0.0675262
0.0668381 9.9982E-005 0.744874 0.0219268 0.0653106 0.00249876 0.0930959 9.9982E-005 0.00525581
0.0637882 9.9982E-005 0.742337 0.0287234 0.0613518 0.00282605 0.0969525 9.9982E-005 0.0038211
9.993E-005 0.999201 9.993E-005 9.993E-005 9.993E-005 9.993E-005 9.993E-005 9.993E-005 9.993E-005
9.993E-005 0.999201 9.993E-005 9.993E-005 9.993E-005 9.993E-005 9.993E-005 9.993E-005 9.993E-005
0.0746495 0.000369145 0.736807 0.0223442 0.0522605 0.00296566 0.104996 9.9991E-005 0.00550796
0.338677 0.00129428 0.0380837 0.140373 0.438563 0.000270016 0.0425392 9.9982E-005 9.9982E-005
9.993E-005 0.999201 9.993E-005 9.993E-005 9.993E-005 9.993E-005 9.993E-005 9.993E-005 9.993E-005
0.065633 9.9982E-005 0.748377 0.0221337 0.0637717 0.000799163 0.0940709 0.00501465 9.9982E-005
0.00870187 9.9982E-005 0.0130867 0.0464335 0.914388 0.00565801 0.00728661 0.00424579 9.9982E-005
0.015873 9.9955E-005 9.9955E-005 0.00727523 0.974902 9.9955E-005 0.00145044 9.9955E-005 9.9955E-005
0.228955 0.0180431 0.0498177 0.12395 0.455514 0.0397897 0.0465578 0.0252153 0.0121572
0.154751 0.00106835 0.267259 0.108065 0.154921 0.00777703 0.293316 9.9991E-005 0.0127423
0.00825118 0.00274334 0.00218249 0.0170459 0.969377 9.9972E-005 9.9972E-005 9.9972E-005 9.9972E-005
0.00275235 9.9964E-005 0.00465093 0.0343827 0.952864 9.9964E-005 0.00495048 9.9964E-005 9.9964E-005
0.0105875 9.99728E-005 0.00610434 0.025428 0.955611 9.99728E-005 9.99728E-005 0.00186881 9.99728E-005
9.9946E-005 0.992489 0.00537911 9.9946E-005 9.9946E-005 0.00153266 9.9946E-005 9.9946E-005 9.9946E-005
0.0105493 9.9955E-005 0.00561624 0.00728458 0.97605 9.9955E-005 9.9955E-005 9.9955E-005 9.9955E-005
9.9946E-005 0.997242 9.9946E-005 9.9946E-005 9.9946E-005 9.9946E-005 0.00104697 0.00111111 9.9946E-005
9.993E-005 9.993E-005 9.993E-005 9.993E-005 0.999201 9.993E-005 9.993E-005 9.993E-005 9.993E-005
9.993E-005 0.999201 9.993E-005 9.993E-005 9.993E-005 9.993E-005 9.993E-005 9.993E-005 9.993E-005
9.993E-005 9.993E-005 0.999201 9.993E-005 9.993E-005 9.993E-005 9.993E-005 9.993E-005 9.993E-005
9.993E-005 9.993E-005 9.993E-005 9.993E-005 0.999201 9.993E-005 9.993E-005 9.993E-005 9.993E-005
0.018628 9.9955E-005 0.927626 0.0211869 9.9955E-005 9.9955E-005 0.032059 9.9955E-005 9.9955E-005
9.993E-005 9.993E-005 9.993E-005 9.993E-005 0.999201 9.993E-005 9.993E-005 9.993E-005 9.993E-005
9.9955E-005 9.9955E-005 0.00300955 9.9955E-005 0.982341 0.00109644 0.0130533 9.9955E-005 9.9955E-005
9.993E-005 9.993E-005 9.993E-005 9.993E-005 0.999201 9.993E-005 9.993E-005 9.993E-005 9.993E-005
9.993E-005 9.993E-005 9.993E-005 9.993E-005 0.999201 9.993E-005 9.993E-005 9.993E-005 9.993E-005
9.993E-005 0.999201 9.993E-005 9.993E-005 9.993E-005 9.993E-005 9.993E-005 9.993E-005 9.993E-005
0.968532 9.9946E-005 9.9946E-005 0.0216093 9.9946E-005 9.9946E-005 0.00925895 9.9946E-005 9.9946E-005
0.959268 9.9955E-005 9.9955E-005 0.0243775 9.9955E-005 0.00079942 0.0150557 9.9955E-005 9.9955E-005
0.921119 9.9964E-005 0.0109827 0.0201023 0.0373329 9.9964E-005 0.0100633 9.9964E-005 9.9964E-005
9.993E-005 9.993E-005 9.993E-005 0.999201 9.993E-005 9.993E-005 9.993E-005 9.993E-005 9.993E-005
0.00116669 0.980183 9.9955E-005 0.0120362 9.9955E-005 9.9955E-005 9.9955E-005 0.00611457 9.9955E-005
0.0161661 9.9964E-005 0.00198334 0.964596 0.0150651 9.9964E-005 0.00178936 9.9964E-005 9.9964E-005
9.9946E-005 0.00221005 0.00111687 0.996073 9.9946E-005 9.9946E-005 9.9946E-005 9.9946E-005 9.9946E-005
0.00132847 0.000636168 0.00293272 0.96551 0.0201645 9.9982E-005 0.00899373 9.9982E-005 0.000234596
9.993E-005 9.993E-005 9.993E-005 0.999201 9.993E-005 9.993E-005 9.993E-005 9.993E-005 9.993E-005
0.000759345 9.9946E-005 0.00715464 0.991486 9.9946E-005 9.9946E-005 9.9946E-005 9.9946E-005 9.9946E-005
9.993E-005 9.993E-005 0.999201 9.993E-005 9.993E-005 9.993E-005 9.993E-005 9.993E-005 9.993E-005
9.993E-005 9.993E-005 0.999201 9.993E-005 9.993E-005 9.993E-005 9.993E-005 9.993E-005 9.993E-005
9.993E-005 9.993E-005 0.999201 9.993E-005 9.993E-005 9.993E-005 9.993E-005 9.993E-005 9.993E-005
9.9946E-005 9.9946E-005 0.996466 9.9946E-005 9.9946E-005 0.00140242 9.9946E-005 0.00153192 9.9946E-005
9.9964E-005 0.0275711 0.01425 0.945126 0.010428 9.9964E-005 0.00222464 9.9964E-005 9.9964E-005
0.0178043 9.9946E-005 0.971561 9.9946E-005 0.0100349 9.9946E-005 9.9946E-005 9.9946E-005 9.9946E-005
9.993E-005 9.993E-005 9.993E-005 0.999201 9.993E-005 9.993E-005 9.993E-005 9.993E-005 9.993E-005
9.9955E-005 9.9955E-005 0.003285 0.962822 0.0258798 9.9955E-005 0.00751312 9.9955E-005 9.9955E-005
0.0115209 9.9973E-005 0.00700009 0.966952 0.0105959 9.9973E-005 0.00339018 9.9973E-005 0.000241061
9.9946E-005 9.9946E-005 9.9946E-005 0.988256 0.0107824 9.9946E-005 9.9946E-005 0.000361655 9.9946E-005
0.0217099 9.9964E-005 0.00387445 0.96892 0.00469429 0.000401761 9.9964E-005 9.9964E-005 9.9964E-005
0.000441006 9.9964E-005 0.00578871 0.982799 9.9964E-005 0.00149054 0.00908095 9.9964E-005 9.9964E-005
0.0139696 0.00140789 9.9964E-005 0.965785 0.0148817 9.9964E-005 0.003556 9.9964E-005 9.9964E-005
0.0193354 9.9946E-005 9.9946E-005 0.960953 0.0191124 9.9946E-005 9.9946E-005 9.9946E-005 9.9946E-005
0.0267797 9.9973E-005 0.00116456 0.956574 9.9973E-005 0.00364861 0.0110681 0.00046548 9.9973E-005
0.0302332 9.9955E-005 0.000669526 0.965779 9.9955E-005 9.9955E-005 9.9955E-005 0.00281874 9.9955E-005
9.9955E-005 9.9955E-005 0.00277704 0.985315 9.9955E-005 0.00365948 0.00774904 9.9955E-005 9.9955E-005
9.9946E-005 9.9946E-005 0.00597241 0.978551 9.9946E-005 9.9946E-005 0.0148771 9.9946E-005 9.9946E-005
0.0097544 9.9955E-005 0.00611825 0.967087 0.016541 9.9955E-005 9.9955E-005 9.9955E-005 9.9955E-005
0.0212502 9.99649E-005 0.00402942 0.961466 0.0105617 9.99649E-005 9.99649E-005 9.99649E-005 0.00229313
0.00402834 0.000637431 9.9955E-005 0.989831 0.0050037 9.9955E-005 9.9955E-005 9.9955E-005 9.9955E-005
0.0113266 0.00235518 0.00231027 0.958569 0.0036863 0.0119343 9.9991E-005 0.00776266 0.00195593
9.9946E-005 0.0105649 9.9946E-005 9.9946E-005 9.9946E-005 9.9946E-005 9.9946E-005 0.0248674 0.963968
9.9955E-005 9.9955E-005 9.9955E-005 0.000122495 9.9955E-005 0.000410549 9.9955E-005 0.00174659 0.997221
9.9937E-005 9.9937E-005 9.9937E-005 0.00434753 9.9937E-005 9.9937E-005 9.9937E-005 9.9937E-005 0.994953
9.9964E-005 9.9964E-005 0.00411418 0.975054 0.00831216 0.00550691 9.9964E-005 9.9964E-005 0.00661312
0.13986 0.0141489 0.250402 0.134895 0.113905 0.0244087 0.29097 0.025019 0.00639143
0.000188804 0.000371618 9.9973E-005 0.00116974 9.9973E-005 0.994928 0.00186677 9.9973E-005 0.00117503
9.9964E-005 0.00570759 0.00238294 0.00072165 9.9964E-005 0.988981 9.9964E-005 9.9964E-005 0.00180684
9.993E-005 9.993E-005 9.993E-005 9.993E-005 9.993E-005 0.999201 9.993E-005 9.993E-005 9.993E-005
9.9955E-005 0.0031877 9.9955E-005 9.9955E-005 9.9955E-005 0.991362 0.00113645 0.00381435 9.9955E-005
9.993E-005 9.993E-005 9.993E-005 9.993E-005 9.993E-005 0.999201 9.993E-005 9.993E-005 9.993E-005
9.993E-005 9.993E-005 9.993E-005 9.993E-005 9.993E-005 0.999201 9.993E-005 9.993E-005 9.993E-005
9.9937E-005 9.9937E-005 9.9937E-005 9.9937E-005 9.9937E-005 9.9937E-005 9.9937E-005 0.97965 0.0196501
9.993E-005 9.993E-005 9.993E-005 9.993E-005 9.993E-005 0.999201 9.993E-005 9.993E-005 9.993E-005
9.9937E-005 9.9937E-005 9.9937E-005 0.00326101 9.9937E-005 9.9937E-005 9.9937E-005 9.9937E-005 0.996039
0.0137382 9.9955E-005 0.000503056 9.9955E-005 9.9955E-005 0.984642 9.9955E-005 9.9955E-005 0.000617189
9.9946E-005 9.9946E-005 9.9946E-005 9.9946E-005 9.9946E-005 0.992259 9.9946E-005 0.00103056 0.00611032
9.993E-005 9.993E-005 9.993E-005 9.993E-005 9.993E-005 0.999201 9.993E-005 9.993E-005 9.993E-005
0.000950838 0.00280486 9.9946E-005 9.9946E-005 9.9946E-005 0.995645 9.9946E-005 9.9946E-005 9.9946E-005
0.0291676 0.00139114 0.00515698 0.943329 0.0161476 9.9982E-005 0.00408354 0.00052424 9.9982E-005
9.993E-005 9.993E-005 9.993E-005 9.993E-005 9.993E-005 0.999201 9.993E-005 9.993E-005 9.993E-005
0.00454183 9.9946E-005 9.9946E-005 9.9946E-005 9.9946E-005 0.00143747 9.9946E-005 9.9946E-005 0.993421
9.9982E-005 0.00228381 9.9982E-005 0.971657 0.0160428 0.0019333 0.00643033 0.000460344 0.000992394
0.993232 9.99529E-005 9.99529E-005 0.00311001 9.99529E-005 9.99529E-005 0.00305867 9.99529E-005 9.99529E-005
9.9937E-005 9.9937E-005 9.9937E-005 9.9937E-005 9.9937E-005 0.998573 9.9937E-005 0.000727094 9.9937E-005
9.993E-005 0.999201 9.993E-005 9.993E-005 9.993E-005 9.993E-005 9.993E-005 9.993E-005 9.993E-005
9.9937E-005 0.997413 9.9937E-005 0.00188786 9.9937E-005 9.9937E-005 9.9937E-005 9.9937E-005 9.9937E-005
0.999201 9.993E-005 9.993E-005 9.993E-005 9.993E-005 9.993E-005 9.993E-005 9.993E-005 9.993E-005
9.993E-005 0.999201 9.993E-005 9.993E-005 9.993E-005 9.993E-005 9.993E-005 9.993E-005 9.993E-005
9.993E-005 9.993E-005 9.993E-005 0.999201 9.993E-005 9.993E-005 9.993E-005 9.993E-005 9.993E-005
0.0148375 9.9946E-005 9.9946E-005 0.975555 0.00900758 9.9946E-005 9.9946E-005 9.9946E-005 9.9946E-005
0.0153335 0.00411727 9.9964E-005 0.942925 0.0322083 9.9964E-005 9.9964E-005 0.00501568 9.9964E-005
9.9937E-005 9.9937E-005 9.9937E-005 0.995255 9.9937E-005 9.9937E-005 0.00404574 9.9937E-005 9.9937E-005
0.0418139 9.9955E-005 0.00150909 0.949943 0.00623419 9.9955E-005 9.9955E-005 9.9955E-005 9.9955E-005
0.00844682 0.00455127 0.00536349 0.959304 0.0079572 0.00465134 0.00727156 0.00235426 9.9991E-005
9.9946E-005 9.9946E-005 0.00604595 0.990394 9.9946E-005 9.9946E-005 0.00296057 9.9946E-005 9.9946E-005
0.999201 9.993E-005 9.993E-005 9.993E-005 9.993E-005 9.993E-005 9.993E-005 9.993E-005 9.993E-005
0.998347 9.9937E-005 9.9937E-005 9.9937E-005 9.9937E-005 9.9937E-005 9.9937E-005 0.000953353 9.9937E-005
0.0021814 9.9937E-005 9.9937E-005 0.997119 9.9937E-005 9.9937E-005 9.9937E-005 9.9937E-005 9.9937E-005
0.000973791 9.9973E-005 0.00176747 0.00226772 0.0018401 9.9973E-005 9.9973E-005 0.0080625 0.984788
9.9937E-005 9.9937E-005 9.9937E-005 9.9937E-005 9.9937E-005 9.9937E-005 9.9937E-005 0.993128 0.0061721
9.993E-005 9.993E-005 9.993E-005 9.993E-005 9.993E-005 9.993E-005 9.993E-005 0.999201 9.993E-005
0.0654398 0.0173884 0.0326128 0.0756487 0.0186715 0.0504006 0.0195957 0.720143 9.9991E-005
9.9937E-005 9.9937E-005 9.9937E-005 9.9937E-005 9.9937E-005 9.9937E-005 9.9937E-005 0.968626 0.0306743
0.0065847 0.00801271 0.000822624 9.9982E-005 0.00111516 0.00561087 0.00112629 9.9982E-005 0.976528
9.9937E-005 0.000713672 9.9937E-005 9.9937E-005 9.9937E-005 9.9937E-005 9.9937E-005 9.9937E-005 0.998587
9.993E-005 9.993E-005 9.993E-005 9.993E-005 9.993E-005 9.993E-005 9.993E-005 9.993E-005 0.999201
9.9937E-005 9.9937E-005 9.9937E-005 9.9937E-005 9.9937E-005 9.9937E-005 9.9937E-005 0.977758 0.0215422
0.999201 9.993E-005 9.993E-005 9.993E-005 9.993E-005 9.993E-005 9.993E-005 9.993E-005 9.993E-005
9.993E-005 0.999201 9.993E-005 9.993E-005 9.993E-005 9.993E-005 9.993E-005 9.993E-005 9.993E-005
0.586265 0.0409457 0.0466259 0.107209 0.0268028 0.0702057 0.0352339 0.00913353 0.077579
0.988828 9.9955E-005 0.00412468 0.00589852 9.9955E-005 9.9955E-005 9.9955E-005 0.00064889 9.9955E-005
0.992566 9.9946E-005 9.9946E-005 0.00667423 9.9946E-005 9.9946E-005 9.9946E-005 0.00015993 9.9946E-005
9.993E-005 0.999201 9.993E-005 9.993E-005 9.993E-005 9.993E-005 9.993E-005 9.993E-005 9.993E-005
9.993E-005 9.993E-005 9.993E-005 9.993E-005 9.993E-005 0.999201 9.993E-005 9.993E-005 9.993E-005
0.135342 0.000695166 0.0326732 0.644107 0.152244 9.9982E-005 0.0333078 9.9982E-005 0.00143107
0.999201 9.993E-005 9.993E-005 9.993E-005 9.993E-005 9.993E-005 9.993E-005 9.993E-005 9.993E-005
0.999201 9.993E-005 9.993E-005 9.993E-005 9.993E-005 9.993E-005 9.993E-005 9.993E-005 9.993E-005
0.999201 9.993E-005 9.993E-005 9.993E-005 9.993E-005 9.993E-005 9.993E-005 9.993E-005 9.993E-005
0.998521 9.99475E-005 9.99475E-005 9.99475E-005 9.99475E-005 0.000477795 9.99475E-005 0.00040158 9.99475E-005
0.999201 9.993E-005 9.993E-005 9.993E-005 9.993E-005 9.993E-005 9.993E-005 9.993E-005 9.993E-005
0.999201 9.993E-005 9.993E-005 9.993E-005 9.993E-005 9.993E-005 9.993E-005 9.993E-005 9.993E-005
