9.9964E-005 0.0294683 9.9964E-005 0.899532 0.0470687 0.0235316 9.9964E-005 9.9964E-005
9.999E-005 0.0222423 0.00201601 0.89664 0.0518702 0.0253568 0.000252061 0.00152309
9.9973E-005 0.00864539 0.00181645 9.9973E-005 0.982122 0.00417507 9.9973E-005 0.00294153
9.9955E-005 0.0063242 9.9955E-005 9.9955E-005 0.99277 0.000406105 9.9955E-005 9.9955E-005
9.9982E-005 0.00636512 0.00110713 9.9982E-005 0.983257 0.0013265 0.00403431 0.00370998
9.994E-005 9.994E-005 9.994E-005 9.994E-005 0.9993 9.994E-005 9.994E-005 9.994E-005
9.994E-005 9.994E-005 9.994E-005 9.994E-005 0.9993 9.994E-005 9.994E-005 9.994E-005
9.994E-005 9.994E-005 9.994E-005 9.994E-005 0.9993 9.994E-005 9.994E-005 9.994E-005
9.9964E-005 9.9964E-005 9.9964E-005 9.9964E-005 0.00808389 0.00159737 0.985069 0.00485023
0.0015221 9.9973E-005 9.9973E-005 0.00251699 9.9973E-005 0.991179 0.00158163 0.00290026
9.9955E-005 9.9955E-005 0.00221328 9.9955E-005 9.9955E-005 0.994554 9.9955E-005 0.00273324
0.0323687 0.0139542 0.787686 0.0163973 0.00686639 9.9991E-005 0.0901306 0.052497
9.9955E-005 9.9955E-005 0.00433137 9.9955E-005 9.9955E-005 0.994482 0.000686577 9.9955E-005
0.000347493 9.9973E-005 0.00356914 9.9973E-005 9.9973E-005 0.993315 0.000936283 0.00153185
0.00130369 9.9964E-005 0.00244801 9.9964E-005 9.9964E-005 0.994074 9.9964E-005 0.00177436
0.0040605 9.9955E-005 9.9955E-005 9.9955E-005 9.9955E-005 0.993795 9.9955E-005 0.00164481
0.0404969 0.0089149 0.775829 0.0141797 0.0109239 0.00619247 0.0926538 0.0508098
9.9973E-005 0.0219675 0.00147571 0.0421594 0.85318 0.0809171 9.9973E-005 9.9973E-005
9.994E-005 9.994E-005 9.994E-005 0.9993 9.994E-005 9.994E-005 9.994E-005 9.994E-005
0.000372287 9.9955E-005 9.9955E-005 0.997972 9.9955E-005 0.00115611 9.9955E-005 9.9955E-005
9.994E-005 9.994E-005 9.994E-005 0.9993 9.994E-005 9.994E-005 9.994E-005 9.994E-005
9.994E-005 9.994E-005 9.994E-005 0.9993 9.994E-005 9.994E-005 9.994E-005 9.994E-005
9.9946E-005 9.9946E-005 9.9946E-005 0.998943 9.9946E-005 9.9946E-005 0.000456858 9.9946E-005
9.994E-005 9.994E-005 9.994E-005 0.9993 9.994E-005 9.994E-005 9.994E-005 9.994E-005
9.994E-005 9.994E-005 9.994E-005 0.9993 9.994E-005 9.994E-005 9.994E-005 9.994E-005
9.994E-005 9.994E-005 9.994E-005 0.9993 9.994E-005 9.994E-005 9.994E-005 9.994E-005
9.9955E-005 9.9955E-005 9.9955E-005 0.994129 0.00395097 0.00141976 9.9955E-005 9.9955E-005
9.9955E-005 9.9955E-005 9.9955E-005 0.99473 9.9955E-005 9.9955E-005 0.000403806 0.00436623
9.9964E-005 0.974132 9.9964E-005 0.0206625 9.9964E-005 0.00343213 0.00137327 9.9964E-005
0.000559379 0.97994 9.9964E-005 9.9964E-005 0.0181621 9.9964E-005 0.000938579 9.9964E-005
9.994E-005 0.9993 9.994E-005 9.994E-005 9.994E-005 9.994E-005 9.994E-005 9.994E-005
9.994E-005 0.9993 9.994E-005 9.994E-005 9.994E-005 9.994E-005 9.994E-005 9.994E-005
9.994E-005 0.9993 9.994E-005 9.994E-005 9.994E-005 9.994E-005 9.994E-005 9.994E-005
9.9964E-005 0.0151132 9.9964E-005 0.0396716 0.872614 0.0722014 9.9964E-005 9.9964E-005
9.99885E-005 0.00940523 0.0013263 0.0400862 0.868265 0.0785543 9.99885E-005 0.00216259
9.9973E-005 0.019135 9.9973E-005 0.0361521 0.867332 0.0751313 9.9973E-005 0.00194925
9.9973E-005 0.0243508 0.00332283 0.0446718 0.846559 0.0807961 9.9973E-005 9.9973E-005
9.994E-005 9.994E-005 0.9993 9.994E-005 9.994E-005 9.994E-005 9.994E-005 9.994E-005
0.000508653 0.998044 9.9964E-005 9.9964E-005 9.9964E-005 9.9964E-005 0.000156696 0.00089057
9.9955E-005 0.995623 0.00151379 9.9955E-005 9.9955E-005 9.9955E-005 9.9955E-005 0.00236365
9.994E-005 0.9993 9.994E-005 9.994E-005 9.994E-005 9.994E-005 9.994E-005 9.994E-005
9.994E-005 0.9993 9.994E-005 9.994E-005 9.994E-005 9.994E-005 9.994E-005 9.994E-005
9.9955E-005 9.9955E-005 9.9955E-005 0.00343422 9.9955E-005 9.9955E-005 0.991448 0.00461756
0.0522511 0.00395409 0.0103903 0.00603502 9.9991E-005 0.000952334 0.921694 0.00462273
9.9964E-005 9.9964E-005 0.00193759 0.00391959 9.9964E-005 9.9964E-005 0.991273 0.0024703
0.0142128 9.9973E-005 0.0031522 0.00422601 0.000320084 9.9973E-005 0.977789 9.9973E-005
9.9964E-005 9.9964E-005 0.00451489 9.9964E-005 9.9964E-005 0.00930687 0.98461 0.00116868
0.0024539 0.000916782 9.9964E-005 9.9964E-005 0.00207959 9.9964E-005 0.99415 9.9964E-005
9.9964E-005 0.000665863 9.9964E-005 9.9964E-005 0.00127789 9.9964E-005 0.993044 0.00461219
0.0203806 9.9964E-005 0.00198431 9.9964E-005 9.9964E-005 0.00180656 0.975429 9.9964E-005
9.9955E-005 0.00205315 9.9955E-005 9.9955E-005 0.00312661 0.99432 9.9955E-005 9.9955E-005
9.9982E-005 0.00601613 9.9982E-005 0.00856041 0.0251974 0.956687 0.00108579 0.00225335
9.9955E-005 0.00239528 9.9955E-005 9.9955E-005 0.0344293 0.962676 9.9955E-005 9.9955E-005
9.9946E-005 9.9946E-005 9.9946E-005 9.9946E-005 0.000531159 0.998869 9.9946E-005 9.9946E-005
9.9964E-005 9.9964E-005 0.00559151 0.00282936 9.9964E-005 0.985804 9.9964E-005 0.00537555
9.994E-005 9.994E-005 9.994E-005 9.994E-005 9.994E-005 0.9993 9.994E-005 9.994E-005
9.994E-005 9.994E-005 9.994E-005 9.994E-005 9.994E-005 9.994E-005 9.994E-005 0.9993
9.9946E-005 9.9946E-005 9.9946E-005 9.9946E-005 9.9946E-005 9.9946E-005 0.999184 0.000216194
0.00145076 0.0023282 9.9973E-005 0.00498027 0.00139972 9.9973E-005 9.9973E-005 0.989541
9.994E-005 9.994E-005 9.994E-005 9.994E-005 9.994E-005 9.994E-005 0.9993 9.994E-005
9.994E-005 9.994E-005 9.994E-005 9.994E-005 9.994E-005 9.994E-005 0.9993 9.994E-005
9.9955E-005 0.0102609 9.9955E-005 9.9955E-005 0.98835 9.9955E-005 0.000889727 9.9955E-005
9.994E-005 9.994E-005 9.994E-005 9.994E-005 0.9993 9.994E-005 9.994E-005 9.994E-005
9.994E-005 9.994E-005 9.994E-005 9.994E-005 0.9993 9.994E-005 9.994E-005 9.994E-005
9.9964E-005 9.9964E-005 9.9964E-005 9.9964E-005 0.989365 0.00483691 0.00380224 0.00159634
9.9982E-005 0.00107621 0.002203 9.9982E-005 0.9921 0.00166586 0.0015269 0.00122826
9.994E-005 9.994E-005 9.994E-005 9.994E-005 0.9993 9.994E-005 9.994E-005 9.994E-005
0.000848354 9.9955E-005 9.9955E-005 9.9955E-005 0.00111817 9.9955E-005 0.997534 9.9955E-005
0.0493045 0.00318645 0.00456768 0.00157652 9.9982E-005 9.9982E-005 0.932654 0.00851074
9.994E-005 9.994E-005 9.994E-005 9.994E-005 9.994E-005 9.994E-005 0.9993 9.994E-005
9.9964E-005 0.00189033 9.9964E-005 0.000669039 9.9964E-005 9.9964E-005 0.99387 0.00317056
9.9946E-005 9.9946E-005 9.9946E-005 0.00102343 9.9946E-005 9.9946E-005 0.998377 9.9946E-005
0.00517769 9.9964E-005 0.00226188 0.000392171 9.9964E-005 9.9964E-005 0.991768 9.9964E-005
0.0664251 9.9955E-005 0.0069884 9.9955E-005 9.9955E-005 9.9955E-005 0.926087 9.9955E-005
0.0777084 9.9964E-005 0.0151462 0.00389667 9.9964E-005 9.9964E-005 0.902849 9.9964E-005
0.0548673 9.9973E-005 0.00733737 0.000883825 9.9973E-005 9.9973E-005 0.93027 0.0063419
9.9946E-005 9.9946E-005 9.9946E-005 0.00112177 9.9946E-005 9.9946E-005 0.998279 9.9946E-005
0.0685366 9.9955E-005 0.0175933 9.9955E-005 9.9955E-005 9.9955E-005 0.91337 9.9955E-005
0.0954318 9.9964E-005 0.0118371 9.9964E-005 9.9964E-005 0.000230209 0.892101 9.9964E-005
0.044009 0.00470806 0.00532618 0.00197997 9.9982E-005 9.9982E-005 0.93276 0.0110166
0.0578078 9.9982E-005 0.0153695 9.9982E-005 0.000130447 0.000306065 0.925796 0.00039029
9.9973E-005 0.00161952 0.0033107 9.9973E-005 0.983326 0.0110341 9.9973E-005 0.000409743
0.00362583 0.0226229 0.00306894 0.039706 0.831994 0.0987819 9.9982E-005 9.9982E-005
9.9982E-005 0.0209363 0.00155938 0.0362423 0.852239 0.0867063 0.00211645 9.9982E-005
0.00348263 9.9946E-005 0.995918 9.9946E-005 9.9946E-005 9.9946E-005 9.9946E-005 9.9946E-005
9.994E-005 9.994E-005 0.9993 9.994E-005 9.994E-005 9.994E-005 9.994E-005 9.994E-005
0.00650619 0.0229307 9.9982E-005 0.0312031 0.84807 0.0898813 0.00120934 9.9982E-005
0.00165988 0.0490052 0.00226194 0.0582361 0.718533 0.158313 0.00571371 0.00627731
0.00485635 0.0974957 0.0297597 0.0525362 0.515226 0.160572 0.0709477 0.0686059
9.9973E-005 0.748854 9.9973E-005 0.089767 0.119007 0.0339702 0.00810197 9.9973E-005
9.9982E-005 0.740257 9.9982E-005 0.099396 0.133414 0.0230275 0.00189201 0.00181362
9.994E-005 9.994E-005 0.9993 9.994E-005 9.994E-005 9.994E-005 9.994E-005 9.994E-005
9.994E-005 9.994E-005 0.9993 9.994E-005 9.994E-005 9.994E-005 9.994E-005 9.994E-005
0.00332032 0.743403 0.00164117 0.104777 0.112796 0.0287293 9.9991E-005 0.00523354
9.9982E-005 0.0499414 0.00427492 0.0557669 0.736313 0.151986 9.9982E-005 0.00151712
9.994E-005 9.994E-005 0.9993 9.994E-005 9.994E-005 9.994E-005 9.994E-005 9.994E-005
0.0039548 0.752781 9.9982E-005 0.102661 0.114011 0.0251116 9.9982E-005 0.00128069
9.9991E-005 0.0310593 0.00169972 0.0456045 0.815324 0.0898478 0.00872546 0.00763965
9.9973E-005 0.0206504 9.9973E-005 0.0311888 0.853766 0.0924841 0.0016112 9.9973E-005
0.00393186 0.0437081 0.0152197 0.0632408 0.6188 0.179169 0.0399258 0.0360047
9.9982E-005 0.274918 9.9982E-005 0.302815 0.286524 0.109985 0.0139726 0.0115849
9.9982E-005 0.0294861 0.00775945 0.0338833 0.834422 0.0934993 0.000750142 9.9982E-005
9.9973E-005 0.0262794 0.00195033 0.048544 0.828717 0.0942089 9.9973E-005 9.9973E-005
0.00297289 0.0291958 9.9991E-005 0.0363275 0.821819 0.104059 0.00463544 0.000890275
9.9955E-005 0.0062545 0.988848 9.9955E-005 9.9955E-005 9.9955E-005 9.9955E-005 0.00439732
9.9973E-005 0.0280926 0.00272231 0.0341871 0.840031 0.0946675 9.9973E-005 9.9973E-005
0.00091681 9.9946E-005 0.998484 9.9946E-005 9.9946E-005 9.9946E-005 9.9946E-005 9.9946E-005
9.9964E-005 0.0191531 9.9964E-005 0.0332779 0.864198 0.0829707 9.9964E-005 9.9964E-005
9.994E-005 9.994E-005 0.9993 9.994E-005 9.994E-005 9.994E-005 9.994E-005 9.994E-005
9.9946E-005 0.996759 0.00264147 9.9946E-005 9.9946E-005 9.9946E-005 9.9946E-005 9.9946E-005
9.9982E-005 0.0182848 0.00173392 0.035018 0.869686 0.0743955 0.000681506 9.9982E-005
9.9964E-005 0.941643 9.9964E-005 0.0233921 0.0326558 0.0019098 9.9964E-005 9.9964E-005
9.9991E-005 0.025331 0.000995352 0.0329603 0.856146 0.0799891 0.0029859 0.00149274
0.00105746 0.0206223 9.9982E-005 0.0471857 0.855966 0.0710856 9.9982E-005 0.0038829
9.9973E-005 0.0166573 0.00377926 0.0415016 0.876298 0.0614642 9.9973E-005 9.9973E-005
0.000373683 0.0124162 0.000607943 0.0379181 0.882755 0.0657294 9.9982E-005 9.9982E-005
9.994E-005 9.994E-005 0.9993 9.994E-005 9.994E-005 9.994E-005 9.994E-005 9.994E-005
9.9946E-005 9.9946E-005 9.9946E-005 0.006949 0.992451 9.9946E-005 9.9946E-005 9.9946E-005
9.994E-005 9.994E-005 9.994E-005 9.994E-005 0.9993 9.994E-005 9.994E-005 9.994E-005
9.9973E-005 0.00243088 0.000698842 9.9973E-005 0.994212 0.00101436 9.9973E-005 0.00134434
9.9964E-005 9.9964E-005 0.0012219 9.9964E-005 9.9964E-005 0.99392 0.00269101 0.0017669
0.00788817 0.00487826 0.976203 9.9982E-005 0.00766193 0.00125825 9.9982E-005 0.00191018
9.9964E-005 0.00794173 9.9964E-005 0.00412048 0.0311735 0.956364 9.9964E-005 9.9964E-005
9.9955E-005 0.00751041 0.00123368 9.9955E-005 9.9955E-005 0.990756 9.9955E-005 9.9955E-005
9.99802E-005 0.00444038 9.99802E-005 0.00437968 0.0218125 0.968283 9.99802E-005 0.000784356
9.994E-005 9.994E-005 9.994E-005 9.994E-005 9.994E-005 0.9993 9.994E-005 9.994E-005
9.994E-005 9.994E-005 9.994E-005 9.994E-005 9.994E-005 0.9993 9.994E-005 9.994E-005
9.994E-005 0.9993 9.994E-005 9.994E-005 9.994E-005 9.994E-005 9.994E-005 9.994E-005
9.994E-005 0.9993 9.994E-005 9.994E-005 9.994E-005 9.994E-005 9.994E-005 9.994E-005
9.994E-005 0.9993 9.994E-005 9.994E-005 9.994E-005 9.994E-005 9.994E-005 9.994E-005
9.9946E-005 0.994498 9.9946E-005 9.9946E-005 9.9946E-005 9.9946E-005 9.9946E-005 0.00490273
9.9964E-005 0.0177064 0.0303848 0.000913321 9.9964E-005 0.950596 9.9964E-005 9.9964E-005
9.9955E-005 0.967728 9.9955E-005 9.9955E-005 0.0247741 0.00699778 9.9955E-005 9.9955E-005
9.994E-005 9.994E-005 9.994E-005 9.994E-005 9.994E-005 0.9993 9.994E-005 9.994E-005
9.9964E-005 9.9964E-005 0.000401639 0.0117397 0.0137197 0.973739 9.9964E-005 9.9964E-005
9.9946E-005 9.9946E-005 9.9946E-005 9.9946E-005 0.0209143 0.978486 9.9946E-005 9.9946E-005
9.9955E-005 0.000308155 9.9955E-005 9.9955E-005 0.00737997 0.991812 9.9955E-005 9.9955E-005
9.9946E-005 9.9946E-005 9.9946E-005 9.9946E-005 0.027404 0.971996 9.9946E-005 9.9946E-005
9.9955E-005 9.9955E-005 9.9955E-005 0.00754647 9.9955E-005 0.991134 9.9955E-005 0.000819788
9.9982E-005 0.00547726 0.000331237 0.00656591 0.00773493 0.976125 0.00356587 9.9982E-005
9.9946E-005 9.9946E-005 9.9946E-005 9.9946E-005 0.0264256 0.972975 9.9946E-005 9.9946E-005
0.00327494 0.0018617 9.9991E-005 0.0126665 0.0314386 0.948206 0.00191152 0.00054027
0.0013001 0.0075923 0.00149807 9.9982E-005 0.0129454 0.974221 9.9982E-005 0.00224329
9.9973E-005 0.000286117 9.9973E-005 0.00824344 9.9973E-005 0.986148 0.00135374 0.00366902
9.9955E-005 9.9955E-005 9.9955E-005 0.0102072 9.9955E-005 0.988515 9.9955E-005 0.000778047
9.9955E-005 0.000940561 9.9955E-005 9.9955E-005 0.0291448 0.969415 9.9955E-005 9.9955E-005
0.00268665 0.000320559 0.000166552 0.00556681 0.0274743 0.961779 9.9991E-005 0.00190654
9.9964E-005 0.00324665 9.9964E-005 0.00239742 0.0178819 0.976074 9.9964E-005 9.9964E-005
0.0129225 0.0162511 9.99898E-005 9.99898E-005 0.0132647 0.948429 0.00142609 0.0075064
0.0174036 9.9964E-005 0.00472318 9.9964E-005 9.9964E-005 0.00171915 0.975754 9.9964E-005
9.994E-005 9.994E-005 9.994E-005 9.994E-005 9.994E-005 9.994E-005 0.9993 9.994E-005
9.9955E-005 0.000746531 9.9955E-005 9.9955E-005 0.003844 9.9955E-005 0.99491 9.9955E-005
0.00287186 0.0154185 0.000918232 9.99867E-005 9.99867E-005 0.972945 0.00220564 0.0054411
0.0105676 0.266672 0.0131345 0.288844 0.250212 0.123831 0.0267355 0.0200029
9.9973E-005 0.00404614 0.00236542 9.9973E-005 9.9973E-005 0.000300442 0.0031295 0.989859
9.9955E-005 0.000879085 0.00135462 9.9955E-005 9.9955E-005 9.9955E-005 9.9955E-005 0.997267
9.9946E-005 0.00100377 9.9946E-005 9.9946E-005 9.9946E-005 9.9946E-005 9.9946E-005 0.998397
0.00120035 9.9964E-005 0.00332181 9.9964E-005 9.9964E-005 9.9964E-005 0.00564142 0.989437
9.9964E-005 9.9964E-005 0.00259185 9.9964E-005 0.00264661 9.9964E-005 0.000666875 0.993695
9.994E-005 9.994E-005 9.994E-005 9.994E-005 9.994E-005 9.994E-005 9.994E-005 0.9993
0.970886 9.9946E-005 9.9946E-005 9.9946E-005 9.9946E-005 9.9946E-005 0.0285139 9.9946E-005
9.994E-005 9.994E-005 9.994E-005 9.994E-005 9.994E-005 9.994E-005 9.994E-005 0.9993
9.9964E-005 0.00135165 9.9964E-005 9.9964E-005 0.000870952 0.000240322 0.997137 9.9964E-005
0.00490106 9.9964E-005 9.9964E-005 0.0109962 9.9964E-005 0.00409977 9.9964E-005 0.979603
9.9955E-005 9.9955E-005 0.000182333 9.9955E-005 9.9955E-005 9.9955E-005 0.00361313 0.995705
9.994E-005 9.994E-005 9.994E-005 9.994E-005 9.994E-005 9.994E-005 9.994E-005 0.9993
9.994E-005 9.994E-005 9.994E-005 9.994E-005 9.994E-005 9.994E-005 9.994E-005 0.9993
9.9982E-005 0.00432585 9.9982E-005 0.00614377 0.0147597 0.967056 0.00512654 0.00238839
9.994E-005 9.994E-005 9.994E-005 9.994E-005 9.994E-005 9.994E-005 9.994E-005 0.9993
9.9955E-005 9.9955E-005 9.9955E-005 9.9955E-005 0.000903919 9.9955E-005 0.995427 0.0031696
9.9973E-005 0.000347603 0.000266637 9.9973E-005 0.00489353 0.987446 0.00674651 9.9973E-005
9.994E-005 9.994E-005 9.994E-005 9.994E-005 0.9993 9.994E-005 9.994E-005 9.994E-005
9.994E-005 9.994E-005 9.994E-005 9.994E-005 9.994E-005 9.994E-005 9.994E-005 0.9993
9.994E-005 9.994E-005 0.9993 9.994E-005 9.994E-005 9.994E-005 9.994E-005 9.994E-005
9.9955E-005 9.9955E-005 0.993165 9.9955E-005 0.00304003 9.9955E-005 9.9955E-005 0.0032954
9.994E-005 9.994E-005 9.994E-005 9.994E-005 0.9993 9.994E-005 9.994E-005 9.994E-005
9.994E-005 9.994E-005 0.9993 9.994E-005 9.994E-005 9.994E-005 9.994E-005 9.994E-005
9.9964E-005 0.00184758 0.000327551 9.9964E-005 9.9964E-005 0.996781 9.9964E-005 0.000643847
9.9955E-005 0.00754005 9.9955E-005 9.9955E-005 0.0123251 0.979635 9.9955E-005 9.9955E-005
0.00102515 0.00122768 9.9973E-005 9.9973E-005 0.0606178 0.930396 0.0064338 9.9973E-005
9.9946E-005 0.00197824 9.9946E-005 9.9946E-005 9.9946E-005 0.997422 9.9946E-005 9.9946E-005
9.9955E-005 0.00233235 9.9955E-005 9.9955E-005 0.0338639 0.963304 9.9955E-005 9.9955E-005
0.0111949 0.000840037 0.000986711 9.9982E-005 0.0102237 0.975313 9.9982E-005 0.00124174
9.9946E-005 0.00316495 9.9946E-005 9.9946E-005 9.9946E-005 0.996235 9.9946E-005 9.9946E-005
9.994E-005 9.994E-005 9.994E-005 9.994E-005 0.9993 9.994E-005 9.994E-005 9.994E-005
9.994E-005 9.994E-005 9.994E-005 9.994E-005 0.9993 9.994E-005 9.994E-005 9.994E-005
9.994E-005 9.994E-005 9.994E-005 9.994E-005 9.994E-005 0.9993 9.994E-005 9.994E-005
0.0185444 9.9964E-005 0.0032589 9.9964E-005 9.9964E-005 0.00622508 0.971572 9.9964E-005
0.997658 9.9946E-005 9.9946E-005 9.9946E-005 9.9946E-005 9.9946E-005 0.00174276 9.9946E-005
0.9993 9.994E-005 9.994E-005 9.994E-005 9.994E-005 9.994E-005 9.994E-005 9.994E-005
0.731245 0.0400135 0.0161787 0.0201298 0.0759578 0.0668774 9.9991E-005 0.0494978
0.983935 9.9946E-005 9.9946E-005 9.9946E-005 9.9946E-005 9.9946E-005 0.0154657 9.9946E-005
9.9964E-005 9.9964E-005 0.00706038 9.9964E-005 0.00582276 9.9964E-005 0.978973 0.00774451
9.9955E-005 9.9955E-005 0.00254568 9.9955E-005 9.9955E-005 0.00505617 0.991898 9.9955E-005
9.994E-005 9.994E-005 9.994E-005 9.994E-005 9.994E-005 9.994E-005 0.9993 9.994E-005
0.974147 9.9946E-005 9.9946E-005 9.9946E-005 9.9946E-005 9.9946E-005 0.0252531 9.9946E-005
9.994E-005 9.994E-005 9.994E-005 9.994E-005 0.9993 9.994E-005 9.994E-005 9.994E-005
9.994E-005 9.994E-005 0.9993 9.994E-005 9.994E-005 9.994E-005 9.994E-005 9.994E-005
0.0254853 0.0455511 0.0414483 0.0546752 0.621064 0.0808141 0.0558602 0.075102
9.994E-005 9.994E-005 9.994E-005 9.994E-005 0.9993 9.994E-005 9.994E-005 9.994E-005
9.994E-005 9.994E-005 9.994E-005 9.994E-005 0.9993 9.994E-005 9.994E-005 9.994E-005
9.9946E-005 9.9946E-005 0.997281 9.9946E-005 9.9946E-005 0.00211976 9.9946E-005 9.9946E-005
9.994E-005 9.994E-005 9.994E-005 9.994E-005 9.994E-005 9.994E-005 9.994E-005 0.9993
9.9982E-005 0.030412 0.000341654 0.0331338 0.271615 0.660464 0.00383361 9.9982E-005
9.994E-005 9.994E-005 9.994E-005 9.994E-005 0.9993 9.994E-005 9.994E-005 9.994E-005
9.994E-005 9.994E-005 9.994E-005 9.994E-005 0.9993 9.994E-005 9.994E-005 9.994E-005
9.994E-005 9.994E-005 9.994E-005 9.994E-005 0.9993 9.994E-005 9.994E-005 9.994E-005
9.994E-005 9.994E-005 9.994E-005 9.994E-005 0.9993 9.994E-005 9.994E-005 9.994E-005
9.994E-005 9.994E-005 9.994E-005 9.994E-005 0.9993 9.994E-005 9.994E-005 9.994E-005
9.994E-005 9.994E-005 9.994E-005 9.994E-005 0.9993 9.994E-005 9.994E-005 9.994E-005
