0.0234317 0.00258405 0.0115578 0.0501899 9.9955E-005 0.902845 9.9955E-005 0.00136808 9.9955E-005 9.9955E-005 0.00752336 9.9955E-005
0.0226837 0.00626559 0.00308918 0.0365364 9.9955E-005 0.905143 9.9955E-005 0.00225019 9.9955E-005 9.9955E-005 0.0235319 9.9955E-005
0.01236 0.00996434 0.0529146 0.890245 9.9982E-005 0.00352069 0.00145675 9.9982E-005 0.00255513 0.00198446 0.0233782 0.0014205
0.0150023 0.00197106 0.0526623 0.897431 9.99604E-005 0.00496666 9.99604E-005 0.00283532 9.99604E-005 9.99604E-005 0.0246316 9.99604E-005
0.00432583 0.000199698 0.0307126 0.930996 9.9964E-005 9.9964E-005 0.00207096 0.00395542 9.9964E-005 9.9964E-005 0.0228002 0.00453959
9.991E-005 9.991E-005 9.991E-005 0.997848 9.991E-005 9.991E-005 9.991E-005 9.991E-005 9.991E-005 9.991E-005 0.00115331 9.991E-005
9.99101E-005 0.00213366 9.99101E-005 0.996867 9.99101E-005 9.99101E-005 9.99101E-005 9.99101E-005 9.99101E-005 9.99101E-005 9.99101E-005 9.99101E-005
9.99011E-005 9.99011E-005 9.99011E-005 0.998901 9.99011E-005 9.99011E-005 9.99011E-005 9.99011E-005 9.99011E-005 9.99011E-005 9.99011E-005 9.99011E-005
9.99101E-005 9.99101E-005 9.99101E-005 9.99101E-005 9.99101E-005 9.99101E-005 0.00607581 9.99101E-005 9.99101E-005 9.99101E-005 9.99101E-005 0.992925
9.99281E-005 9.99281E-005 9.99281E-005 9.99281E-005 9.99281E-005 0.000806829 0.0047714 9.99281E-005 9.99281E-005 9.99281E-005 0.990593 0.00302965
9.9937E-005 9.9937E-005 9.9937E-005 9.9937E-005 9.9937E-005 0.000257917 0.000990594 0.00533127 9.9937E-005 9.9937E-005 0.992373 0.000347845
0.00418616 0.0291784 9.9955E-005 9.9955E-005 0.100748 0.0147939 0.0509672 9.9955E-005 0.0192458 0.780381 9.9955E-005 9.9955E-005
9.99191E-005 9.99191E-005 9.99191E-005 9.99191E-005 9.99191E-005 9.99191E-005 0.00144798 9.99191E-005 9.99191E-005 9.99191E-005 0.995045 0.00260744
9.9937E-005 9.9937E-005 9.9937E-005 9.9937E-005 9.9937E-005 9.9937E-005 0.0012225 0.00100918 9.9937E-005 0.00269143 0.993644 0.000733638
9.9946E-005 9.9946E-005 9.9946E-005 9.9946E-005 9.9946E-005 0.00307356 0.00185293 0.00230524 9.9946E-005 0.00205273 0.989969 0.000146407
9.99101E-005 9.99101E-005 9.99101E-005 9.99101E-005 9.99101E-005 9.99101E-005 9.99101E-005 9.99101E-005 9.99101E-005 9.99101E-005 0.994381 0.00461974
0.00280661 0.0315312 9.9964E-005 9.9964E-005 0.0957703 0.0166794 0.0448314 9.9964E-005 0.0340255 0.772813 0.00114258 9.9964E-005
0.0001223 9.9955E-005 0.96656 0.0150388 9.9955E-005 0.010567 9.9955E-005 9.9955E-005 0.0012219 0.000390846 0.00559948 9.9955E-005
9.99011E-005 9.99011E-005 9.99011E-005 9.99011E-005 9.99011E-005 0.998901 9.99011E-005 9.99011E-005 9.99011E-005 9.99011E-005 9.99011E-005 9.99011E-005
9.99101E-005 9.99101E-005 9.99101E-005 9.99101E-005 9.99101E-005 0.996568 9.99101E-005 9.99101E-005 9.99101E-005 0.00243326 9.99101E-005 9.99101E-005
9.99011E-005 9.99011E-005 9.99011E-005 9.99011E-005 9.99011E-005 0.998901 9.99011E-005 9.99011E-005 9.99011E-005 9.99011E-005 9.99011E-005 9.99011E-005
9.9901E-005 9.9901E-005 9.9901E-005 9.9901E-005 9.9901E-005 0.998901 9.9901E-005 9.9901E-005 9.9901E-005 9.9901E-005 9.9901E-005 9.9901E-005
9.9919E-005 9.9919E-005 9.9919E-005 9.9919E-005 9.9919E-005 0.998073 0.000568079 9.9919E-005 9.9919E-005 9.9919E-005 9.9919E-005 0.000459212
9.99011E-005 9.99011E-005 9.99011E-005 9.99011E-005 9.99011E-005 0.998901 9.99011E-005 9.99011E-005 9.99011E-005 9.99011E-005 9.99011E-005 9.99011E-005
9.99011E-005 9.99011E-005 9.99011E-005 9.99011E-005 9.99011E-005 0.998901 9.99011E-005 9.99011E-005 9.99011E-005 9.99011E-005 9.99011E-005 9.99011E-005
9.99101E-005 9.99101E-005 9.99101E-005 9.99101E-005 9.99101E-005 0.998758 9.99101E-005 9.99101E-005 9.99101E-005 9.99101E-005 9.99101E-005 0.000242796
9.99011E-005 9.99011E-005 9.99011E-005 9.99011E-005 9.99011E-005 0.998901 9.99011E-005 9.99011E-005 9.99011E-005 9.99011E-005 9.99011E-005 9.99011E-005
9.9919E-005 9.9919E-005 9.9919E-005 9.9919E-005 0.000620655 0.994995 0.0034855 9.9919E-005 9.9919E-005 9.9919E-005 9.9919E-005 9.9919E-005
0.960718 0.00542265 9.9946E-005 0.00385136 9.9946E-005 0.0221763 9.9946E-005 9.9946E-005 9.9946E-005 0.000228319 0.00700369 9.9946E-005
0.977212 9.9928E-005 0.000850418 0.0183383 9.9928E-005 9.9928E-005 9.9928E-005 9.9928E-005 9.9928E-005 0.0028003 9.9928E-005 9.9928E-005
0.998901 9.9901E-005 9.9901E-005 9.9901E-005 9.9901E-005 9.9901E-005 9.9901E-005 9.9901E-005 9.9901E-005 9.9901E-005 9.9901E-005 9.9901E-005
0.998901 9.99011E-005 9.99011E-005 9.99011E-005 9.99011E-005 9.99011E-005 9.99011E-005 9.99011E-005 9.99011E-005 9.99011E-005 9.99011E-005 9.99011E-005
0.998901 9.99011E-005 9.99011E-005 9.99011E-005 9.99011E-005 9.99011E-005 9.99011E-005 9.99011E-005 9.99011E-005 9.99011E-005 9.99011E-005 9.99011E-005
9.99011E-005 9.99011E-005 0.998901 9.99011E-005 9.99011E-005 9.99011E-005 9.99011E-005 9.99011E-005 9.99011E-005 9.99011E-005 9.99011E-005 9.99011E-005
9.99011E-005 9.99011E-005 0.998901 9.99011E-005 9.99011E-005 9.99011E-005 9.99011E-005 9.99011E-005 9.99011E-005 9.99011E-005 9.99011E-005 9.99011E-005
9.99011E-005 9.99011E-005 0.998901 9.99011E-005 9.99011E-005 9.99011E-005 9.99011E-005 9.99011E-005 9.99011E-005 9.99011E-005 9.99011E-005 9.99011E-005
9.99011E-005 9.99011E-005 0.998901 9.99011E-005 9.99011E-005 9.99011E-005 9.99011E-005 9.99011E-005 9.99011E-005 9.99011E-005 9.99011E-005 9.99011E-005
9.99011E-005 9.99011E-005 9.99011E-005 9.99011E-005 9.99011E-005 9.99011E-005 9.99011E-005 9.99011E-005 9.99011E-005 0.998901 9.99011E-005 9.99011E-005
0.998901 9.99011E-005 9.99011E-005 9.99011E-005 9.99011E-005 9.99011E-005 9.99011E-005 9.99011E-005 9.99011E-005 9.99011E-005 9.99011E-005 9.99011E-005
0.991424 0.00757713 9.99101E-005 9.99101E-005 9.99101E-005 9.99101E-005 9.99101E-005 9.99101E-005 9.99101E-005 9.99101E-005 9.99101E-005 9.99101E-005
0.998901 9.99011E-005 9.99011E-005 9.99011E-005 9.99011E-005 9.99011E-005 9.99011E-005 9.99011E-005 9.99011E-005 9.99011E-005 9.99011E-005 9.99011E-005
0.998265 9.991E-005 9.991E-005 9.991E-005 0.000736239 9.991E-005 9.991E-005 9.991E-005 9.991E-005 9.991E-005 9.991E-005 9.991E-005
9.99101E-005 9.99101E-005 9.99101E-005 9.99101E-005 0.998634 9.99101E-005 0.000367032 9.99101E-005 9.99101E-005 9.99101E-005 9.99101E-005 9.99101E-005
9.9964E-005 9.9964E-005 0.000279342 9.9964E-005 0.906665 0.00266892 0.00198559 0.0122518 0.0362466 0.00836943 9.9964E-005 0.0311329
9.99101E-005 9.99101E-005 9.99101E-005 9.99101E-005 0.997892 0.00110862 9.99101E-005 9.99101E-005 9.99101E-005 9.99101E-005 9.99101E-005 9.99101E-005
9.9928E-005 9.9928E-005 9.9928E-005 0.000604213 0.986741 9.9928E-005 9.9928E-005 0.0108117 9.9928E-005 9.9928E-005 0.00104325 9.9928E-005
0.00065912 9.9973E-005 9.9973E-005 9.9973E-005 0.245651 0.00393647 0.00292694 0.00439957 0.00640045 0.00214963 0.000203354 0.733374
0.000333375 9.9946E-005 0.000456774 0.00178979 0.260467 9.9946E-005 9.9946E-005 9.9946E-005 0.0172719 9.9946E-005 9.9946E-005 0.719081
9.9937E-005 9.9937E-005 9.9937E-005 9.9937E-005 0.227723 9.9937E-005 0.00150693 9.9937E-005 0.0209958 0.0039452 9.9937E-005 0.74513
9.9937E-005 9.9937E-005 9.9937E-005 9.9937E-005 0.240302 9.9937E-005 9.9937E-005 0.00451926 0.00846065 0.00966898 9.9937E-005 0.736349
9.99371E-005 0.0050882 9.99371E-005 0.00721821 9.99371E-005 9.99371E-005 0.000527269 0.00232602 9.99371E-005 9.99371E-005 0.984141 9.99371E-005
0.00972953 9.9946E-005 0.0151769 0.00632763 9.9946E-005 0.0069608 9.9946E-005 9.9946E-005 0.0010702 9.9946E-005 0.960135 9.9946E-005
0.00184088 0.00162259 0.0207817 0.00897709 9.9937E-005 9.9937E-005 9.9937E-005 9.9937E-005 9.9937E-005 9.9937E-005 0.966078 9.9937E-005
0.000725306 9.9937E-005 0.00745588 0.00296246 9.9937E-005 9.9937E-005 0.000816664 9.9937E-005 9.9937E-005 9.9937E-005 0.98734 9.9937E-005
9.9937E-005 9.9937E-005 9.9937E-005 9.9937E-005 0.00347654 9.9937E-005 0.0062533 0.00264722 9.9937E-005 0.00156914 0.985354 9.9937E-005
0.00162777 9.99101E-005 9.99101E-005 9.99101E-005 9.99101E-005 9.99101E-005 9.99101E-005 9.99101E-005 9.99101E-005 9.99101E-005 0.997373 9.99101E-005
9.99011E-005 9.99011E-005 9.99011E-005 9.99011E-005 9.99011E-005 9.99011E-005 0.998901 9.99011E-005 9.99011E-005 9.99011E-005 9.99011E-005 9.99011E-005
9.99011E-005 9.99011E-005 9.99011E-005 9.99011E-005 9.99011E-005 9.99011E-005 9.99011E-005 9.99011E-005 9.99011E-005 9.99011E-005 9.99011E-005 0.998901
0.000120601 9.9937E-005 9.9937E-005 0.00253054 9.9937E-005 9.9937E-005 0.991949 0.00115176 0.00354814 9.9937E-005 9.9937E-005 9.9937E-005
9.99011E-005 9.99011E-005 9.99011E-005 9.99011E-005 9.99011E-005 9.99011E-005 9.99011E-005 9.99011E-005 9.99011E-005 9.99011E-005 9.99011E-005 0.998901
9.99011E-005 9.99011E-005 9.99011E-005 9.99011E-005 9.99011E-005 9.99011E-005 9.99011E-005 9.99011E-005 9.99011E-005 9.99011E-005 9.99011E-005 0.998901
0.0218212 9.9955E-005 0.0424862 0.910146 9.9955E-005 0.0103702 9.9955E-005 9.9955E-005 0.000915226 9.9955E-005 0.0127031 0.00105817
9.99011E-005 9.99011E-005 9.99011E-005 0.998901 9.99011E-005 9.99011E-005 9.99011E-005 9.99011E-005 9.99011E-005 9.99011E-005 9.99011E-005 9.99011E-005
9.991E-005 9.991E-005 0.00298502 0.996016 9.991E-005 9.991E-005 9.991E-005 9.991E-005 9.991E-005 9.991E-005 9.991E-005 9.991E-005
0.00463598 0.00176463 0.0187487 0.930542 9.9955E-005 9.9955E-005 0.00246336 0.00245009 9.9955E-005 9.9955E-005 0.0388952 9.9955E-005
0.0034431 0.00394318 0.0199896 0.939913 9.9973E-005 9.9973E-005 9.9973E-005 0.00514285 0.00044254 0.00168872 0.0240434 0.00109344
9.99101E-005 9.99101E-005 9.99101E-005 0.997952 0.001049 9.99101E-005 9.99101E-005 9.99101E-005 9.99101E-005 9.99101E-005 9.99101E-005 9.99101E-005
9.99011E-005 9.99011E-005 9.99011E-005 9.99011E-005 0.998901 9.99011E-005 9.99011E-005 9.99011E-005 9.99011E-005 9.99011E-005 9.99011E-005 9.99011E-005
0.00374491 9.9937E-005 9.9937E-005 9.9937E-005 0.950316 9.9937E-005 0.00758411 9.9937E-005 0.0370326 9.9937E-005 0.000623307 9.9937E-005
9.9901E-005 9.9901E-005 9.9901E-005 9.9901E-005 0.998901 9.9901E-005 9.9901E-005 9.9901E-005 9.9901E-005 9.9901E-005 9.9901E-005 9.9901E-005
9.99011E-005 9.99011E-005 9.99011E-005 9.99011E-005 0.998901 9.99011E-005 9.99011E-005 9.99011E-005 9.99011E-005 9.99011E-005 9.99011E-005 9.99011E-005
9.99011E-005 9.99011E-005 9.99011E-005 9.99011E-005 0.998901 9.99011E-005 9.99011E-005 9.99011E-005 9.99011E-005 9.99011E-005 9.99011E-005 9.99011E-005
9.9928E-005 9.9928E-005 0.000590968 9.9928E-005 0.920895 9.9928E-005 9.9928E-005 9.9928E-005 9.9928E-005 0.00402049 9.9928E-005 0.0736936
9.99191E-005 9.99191E-005 9.99191E-005 9.99191E-005 0.971996 9.99191E-005 9.99191E-005 9.99191E-005 0.0216687 0.00543586 9.99191E-005 9.99191E-005
9.9937E-005 9.9937E-005 9.9937E-005 9.9937E-005 0.87364 9.9937E-005 9.9937E-005 0.0116703 0.0439596 0.0142044 9.9937E-005 0.0558262
0.00199676 9.9946E-005 9.9946E-005 9.9946E-005 0.894775 9.9946E-005 0.00385663 9.9946E-005 0.0553673 0.00820977 9.9946E-005 0.035195
9.99011E-005 9.99011E-005 9.99011E-005 9.99011E-005 0.998901 9.99011E-005 9.99011E-005 9.99011E-005 9.99011E-005 9.99011E-005 9.99011E-005 9.99011E-005
9.99402E-005 9.99402E-005 9.99402E-005 9.99402E-005 0.922631 9.99402E-005 9.99402E-005 0.00464318 0.0477055 0.0143322 9.99402E-005 0.00998845
9.9937E-005 9.9937E-005 9.9937E-005 9.9937E-005 0.857465 9.9937E-005 9.9937E-005 0.0219421 0.0579446 0.0105597 9.9937E-005 0.0513892
0.0082065 9.9928E-005 9.9928E-005 9.9928E-005 0.958202 9.9928E-005 0.0098943 9.9928E-005 0.0228976 9.9928E-005 9.9928E-005 9.9928E-005
9.99291E-005 9.99291E-005 0.000857728 9.99291E-005 0.960694 9.99291E-005 0.00163555 9.99291E-005 0.0360129 9.99291E-005 9.99291E-005 9.99291E-005
0.00879589 0.00865854 0.0500029 0.899029 9.9964E-005 0.00677615 0.000341369 9.9964E-005 9.9964E-005 0.00254827 0.0234477 9.9964E-005
0.00910502 0.00208406 0.898405 0.0484116 9.9955E-005 0.0030893 9.9955E-005 0.00133447 9.9955E-005 9.9955E-005 0.0370709 9.9955E-005
9.9928E-005 9.9928E-005 0.993664 9.9928E-005 9.9928E-005 9.9928E-005 9.9928E-005 0.000341116 9.9928E-005 9.9928E-005 0.00202896 0.00316654
9.99101E-005 9.99101E-005 9.99101E-005 9.99101E-005 9.99101E-005 9.99101E-005 9.99101E-005 0.00485015 9.99101E-005 0.994151 9.99101E-005 9.99101E-005
9.99011E-005 9.99011E-005 9.99011E-005 9.99011E-005 9.99011E-005 9.99011E-005 9.99011E-005 9.99011E-005 9.99011E-005 0.998901 9.99011E-005 9.99011E-005
9.9937E-005 9.9937E-005 0.962389 0.0166777 9.9937E-005 9.9937E-005 0.000459729 9.9937E-005 9.9937E-005 9.9937E-005 0.0182808 0.00149346
0.0195 0.227007 0.351176 0.273516 9.9946E-005 0.0340926 9.9946E-005 9.9946E-005 9.9946E-005 9.9946E-005 0.0941095 9.9946E-005
9.9901E-005 0.998901 9.9901E-005 9.9901E-005 9.9901E-005 9.9901E-005 9.9901E-005 9.9901E-005 9.9901E-005 9.9901E-005 9.9901E-005 9.9901E-005
0.746274 9.9964E-005 0.0604899 0.0612653 0.00442703 0.0988021 0.0027706 9.9964E-005 9.9964E-005 9.9964E-005 0.0225417 0.00302906
0.735884 9.9964E-005 0.0670475 0.0657133 0.00240993 0.101427 9.9964E-005 9.9964E-005 0.000588169 9.9964E-005 0.0253354 0.00119526
9.99011E-005 9.99011E-005 9.99011E-005 9.99011E-005 9.99011E-005 9.99011E-005 9.99011E-005 9.99011E-005 9.99011E-005 0.998901 9.99011E-005 9.99011E-005
9.99011E-005 9.99011E-005 9.99011E-005 9.99011E-005 9.99011E-005 9.99011E-005 9.99011E-005 9.99011E-005 9.99011E-005 0.998901 9.99011E-005 9.99011E-005
0.746361 0.00168993 0.0612966 0.055558 0.00282524 0.103289 0.00517331 9.99677E-005 9.99677E-005 9.99677E-005 0.0234075 9.99677E-005
0.0188181 0.196029 0.363427 0.285106 9.9946E-005 0.030671 9.9946E-005 9.9946E-005 9.9946E-005 9.9946E-005 0.105349 9.9946E-005
9.99011E-005 9.99011E-005 9.99011E-005 9.99011E-005 9.99011E-005 9.99011E-005 9.99011E-005 9.99011E-005 9.99011E-005 0.998901 9.99011E-005 9.99011E-005
0.744192 0.00600812 0.0504963 0.0690989 0.00090578 0.104631 0.000406195 0.00487654 9.9973E-005 9.9973E-005 0.0190854 9.9973E-005
0.00947775 0.0168033 0.888684 0.0229058 9.9964E-005 0.00689775 0.00471058 9.9964E-005 0.00451786 9.9964E-005 0.0456034 9.9964E-005
0.00676281 9.9928E-005 0.96588 0.00878315 9.9928E-005 9.9928E-005 9.9928E-005 9.9928E-005 9.9928E-005 9.9928E-005 0.0177751 9.9928E-005
0.0431149 0.122054 0.374393 0.21306 9.9982E-005 0.0480611 0.0282566 9.9982E-005 0.00228696 0.00943862 0.124684 0.0344509
0.269825 0.0112891 0.174029 0.135043 9.9982E-005 0.284649 0.00856115 9.9982E-005 0.000513443 0.00195324 0.101858 0.0120794
0.002903 0.00674691 0.954855 0.0228203 0.00244035 9.9946E-005 9.9946E-005 9.9946E-005 9.9946E-005 9.9946E-005 0.00963501 9.9946E-005
0.00519215 0.01024 0.946852 0.00495053 9.9955E-005 0.00816666 9.9955E-005 9.9955E-005 9.9955E-005 0.000914485 0.0231839 9.9955E-005
0.00972265 0.00419444 0.959942 0.00338155 0.00111423 0.00296422 9.9973E-005 9.9973E-005 0.00136754 0.00195392 0.0150596 9.9973E-005
0.00348867 9.9937E-005 0.0029697 9.9937E-005 9.9937E-005 0.00214398 0.00193374 9.9937E-005 9.9937E-005 0.988764 9.9937E-005 9.9937E-005
0.0109392 0.00317409 0.947353 0.0246223 9.9937E-005 9.9937E-005 9.9937E-005 9.9937E-005 9.9937E-005 9.9937E-005 0.0132119 9.9937E-005
0.00131677 9.99191E-005 9.99191E-005 9.99191E-005 9.99191E-005 9.99191E-005 9.99191E-005 9.99191E-005 0.000630985 0.997153 9.99191E-005 9.99191E-005
9.99011E-005 9.99011E-005 0.998901 9.99011E-005 9.99011E-005 9.99011E-005 9.99011E-005 9.99011E-005 9.99011E-005 9.99011E-005 9.99011E-005 9.99011E-005
9.99101E-005 9.99101E-005 9.99101E-005 9.99101E-005 9.99101E-005 9.99101E-005 9.99101E-005 0.000326153 9.99101E-005 0.998675 9.99101E-005 9.99101E-005
0.998901 9.99011E-005 9.99011E-005 9.99011E-005 9.99011E-005 9.99011E-005 9.99011E-005 9.99011E-005 9.99011E-005 9.99011E-005 9.99011E-005 9.99011E-005
9.99011E-005 9.99011E-005 0.998901 9.99011E-005 9.99011E-005 9.99011E-005 9.99011E-005 9.99011E-005 9.99011E-005 9.99011E-005 9.99011E-005 9.99011E-005
0.943196 9.9937E-005 0.00651837 0.0133754 9.9937E-005 0.0252069 9.9937E-005 9.9937E-005 9.9937E-005 9.9937E-005 0.0110041 9.9937E-005
0.00500367 9.9928E-005 0.988584 9.9928E-005 9.9928E-005 9.9928E-005 9.9928E-005 9.9928E-005 9.9928E-005 9.9928E-005 0.00433193 0.00128071
0.000464765 9.9937E-005 0.991552 9.9937E-005 9.9937E-005 0.00159699 0.00251201 0.00317476 9.9937E-005 9.9937E-005 9.9937E-005 9.9937E-005
9.99011E-005 9.99011E-005 0.998901 9.99011E-005 9.99011E-005 9.99011E-005 9.99011E-005 9.99011E-005 9.99011E-005 9.99011E-005 9.99011E-005 9.99011E-005
9.99011E-005 9.99011E-005 0.998901 9.99011E-005 9.99011E-005 9.99011E-005 9.99011E-005 9.99011E-005 9.99011E-005 9.99011E-005 9.99011E-005 9.99011E-005
9.99011E-005 9.99011E-005 9.99011E-005 9.99011E-005 9.99011E-005 9.99011E-005 9.99011E-005 9.99011E-005 9.99011E-005 0.998901 9.99011E-005 9.99011E-005
9.9919E-005 9.9919E-005 9.9919E-005 0.97695 9.9919E-005 0.00770231 9.9919E-005 9.9919E-005 9.9919E-005 9.9919E-005 0.0144482 9.9919E-005
9.9919E-005 9.9919E-005 9.9919E-005 0.971925 9.9919E-005 0.0158058 9.9919E-005 9.9919E-005 9.9919E-005 9.9919E-005 0.0113701 9.9919E-005
0.00672137 0.00308671 0.0393981 0.924114 9.9955E-005 0.011947 0.00206077 9.9955E-005 9.9955E-005 9.9955E-005 0.0121722 9.9955E-005
9.99191E-005 9.99191E-005 9.99191E-005 9.99191E-005 9.99191E-005 0.00589579 9.99191E-005 9.99191E-005 9.99191E-005 0.000553879 0.992651 9.99191E-005
9.9946E-005 0.00373997 9.9946E-005 9.9946E-005 9.9946E-005 9.9946E-005 0.000309541 0.0197972 0.000454006 0.97211 0.00298945 9.9946E-005
0.00217168 9.9928E-005 0.0209766 0.010753 9.9928E-005 9.9928E-005 9.9928E-005 9.9928E-005 9.9928E-005 9.9928E-005 0.965299 9.9928E-005
0.00098885 9.99191E-005 9.99191E-005 9.99191E-005 9.99191E-005 9.99191E-005 9.99191E-005 9.99191E-005 9.99191E-005 0.00015197 0.99796 9.99191E-005
9.9946E-005 0.00691422 0.0231981 0.0184352 9.9946E-005 0.00414573 9.9946E-005 9.9946E-005 0.00139592 9.9946E-005 0.945311 9.9946E-005
9.99011E-005 9.99011E-005 9.99011E-005 9.99011E-005 9.99011E-005 9.99011E-005 9.99011E-005 9.99011E-005 9.99011E-005 9.99011E-005 0.998901 9.99011E-005
0.000795863 9.99191E-005 0.00917596 9.99191E-005 9.99191E-005 9.99191E-005 9.99191E-005 9.99191E-005 9.99191E-005 9.99191E-005 0.989129 9.99191E-005
0.998901 9.99011E-005 9.99011E-005 9.99011E-005 9.99011E-005 9.99011E-005 9.99011E-005 9.99011E-005 9.99011E-005 9.99011E-005 9.99011E-005 9.99011E-005
0.998901 9.9901E-005 9.9901E-005 9.9901E-005 9.9901E-005 9.9901E-005 9.9901E-005 9.9901E-005 9.9901E-005 9.9901E-005 9.9901E-005 9.9901E-005
0.998901 9.99011E-005 9.99011E-005 9.99011E-005 9.99011E-005 9.99011E-005 9.99011E-005 9.99011E-005 9.99011E-005 9.99011E-005 9.99011E-005 9.99011E-005
0.991998 9.99191E-005 9.99191E-005 9.99191E-005 9.99191E-005 9.99191E-005 0.000736669 0.00636567 9.99191E-005 9.99191E-005 9.99191E-005 9.99191E-005
0.0144414 0.0015868 9.9937E-005 9.9937E-005 9.9937E-005 9.9937E-005 9.9937E-005 0.00609134 9.9937E-005 0.0278846 0.949296 9.9937E-005
0.97796 9.9928E-005 0.00344987 0.0128402 9.9928E-005 9.9928E-005 9.9928E-005 9.9928E-005 9.9928E-005 9.9928E-005 0.00495044 9.9928E-005
9.99011E-005 9.99011E-005 9.99011E-005 9.99011E-005 9.99011E-005 9.99011E-005 9.99011E-005 9.99011E-005 9.99011E-005 9.99011E-005 0.998901 9.99011E-005
9.99299E-005 0.000531691 0.0157793 0.0160476 9.99299E-005 9.99299E-005 9.99299E-005 9.99299E-005 9.99299E-005 9.99299E-005 0.966842 9.99299E-005
9.9919E-005 9.9919E-005 0.0177477 0.0035015 9.9919E-005 9.9919E-005 9.9919E-005 9.9919E-005 9.9919E-005 9.9919E-005 0.977852 9.9919E-005
9.99101E-005 9.99101E-005 9.99101E-005 0.0152588 9.99101E-005 9.99101E-005 9.99101E-005 9.99101E-005 9.99101E-005 9.99101E-005 0.983742 9.99101E-005
9.99101E-005 9.99101E-005 9.99101E-005 0.0261909 9.99101E-005 9.99101E-005 9.99101E-005 9.99101E-005 9.99101E-005 9.99101E-005 0.97281 9.99101E-005
0.00809641 9.9946E-005 9.9946E-005 0.00814208 9.9946E-005 0.00635148 0.00088103 0.00632751 9.9946E-005 9.9946E-005 0.969602 9.9946E-005
0.00285147 9.9955E-005 0.0108501 0.00742853 9.9955E-005 0.00403773 0.00153132 9.9955E-005 9.9955E-005 9.9955E-005 0.972701 9.9955E-005
9.9928E-005 0.00829638 0.0123719 0.014281 9.9928E-005 9.9928E-005 9.9928E-005 9.9928E-005 9.9928E-005 9.9928E-005 0.964251 9.9928E-005
0.00507683 0.00408676 0.00889788 0.0198239 9.9973E-005 0.0129578 0.00235623 0.0013738 0.000774356 9.9973E-005 0.944352 9.9973E-005
0.0100189 9.9964E-005 0.00432138 0.013515 9.9964E-005 0.00110349 0.000975882 0.00178239 9.9964E-005 0.00230807 0.965575 9.9964E-005
9.9928E-005 9.9928E-005 9.9928E-005 9.9928E-005 9.9928E-005 0.00940195 0.00257011 0.003448 9.9928E-005 9.9928E-005 0.983781 9.9928E-005
0.000653089 0.00146559 9.9937E-005 9.9937E-005 9.9937E-005 0.0129428 0.00053648 9.9937E-005 9.9937E-005 9.9937E-005 0.983703 9.9937E-005
0.00827288 9.9937E-005 0.0152466 0.0142556 9.9937E-005 0.0015058 9.9937E-005 9.9937E-005 9.9937E-005 9.9937E-005 0.96002 9.9937E-005
9.99514E-005 0.00852291 9.99514E-005 0.0336389 9.99514E-005 0.00271134 9.99514E-005 0.00523985 9.99514E-005 9.99514E-005 0.949113 0.000174246
9.9937E-005 0.00139478 0.0209698 0.014774 9.9937E-005 0.00560208 9.9937E-005 9.9937E-005 9.9937E-005 9.9937E-005 0.95656 9.9937E-005
0.0142298 0.00744671 0.00938937 0.00494807 9.9973E-005 9.9973E-005 0.0086643 0.00900055 9.9973E-005 0.00441032 0.937648 0.00396308
9.9937E-005 9.9937E-005 9.9937E-005 9.9937E-005 0.269868 9.9937E-005 9.9937E-005 0.0128195 0.0186999 0.0106996 9.9937E-005 0.687214
9.9928E-005 9.9928E-005 9.9928E-005 9.9928E-005 0.206405 9.9928E-005 9.9928E-005 0.00433111 0.0288886 9.9928E-005 9.9928E-005 0.759575
9.9928E-005 9.9928E-005 9.9928E-005 9.9928E-005 0.208323 9.9928E-005 9.9928E-005 9.9928E-005 0.00545548 9.9928E-005 0.00290649 0.782515
0.00973034 0.0200254 0.00436159 0.00858029 0.00321951 0.000605218 0.00552177 9.9964E-005 9.9964E-005 9.9964E-005 0.947556 9.9964E-005
0.254382 0.00136581 0.123756 0.128641 0.0103214 0.291486 0.0187135 0.0378939 9.9991E-005 0.00835106 0.118208 0.0067815
9.9937E-005 9.9937E-005 9.9937E-005 9.9937E-005 0.00174839 0.000664572 0.995148 9.9937E-005 0.00119951 0.000540085 9.9937E-005 9.9937E-005
0.00543383 9.9928E-005 9.9928E-005 9.9928E-005 9.9928E-005 9.9928E-005 0.991565 9.9928E-005 9.9928E-005 0.00171718 9.9928E-005 0.000484081
9.99101E-005 9.99101E-005 9.99101E-005 9.99101E-005 9.99101E-005 9.99101E-005 0.9987 0.000301057 9.99101E-005 9.99101E-005 9.99101E-005 9.99101E-005
9.99281E-005 9.99281E-005 9.99281E-005 9.99281E-005 0.00541211 0.00108055 0.989602 9.99281E-005 9.99281E-005 0.00310549 9.99281E-005 9.99281E-005
9.99191E-005 9.99191E-005 0.000169584 9.99191E-005 9.99191E-005 9.99191E-005 0.997191 9.99191E-005 9.99191E-005 9.99191E-005 0.00174053 9.99191E-005
9.99011E-005 9.99011E-005 9.99011E-005 9.99011E-005 9.99011E-005 9.99011E-005 0.998901 9.99011E-005 9.99011E-005 9.99011E-005 9.99011E-005 9.99011E-005
9.99101E-005 9.99101E-005 9.99101E-005 9.99101E-005 0.00530462 9.99101E-005 9.99101E-005 9.99101E-005 0.993696 9.99101E-005 9.99101E-005 9.99101E-005
9.99011E-005 9.99011E-005 9.99011E-005 9.99011E-005 9.99011E-005 9.99011E-005 0.998901 9.99011E-005 9.99011E-005 9.99011E-005 9.99011E-005 9.99011E-005
9.99011E-005 9.99011E-005 9.99011E-005 9.99011E-005 9.99011E-005 9.99011E-005 9.99011E-005 9.99011E-005 9.99011E-005 9.99011E-005 9.99011E-005 0.998901
0.00111147 9.99281E-005 9.99281E-005 9.99281E-005 9.99281E-005 9.99281E-005 0.973075 0.0152594 9.99281E-005 9.99281E-005 0.00975448 9.99281E-005
9.9937E-005 9.9937E-005 0.00123934 9.9937E-005 9.9937E-005 9.9937E-005 0.991952 9.9937E-005 0.00043671 0.00284825 9.9937E-005 0.00282415
9.99011E-005 9.99011E-005 9.99011E-005 9.99011E-005 9.99011E-005 9.99011E-005 0.998901 9.99011E-005 9.99011E-005 9.99011E-005 9.99011E-005 9.99011E-005
9.99101E-005 9.99101E-005 0.00159303 9.99101E-005 9.99101E-005 9.99101E-005 0.997408 9.99101E-005 9.99101E-005 9.99101E-005 9.99101E-005 9.99101E-005
0.00646127 0.012368 0.00569541 0.0120718 9.9955E-005 0.00364264 9.9955E-005 9.9955E-005 0.0011127 9.9955E-005 0.958148 9.9955E-005
9.99011E-005 9.99011E-005 9.99011E-005 9.99011E-005 9.99011E-005 9.99011E-005 0.998901 9.99011E-005 9.99011E-005 9.99011E-005 9.99011E-005 9.99011E-005
9.99101E-005 9.99101E-005 9.99101E-005 9.99101E-005 9.99101E-005 9.99101E-005 0.00100283 9.99101E-005 9.99101E-005 9.99101E-005 9.99101E-005 0.997998
0.00160752 0.00402594 0.00135233 9.9955E-005 0.00389813 9.9955E-005 9.9955E-005 0.00174421 9.9955E-005 0.0011384 0.985734 9.9955E-005
0.00271738 9.9937E-005 0.0157843 0.960738 9.9937E-005 0.00978023 9.9937E-005 9.9937E-005 9.9937E-005 9.9937E-005 0.0102808 9.9937E-005
9.99079E-005 9.99079E-005 9.99079E-005 9.99079E-005 9.99079E-005 9.99079E-005 0.998901 9.99079E-005 9.99079E-005 9.99079E-005 9.99079E-005 9.99079E-005
9.99011E-005 9.99011E-005 9.99011E-005 9.99011E-005 9.99011E-005 9.99011E-005 9.99011E-005 9.99011E-005 9.99011E-005 0.998901 9.99011E-005 9.99011E-005
9.9919E-005 9.9919E-005 9.9919E-005 0.00267926 9.9919E-005 9.9919E-005 0.00192142 9.9919E-005 9.9919E-005 0.9945 9.9919E-005 9.9919E-005
9.991E-005 9.991E-005 0.00321987 0.995781 9.991E-005 9.991E-005 9.991E-005 9.991E-005 9.991E-005 9.991E-005 9.991E-005 9.991E-005
9.99011E-005 9.99011E-005 9.99011E-005 9.99011E-005 9.99011E-005 9.99011E-005 9.99011E-005 9.99011E-005 9.99011E-005 0.998901 9.99011E-005 9.99011E-005
9.99101E-005 9.99101E-005 0.000609271 9.99101E-005 9.99101E-005 9.99101E-005 9.99101E-005 9.99101E-005 9.99101E-005 9.99101E-005 0.998392 9.99101E-005
9.9937E-005 0.00124775 0.00502586 0.00848923 9.9937E-005 9.9937E-005 9.9937E-005 0.000625711 9.9937E-005 9.9937E-005 0.983912 9.9937E-005
0.00385233 0.00142414 0.0361258 0.0186476 0.00427377 9.995E-005 9.995E-005 9.995E-005 9.995E-005 0.000184831 0.934992 9.995E-005
0.000554565 9.99191E-005 0.00182078 9.99191E-005 9.99191E-005 9.99191E-005 9.99191E-005 9.99191E-005 9.99191E-005 9.99191E-005 0.996725 9.99191E-005
9.99191E-005 9.99191E-005 0.00742665 0.0264052 9.99191E-005 9.99191E-005 9.99191E-005 9.99191E-005 9.99191E-005 9.99191E-005 0.965269 9.99191E-005
0.000509229 0.00194824 0.00852779 0.0143503 9.9973E-005 0.00414818 0.00202542 0.00304923 0.00359515 9.9973E-005 0.961547 9.9973E-005
0.00717753 9.99191E-005 9.99191E-005 9.99191E-005 0.000333569 9.99191E-005 9.99191E-005 9.99191E-005 9.99191E-005 9.99191E-005 0.99159 9.99191E-005
9.99101E-005 0.00296001 9.99101E-005 0.996041 9.99101E-005 9.99101E-005 9.99101E-005 9.99101E-005 9.99101E-005 9.99101E-005 9.99101E-005 9.99101E-005
9.99191E-005 9.99191E-005 9.99191E-005 0.995669 9.99191E-005 9.99191E-005 9.99191E-005 0.00174311 9.99191E-005 9.99191E-005 0.00168895 9.99191E-005
9.99191E-005 9.99191E-005 9.99191E-005 0.00241283 9.99191E-005 9.99191E-005 9.99191E-005 0.0023115 9.99191E-005 9.99191E-005 0.994376 9.99191E-005
9.9937E-005 9.9937E-005 9.9937E-005 9.9937E-005 0.241035 9.9937E-005 9.9937E-005 0.0239659 0.0176003 0.00842571 9.9937E-005 0.708274
9.99101E-005 9.99101E-005 9.99101E-005 9.99101E-005 9.99101E-005 9.99101E-005 0.00135817 9.99101E-005 0.997643 9.99101E-005 9.99101E-005 9.99101E-005
0.00141427 9.99191E-005 9.99191E-005 9.99191E-005 9.99191E-005 9.99191E-005 9.99191E-005 0.025856 0.97183 9.99191E-005 9.99191E-005 9.99191E-005
9.99011E-005 9.99011E-005 9.99011E-005 9.99011E-005 9.99011E-005 9.99011E-005 9.99011E-005 0.998901 9.99011E-005 9.99011E-005 9.99011E-005 9.99011E-005
9.99101E-005 9.99101E-005 9.99101E-005 9.99101E-005 9.99101E-005 9.99101E-005 9.99101E-005 9.99101E-005 0.977397 9.99101E-005 9.99101E-005 0.0216038
9.9937E-005 9.9937E-005 0.00626404 9.9937E-005 9.9937E-005 9.9937E-005 0.00220302 0.0189614 9.9937E-005 0.00858942 9.9937E-005 0.963283
9.99101E-005 9.99101E-005 9.99101E-005 9.99101E-005 9.99101E-005 9.99101E-005 9.99101E-005 0.0124697 9.99101E-005 9.99101E-005 9.99101E-005 0.986531
9.99011E-005 9.99011E-005 9.99011E-005 9.99011E-005 9.99011E-005 9.99011E-005 9.99011E-005 9.99011E-005 9.99011E-005 9.99011E-005 9.99011E-005 0.998901
9.9919E-005 9.9919E-005 9.9919E-005 9.9919E-005 0.00904136 9.9919E-005 0.00119936 9.9919E-005 0.98886 9.9919E-005 9.9919E-005 9.9919E-005
9.99011E-005 9.99011E-005 9.99011E-005 0.998901 9.99011E-005 9.99011E-005 9.99011E-005 9.99011E-005 9.99011E-005 9.99011E-005 9.99011E-005 9.99011E-005
9.99011E-005 9.99011E-005 9.99011E-005 9.99011E-005 9.99011E-005 9.99011E-005 9.99011E-005 9.99011E-005 9.99011E-005 0.998901 9.99011E-005 9.99011E-005
0.0483428 0.0507773 0.00790884 0.533991 0.0598693 0.0408819 0.0727455 0.00513718 0.0111002 0.0414991 0.127647 9.9991E-005
0.00589558 9.9928E-005 9.9928E-005 0.981068 9.9928E-005 9.9928E-005 9.9928E-005 0.002403 9.9928E-005 9.9928E-005 0.00983428 9.9928E-005
0.00107566 0.000203571 9.9937E-005 0.984864 9.9937E-005 9.9937E-005 9.9937E-005 9.9937E-005 9.9937E-005 9.9937E-005 0.0116562 0.00150073
9.99191E-005 9.99191E-005 9.99191E-005 0.000351544 9.99191E-005 9.99191E-005 9.99191E-005 0.01001 9.99191E-005 0.988739 9.99191E-005 9.99191E-005
9.99191E-005 0.000437435 9.99191E-005 9.99191E-005 9.99191E-005 9.99191E-005 0.994985 0.00367841 9.99191E-005 9.99191E-005 9.99191E-005 9.99191E-005
0.0279782 0.0168052 0.145461 0.139534 0.000589494 0.0339067 9.9955E-005 9.9955E-005 9.9955E-005 9.9955E-005 0.635225 9.9955E-005
9.99011E-005 9.99011E-005 9.99011E-005 0.998901 9.99011E-005 9.99011E-005 9.99011E-005 9.99011E-005 9.99011E-005 9.99011E-005 9.99011E-005 9.99011E-005
9.99011E-005 9.99011E-005 9.99011E-005 0.998901 9.99011E-005 9.99011E-005 9.99011E-005 9.99011E-005 9.99011E-005 9.99011E-005 9.99011E-005 9.99011E-005
9.99011E-005 9.99011E-005 9.99011E-005 0.998901 9.99011E-005 9.99011E-005 9.99011E-005 9.99011E-005 9.99011E-005 9.99011E-005 9.99011E-005 9.99011E-005
9.99101E-005 9.99101E-005 9.99101E-005 0.995661 9.99101E-005 9.99101E-005 9.99101E-005 0.00333991 9.99101E-005 9.99101E-005 9.99101E-005 9.99101E-005
9.99011E-005 9.99011E-005 9.99011E-005 0.998901 9.99011E-005 9.99011E-005 9.99011E-005 9.99011E-005 9.99011E-005 9.99011E-005 9.99011E-005 9.99011E-005
9.99011E-005 9.99011E-005 9.99011E-005 0.998901 9.99011E-005 9.99011E-005 9.99011E-005 9.99011E-005 9.99011E-005 9.99011E-005 9.99011E-005 9.99011E-005
